start date: 	2023-08-11
start time: 	17.11.58
stop date: 	2023-08-11
stop time: 	17.33.07
com rel. humid (%):	33.6
com temp (°C):	29.05
cn temp (°C):	31.00
nv temp (°C):	35.22
bvd averages: 	     20
remarks: 	CCC probe connected to GaAs probe, GaAs 8 V+=Yel, V-=Wht, I+=Wht, I-=Blk, B = 11.56 T (84.4 A), Psample = 3.0 - 4.0e-3 mbar, using 4G power supply
R1 Info: 	NIST-QHRGaAs13k-8
R2 Info: 	1206
data filepath: 	M:\MagniconData\CCCViewerData\cccviewer_measure\2023-08-11_CCC\230811_007_1711.txt
config filepath: 	M:\MagniconData\CCCViewerData\cccviewer_measure\2023-08-11_CCC\230811_007_1711_cccdrive.cfg
time base (Hz): 	60
integration time (time base multiples):	60
number of samples per half cycle: 	30
ignored first samples: 	14
ignored last samples: 	0
amplifier gain: 	1000000
delta N1/NA (mTurns): 	26.603411417
delta (I2*R2) (V): 	1.000030519
N1 (Turns):	2065
N2 (Turns):	16
NA (Turns):	1
R1 (Ohm): 	12906.404000
R2 (Ohm): 	100.000000

data(V)	phase	error
+2.261400E-07	1	0	
+2.195880E-07	1	0	
+2.178120E-07	1	0	
+2.049060E-07	1	0	
+2.127960E-07	1	0	
+2.072940E-07	1	0	
+2.211720E-07	1	0	
+2.220420E-07	1	0	
+2.166540E-07	1	0	
+2.156880E-07	1	0	
+1.982220E-07	1	0	
+2.183520E-07	1	0	
+2.065260E-07	1	0	
+2.077500E-07	1	0	
+2.081040E-07	1	0	
+2.132460E-07	1	0	
+2.167920E-07	1	0	
+2.043060E-07	1	0	
+2.147280E-07	1	0	
+2.102520E-07	1	0	
+2.095080E-07	1	0	
+2.123460E-07	1	0	
+2.086140E-07	1	0	
+2.185980E-07	1	0	
+2.168880E-07	1	0	
+2.050680E-07	1	0	
+2.133600E-07	1	0	
+2.163780E-07	1	0	
-1.148988E-06	4	0	
-1.766838E-06	4	0	
-4.375560E-07	4	0	
+1.964460E-07	2	0	
+2.066100E-07	2	0	
+2.034600E-07	2	0	
+2.082180E-07	2	0	
+2.136540E-07	2	0	
+2.094540E-07	2	0	
+2.226000E-07	2	0	
+2.104320E-07	2	0	
+2.068800E-07	2	0	
+2.060820E-07	2	0	
+2.049660E-07	2	0	
+2.119200E-07	2	0	
+2.186340E-07	2	0	
+2.082540E-07	2	0	
+2.129760E-07	2	0	
+2.149260E-07	2	0	
+2.072460E-07	2	0	
+2.187900E-07	2	0	
+2.137680E-07	2	0	
+2.179080E-07	2	0	
+2.053620E-07	2	0	
+2.223840E-07	2	0	
+2.129280E-07	2	0	
+2.068440E-07	2	0	
+2.088840E-07	2	0	
+1.978380E-07	2	0	
+2.128440E-07	2	0	
+1.579794E-06	3	0	
+2.210454E-06	3	0	
+8.776620E-07	3	0	
+2.211240E-07	1	0	
+2.195280E-07	1	0	
+2.244240E-07	1	0	
+2.190960E-07	1	0	
+2.135100E-07	1	0	
+2.154000E-07	1	0	
+2.126100E-07	1	0	
+2.016540E-07	1	0	
+2.074980E-07	1	0	
+2.045400E-07	1	0	
+2.051580E-07	1	0	
+2.081880E-07	1	0	
+2.185200E-07	1	0	
+2.191380E-07	1	0	
+2.275560E-07	1	0	
+2.051400E-07	1	0	
+2.088780E-07	1	0	
+2.140440E-07	1	0	
+2.167860E-07	1	0	
+2.174640E-07	1	0	
+2.222880E-07	1	0	
+2.106420E-07	1	0	
+2.106360E-07	1	0	
+2.141460E-07	1	0	
+2.187360E-07	1	0	
+2.125320E-07	1	0	
+2.093760E-07	1	0	
-1.144284E-06	4	0	
-1.758084E-06	4	0	
-4.415220E-07	4	0	
+2.247540E-07	2	0	
+2.170680E-07	2	0	
+2.279280E-07	2	0	
+2.255520E-07	2	0	
+2.258640E-07	2	0	
+2.215260E-07	2	0	
+2.168580E-07	2	0	
+2.160000E-07	2	0	
+2.138640E-07	2	0	
+2.213880E-07	2	0	
+2.340060E-07	2	0	
+2.307000E-07	2	0	
+2.250300E-07	2	0	
+2.219640E-07	2	0	
+2.219160E-07	2	0	
+2.188500E-07	2	0	
+2.257560E-07	2	0	
+2.189340E-07	2	0	
+2.164260E-07	2	0	
+2.356140E-07	2	0	
+2.319180E-07	2	0	
+2.228700E-07	2	0	
+2.194200E-07	2	0	
+2.280180E-07	2	0	
+2.200080E-07	2	0	
+2.160540E-07	2	0	
+2.189040E-07	2	0	
+1.588854E-06	3	0	
+2.220318E-06	3	0	
+8.912040E-07	3	0	
+2.290080E-07	1	0	
+2.356920E-07	1	0	
+2.231820E-07	1	0	
+2.231400E-07	1	0	
+2.325600E-07	1	0	
+2.304780E-07	1	0	
+2.364180E-07	1	0	
+2.265180E-07	1	0	
+2.206020E-07	1	0	
+2.224680E-07	1	0	
+2.283120E-07	1	0	
+2.290140E-07	1	0	
+2.325540E-07	1	0	
+2.280180E-07	1	0	
+2.190720E-07	1	0	
+2.313360E-07	1	0	
+2.302020E-07	1	0	
+2.276880E-07	1	0	
+2.210880E-07	1	0	
+2.247480E-07	1	0	
+2.271960E-07	1	0	
+2.293560E-07	1	0	
+2.284140E-07	1	0	
+2.279400E-07	1	0	
+2.160600E-07	1	0	
+2.207100E-07	1	0	
+2.272620E-07	1	0	
-1.127352E-06	4	0	
-1.746888E-06	4	0	
-4.395840E-07	4	0	
+2.305920E-07	2	0	
+2.270220E-07	2	0	
+2.292120E-07	2	0	
+2.258880E-07	2	0	
+2.250240E-07	2	0	
+2.235480E-07	2	0	
+2.289960E-07	2	0	
+2.230020E-07	2	0	
+2.268780E-07	2	0	
+2.286840E-07	2	0	
+2.274000E-07	2	0	
+2.214960E-07	2	0	
+2.322000E-07	2	0	
+2.374740E-07	2	0	
+2.178420E-07	2	0	
+2.314680E-07	2	0	
+2.222460E-07	2	0	
+2.208480E-07	2	0	
+2.221500E-07	2	0	
+2.291280E-07	2	0	
+2.274180E-07	2	0	
+2.356800E-07	2	0	
+2.239800E-07	2	0	
+2.287380E-07	2	0	
+2.253540E-07	2	0	
+2.268720E-07	2	0	
+2.232360E-07	2	0	
+1.598820E-06	3	0	
+2.230080E-06	3	0	
+8.887020E-07	3	0	
+2.306040E-07	1	0	
+2.233080E-07	1	0	
+2.267460E-07	1	0	
+2.217180E-07	1	0	
+2.304180E-07	1	0	
+2.236920E-07	1	0	
+2.287380E-07	1	0	
+2.279580E-07	1	0	
+2.223480E-07	1	0	
+2.277120E-07	1	0	
+2.256720E-07	1	0	
+2.211960E-07	1	0	
+2.227080E-07	1	0	
+2.281020E-07	1	0	
+2.217180E-07	1	0	
+2.295600E-07	1	0	
+2.205120E-07	1	0	
+2.203440E-07	1	0	
+2.150580E-07	1	0	
+2.251440E-07	1	0	
+2.281740E-07	1	0	
+2.283780E-07	1	0	
+2.214780E-07	1	0	
+2.247120E-07	1	0	
+2.172900E-07	1	0	
+2.156280E-07	1	0	
+2.147820E-07	1	0	
-1.139784E-06	4	0	
-1.757328E-06	4	0	
-4.391280E-07	4	0	
+2.118300E-07	2	0	
+2.218500E-07	2	0	
+2.267820E-07	2	0	
+2.194980E-07	2	0	
+2.303100E-07	2	0	
+2.285040E-07	2	0	
+2.360280E-07	2	0	
+2.260620E-07	2	0	
+2.254260E-07	2	0	
+2.253240E-07	2	0	
+2.215020E-07	2	0	
+2.330100E-07	2	0	
+2.307960E-07	2	0	
+2.284860E-07	2	0	
+2.155500E-07	2	0	
+2.307720E-07	2	0	
+2.385660E-07	2	0	
+2.351220E-07	2	0	
+2.292480E-07	2	0	
+2.316120E-07	2	0	
+2.285940E-07	2	0	
+2.264580E-07	2	0	
+2.322480E-07	2	0	
+2.290020E-07	2	0	
+2.292000E-07	2	0	
+2.215080E-07	2	0	
+2.306400E-07	2	0	
+1.582656E-06	3	0	
+2.231148E-06	3	0	
+8.977620E-07	3	0	
+2.440020E-07	1	0	
+2.410980E-07	1	0	
+2.494440E-07	1	0	
+2.389440E-07	1	0	
+2.368920E-07	1	0	
+2.424420E-07	1	0	
+2.407320E-07	1	0	
+2.346480E-07	1	0	
+2.341200E-07	1	0	
+2.391540E-07	1	0	
+2.331360E-07	1	0	
+2.368980E-07	1	0	
+2.365980E-07	1	0	
+2.256240E-07	1	0	
+2.287260E-07	1	0	
+2.323980E-07	1	0	
+2.286240E-07	1	0	
+2.276580E-07	1	0	
+2.300520E-07	1	0	
+2.411760E-07	1	0	
+2.373480E-07	1	0	
+2.315940E-07	1	0	
+2.304720E-07	1	0	
+2.370840E-07	1	0	
+2.359140E-07	1	0	
+2.338620E-07	1	0	
+2.299620E-07	1	0	
-1.124904E-06	4	0	
-1.751046E-06	4	0	
-4.373160E-07	4	0	
+2.294760E-07	2	0	
+2.261640E-07	2	0	
+2.378280E-07	2	0	
+2.376120E-07	2	0	
+2.443800E-07	2	0	
+2.423220E-07	2	0	
+2.334960E-07	2	0	
+2.254440E-07	2	0	
+2.344740E-07	2	0	
+2.430780E-07	2	0	
+2.346240E-07	2	0	
+2.371680E-07	2	0	
+2.230080E-07	2	0	
+2.298540E-07	2	0	
+2.438700E-07	2	0	
+2.260200E-07	2	0	
+2.301300E-07	2	0	
+2.282640E-07	2	0	
+2.262360E-07	2	0	
+2.187540E-07	2	0	
+2.273520E-07	2	0	
+2.377860E-07	2	0	
+2.482860E-07	2	0	
+2.316780E-07	2	0	
+2.289120E-07	2	0	
+2.282220E-07	2	0	
+2.288460E-07	2	0	
+1.593342E-06	3	0	
+2.230206E-06	3	0	
+8.911320E-07	3	0	
+2.404320E-07	1	0	
+2.400660E-07	1	0	
+2.262180E-07	1	0	
+2.316720E-07	1	0	
+2.356380E-07	1	0	
+2.326140E-07	1	0	
+2.427120E-07	1	0	
+2.261400E-07	1	0	
+2.312940E-07	1	0	
+2.325660E-07	1	0	
+2.270880E-07	1	0	
+2.360160E-07	1	0	
+2.393040E-07	1	0	
+2.288700E-07	1	0	
+2.322000E-07	1	0	
+2.250780E-07	1	0	
+2.415540E-07	1	0	
+2.318760E-07	1	0	
+2.191440E-07	1	0	
+2.130900E-07	1	0	
+2.319240E-07	1	0	
+2.352000E-07	1	0	
+2.301060E-07	1	0	
+2.237700E-07	1	0	
+2.216640E-07	1	0	
+2.234100E-07	1	0	
+2.125380E-07	1	0	
-1.137192E-06	4	0	
-1.752954E-06	4	0	
-4.436880E-07	4	0	
+2.109420E-07	2	0	
+2.246700E-07	2	0	
+2.173320E-07	2	0	
+2.201760E-07	2	0	
+2.172780E-07	2	0	
+2.141640E-07	2	0	
+2.182800E-07	2	0	
+2.256540E-07	2	0	
+2.136060E-07	2	0	
+2.208720E-07	2	0	
+2.322480E-07	2	0	
+2.271180E-07	2	0	
+2.205000E-07	2	0	
+2.175960E-07	2	0	
+2.192700E-07	2	0	
+2.174880E-07	2	0	
+2.181000E-07	2	0	
+2.217540E-07	2	0	
+2.235780E-07	2	0	
+2.275800E-07	2	0	
+2.121960E-07	2	0	
+2.281020E-07	2	0	
+2.199300E-07	2	0	
+2.272200E-07	2	0	
+2.106120E-07	2	0	
+2.117340E-07	2	0	
+2.142060E-07	2	0	
+1.586796E-06	3	0	
+2.220072E-06	3	0	
+8.823720E-07	3	0	
+2.323920E-07	1	0	
+2.111340E-07	1	0	
+2.179620E-07	1	0	
+2.127480E-07	1	0	
+2.299080E-07	1	0	
+2.310300E-07	1	0	
+2.021700E-07	1	0	
+2.130180E-07	1	0	
+2.248140E-07	1	0	
+2.237340E-07	1	0	
+2.156580E-07	1	0	
+2.259420E-07	1	0	
+2.218260E-07	1	0	
+2.199120E-07	1	0	
+2.159100E-07	1	0	
+2.083980E-07	1	0	
+2.117460E-07	1	0	
+2.188620E-07	1	0	
+2.143800E-07	1	0	
+2.237220E-07	1	0	
+2.182440E-07	1	0	
+2.259840E-07	1	0	
+2.240100E-07	1	0	
+2.195940E-07	1	0	
+2.186640E-07	1	0	
+2.208240E-07	1	0	
+2.203680E-07	1	0	
-1.130814E-06	4	0	
-1.763970E-06	4	0	
-4.389180E-07	4	0	
+2.118300E-07	2	0	
+2.178120E-07	2	0	
+2.258100E-07	2	0	
+2.271420E-07	2	0	
+2.161440E-07	2	0	
+2.229960E-07	2	0	
+2.219820E-07	2	0	
+2.209680E-07	2	0	
+2.224140E-07	2	0	
+2.314320E-07	2	0	
+2.149800E-07	2	0	
+2.241600E-07	2	0	
+2.332980E-07	2	0	
+2.242920E-07	2	0	
+2.237580E-07	2	0	
+2.422560E-07	2	0	
+2.179980E-07	2	0	
+2.273580E-07	2	0	
+2.248980E-07	2	0	
+2.319780E-07	2	0	
+2.356080E-07	2	0	
+2.277120E-07	2	0	
+2.298600E-07	2	0	
+2.271000E-07	2	0	
+2.314860E-07	2	0	
+2.326260E-07	2	0	
+2.363880E-07	2	0	
+1.606428E-06	3	0	
+2.233626E-06	3	0	
+8.961120E-07	3	0	
+2.207340E-07	1	0	
+2.405820E-07	1	0	
+2.336700E-07	1	0	
+2.235900E-07	1	0	
+2.256360E-07	1	0	
+2.365920E-07	1	0	
+2.335620E-07	1	0	
+2.266140E-07	1	0	
+2.308500E-07	1	0	
+2.197860E-07	1	0	
+2.288040E-07	1	0	
+2.362440E-07	1	0	
+2.242620E-07	1	0	
+2.242260E-07	1	0	
+2.272380E-07	1	0	
+2.244060E-07	1	0	
+2.137140E-07	1	0	
+2.329380E-07	1	0	
+2.214240E-07	1	0	
+2.209500E-07	1	0	
+2.289000E-07	1	0	
+2.296980E-07	1	0	
+2.336520E-07	1	0	
+2.321100E-07	1	0	
+2.310360E-07	1	0	
+2.251320E-07	1	0	
+2.218800E-07	1	0	
-1.132056E-06	4	0	
-1.747572E-06	4	0	
-4.504200E-07	4	0	
+2.228640E-07	2	0	
+2.124600E-07	2	0	
+2.284620E-07	2	0	
+2.264280E-07	2	0	
+2.278560E-07	2	0	
+2.256300E-07	2	0	
+2.283660E-07	2	0	
+2.241600E-07	2	0	
+2.209320E-07	2	0	
+2.212440E-07	2	0	
+2.285100E-07	2	0	
+2.318520E-07	2	0	
+2.219400E-07	2	0	
+2.157480E-07	2	0	
+2.311500E-07	2	0	
+2.344080E-07	2	0	
+2.206920E-07	2	0	
+2.259000E-07	2	0	
+2.271780E-07	2	0	
+2.188500E-07	2	0	
+2.234160E-07	2	0	
+2.200080E-07	2	0	
+2.196720E-07	2	0	
+2.123940E-07	2	0	
+2.179800E-07	2	0	
+2.176980E-07	2	0	
+2.244360E-07	2	0	
+1.583424E-06	3	0	
+2.221314E-06	3	0	
+8.817240E-07	3	0	
+2.112960E-07	1	0	
+2.217180E-07	1	0	
+2.205660E-07	1	0	
+2.119740E-07	1	0	
+2.239920E-07	1	0	
+2.156640E-07	1	0	
+2.207520E-07	1	0	
+2.287860E-07	1	0	
+2.103480E-07	1	0	
+2.184060E-07	1	0	
+2.110320E-07	1	0	
+2.145960E-07	1	0	
+2.184360E-07	1	0	
+2.134440E-07	1	0	
+2.210400E-07	1	0	
+2.179500E-07	1	0	
+2.135520E-07	1	0	
+2.182500E-07	1	0	
+2.216700E-07	1	0	
+2.133600E-07	1	0	
+2.098380E-07	1	0	
+2.144400E-07	1	0	
+2.177220E-07	1	0	
+2.252640E-07	1	0	
+2.152380E-07	1	0	
+2.226180E-07	1	0	
+2.185260E-07	1	0	
-1.142658E-06	4	0	
-1.754340E-06	4	0	
-4.505760E-07	4	0	
+2.067480E-07	2	0	
+2.153760E-07	2	0	
+2.103720E-07	2	0	
+2.078820E-07	2	0	
+2.094420E-07	2	0	
+2.108760E-07	2	0	
+2.127900E-07	2	0	
+2.146080E-07	2	0	
+2.094060E-07	2	0	
+2.070300E-07	2	0	
+2.142000E-07	2	0	
+2.147400E-07	2	0	
+2.108340E-07	2	0	
+2.146680E-07	2	0	
+2.127300E-07	2	0	
+2.112960E-07	2	0	
+2.153760E-07	2	0	
+2.020440E-07	2	0	
+2.052180E-07	2	0	
+2.080320E-07	2	0	
+2.073780E-07	2	0	
+2.208540E-07	2	0	
+2.076060E-07	2	0	
+2.024040E-07	2	0	
+2.139000E-07	2	0	
+2.073540E-07	2	0	
+2.077080E-07	2	0	
+1.567908E-06	3	0	
+2.200446E-06	3	0	
+8.746020E-07	3	0	
+2.099220E-07	1	0	
+2.073300E-07	1	0	
+2.169720E-07	1	0	
+2.193000E-07	1	0	
+2.090580E-07	1	0	
+2.114700E-07	1	0	
+2.075940E-07	1	0	
+2.199120E-07	1	0	
+2.071080E-07	1	0	
+2.120520E-07	1	0	
+2.149740E-07	1	0	
+2.138160E-07	1	0	
+2.042040E-07	1	0	
+2.073900E-07	1	0	
+2.060460E-07	1	0	
+2.167140E-07	1	0	
+2.025720E-07	1	0	
+2.108460E-07	1	0	
+2.088120E-07	1	0	
+2.178180E-07	1	0	
+2.140860E-07	1	0	
+1.968540E-07	1	0	
+2.108880E-07	1	0	
+2.147940E-07	1	0	
+2.049060E-07	1	0	
+2.022600E-07	1	0	
+2.133000E-07	1	0	
-1.160202E-06	4	0	
-1.773156E-06	4	0	
-4.517160E-07	4	0	
+2.094480E-07	2	0	
+2.145720E-07	2	0	
+2.098620E-07	2	0	
+2.114400E-07	2	0	
+2.142360E-07	2	0	
+2.221680E-07	2	0	
+2.145600E-07	2	0	
+2.052600E-07	2	0	
+2.193900E-07	2	0	
+2.129820E-07	2	0	
+2.121000E-07	2	0	
+2.161140E-07	2	0	
+2.113500E-07	2	0	
+2.104380E-07	2	0	
+2.261280E-07	2	0	
+2.147280E-07	2	0	
+2.116560E-07	2	0	
+2.086440E-07	2	0	
+2.136120E-07	2	0	
+2.161920E-07	2	0	
+2.028900E-07	2	0	
+2.122920E-07	2	0	
+2.124180E-07	2	0	
+2.122500E-07	2	0	
+2.241240E-07	2	0	
+2.096340E-07	2	0	
+2.035980E-07	2	0	
+1.575858E-06	3	0	
+2.206938E-06	3	0	
+8.768820E-07	3	0	
+2.180880E-07	1	0	
+2.172000E-07	1	0	
+2.184180E-07	1	0	
+2.125020E-07	1	0	
+2.094060E-07	1	0	
+2.193540E-07	1	0	
+2.133300E-07	1	0	
+2.127660E-07	1	0	
+2.128560E-07	1	0	
+2.115240E-07	1	0	
+2.228460E-07	1	0	
+2.158800E-07	1	0	
+2.061360E-07	1	0	
+1.959180E-07	1	0	
+2.170920E-07	1	0	
+2.081940E-07	1	0	
+2.095860E-07	1	0	
+2.081100E-07	1	0	
+2.022180E-07	1	0	
+2.080680E-07	1	0	
+2.086200E-07	1	0	
+2.074140E-07	1	0	
+2.056500E-07	1	0	
+2.139720E-07	1	0	
+2.153340E-07	1	0	
+2.243040E-07	1	0	
+2.071200E-07	1	0	
-1.144590E-06	4	0	
-1.766004E-06	4	0	
-4.399560E-07	4	0	
+2.031960E-07	2	0	
+2.194560E-07	2	0	
+2.194440E-07	2	0	
+2.170260E-07	2	0	
+2.036760E-07	2	0	
+2.013720E-07	2	0	
+1.982580E-07	2	0	
+2.105220E-07	2	0	
+2.156820E-07	2	0	
+2.081520E-07	2	0	
+2.011920E-07	2	0	
+2.169240E-07	2	0	
+2.172540E-07	2	0	
+2.170080E-07	2	0	
+2.105520E-07	2	0	
+2.141400E-07	2	0	
+2.082420E-07	2	0	
+2.198460E-07	2	0	
+2.241300E-07	2	0	
+2.192280E-07	2	0	
+2.116200E-07	2	0	
+2.281380E-07	2	0	
+2.237580E-07	2	0	
+2.201400E-07	2	0	
+2.131200E-07	2	0	
+2.170320E-07	2	0	
+2.256660E-07	2	0	
+1.587756E-06	3	0	
+2.209782E-06	3	0	
+8.808240E-07	3	0	
+2.203620E-07	1	0	
+2.128680E-07	1	0	
+2.233440E-07	1	0	
+2.141640E-07	1	0	
+2.084460E-07	1	0	
+2.130720E-07	1	0	
+2.195640E-07	1	0	
+2.043600E-07	1	0	
+2.146800E-07	1	0	
+2.058480E-07	1	0	
+2.285640E-07	1	0	
+2.221920E-07	1	0	
+2.116260E-07	1	0	
+2.125020E-07	1	0	
+2.157300E-07	1	0	
+2.032140E-07	1	0	
+2.199000E-07	1	0	
+2.192040E-07	1	0	
+2.156760E-07	1	0	
+2.039340E-07	1	0	
+2.263560E-07	1	0	
+2.124660E-07	1	0	
+2.180700E-07	1	0	
+2.113380E-07	1	0	
+2.181360E-07	1	0	
+2.088480E-07	1	0	
+2.132820E-07	1	0	
-1.146318E-06	4	0	
-1.762302E-06	4	0	
-4.406820E-07	4	0	
+2.087220E-07	2	0	
+2.062980E-07	2	0	
+2.142480E-07	2	0	
+2.173500E-07	2	0	
+2.165040E-07	2	0	
+2.001120E-07	2	0	
+2.204160E-07	2	0	
+2.012220E-07	2	0	
+2.145600E-07	2	0	
+2.176620E-07	2	0	
+2.235000E-07	2	0	
+2.231100E-07	2	0	
+2.138940E-07	2	0	
+2.163600E-07	2	0	
+2.227920E-07	2	0	
+2.191680E-07	2	0	
+2.151960E-07	2	0	
+2.147100E-07	2	0	
+2.190180E-07	2	0	
+2.113080E-07	2	0	
+2.133300E-07	2	0	
+2.181300E-07	2	0	
+2.238540E-07	2	0	
+2.199060E-07	2	0	
+2.108760E-07	2	0	
+2.120640E-07	2	0	
+2.128080E-07	2	0	
+1.589064E-06	3	0	
+2.228808E-06	3	0	
+8.800920E-07	3	0	
+2.204760E-07	1	0	
+2.230320E-07	1	0	
+2.051280E-07	1	0	
+2.086440E-07	1	0	
+2.224140E-07	1	0	
+2.223420E-07	1	0	
+2.167740E-07	1	0	
+2.203380E-07	1	0	
+2.146980E-07	1	0	
+2.038440E-07	1	0	
+2.125320E-07	1	0	
+2.083740E-07	1	0	
+2.114580E-07	1	0	
+2.141280E-07	1	0	
+2.045280E-07	1	0	
+2.027100E-07	1	0	
+2.192760E-07	1	0	
+2.168040E-07	1	0	
+2.221380E-07	1	0	
+2.182140E-07	1	0	
+2.182020E-07	1	0	
+2.046300E-07	1	0	
+2.114580E-07	1	0	
+2.082960E-07	1	0	
+2.115720E-07	1	0	
+2.093040E-07	1	0	
+2.213040E-07	1	0	
-1.144914E-06	4	0	
-1.758408E-06	4	0	
-4.478760E-07	4	0	
+2.061120E-07	2	0	
+2.044980E-07	2	0	
+2.051040E-07	2	0	
+2.093580E-07	2	0	
+2.145780E-07	2	0	
+2.105880E-07	2	0	
+2.157720E-07	2	0	
+2.124540E-07	2	0	
+2.049000E-07	2	0	
+2.101980E-07	2	0	
+2.062380E-07	2	0	
+2.045580E-07	2	0	
+2.154720E-07	2	0	
+2.267220E-07	2	0	
+2.181360E-07	2	0	
+2.115180E-07	2	0	
+2.114940E-07	2	0	
+1.996560E-07	2	0	
+2.104860E-07	2	0	
+2.150940E-07	2	0	
+2.089920E-07	2	0	
+2.147400E-07	2	0	
+2.254560E-07	2	0	
+2.145540E-07	2	0	
+2.104140E-07	2	0	
+2.106360E-07	2	0	
+2.078940E-07	2	0	
+1.571274E-06	3	0	
+2.218266E-06	3	0	
+8.806320E-07	3	0	
+2.191440E-07	1	0	
+2.114760E-07	1	0	
+2.221620E-07	1	0	
+2.134740E-07	1	0	
+2.146800E-07	1	0	
+2.102700E-07	1	0	
+2.060100E-07	1	0	
+2.119500E-07	1	0	
+2.023680E-07	1	0	
+2.128080E-07	1	0	
+2.107020E-07	1	0	
+2.190960E-07	1	0	
+2.037480E-07	1	0	
+2.157900E-07	1	0	
+2.135340E-07	1	0	
+2.102280E-07	1	0	
+2.148780E-07	1	0	
+2.105700E-07	1	0	
+2.183940E-07	1	0	
+2.138100E-07	1	0	
+2.188560E-07	1	0	
+2.101680E-07	1	0	
+2.068860E-07	1	0	
+2.200920E-07	1	0	
+2.175060E-07	1	0	
+2.064300E-07	1	0	
+2.039640E-07	1	0	
-1.144848E-06	4	0	
-1.773720E-06	4	0	
-4.548600E-07	4	0	
+2.043840E-07	2	0	
+2.119740E-07	2	0	
+1.966320E-07	2	0	
+2.085540E-07	2	0	
+2.071920E-07	2	0	
+2.111700E-07	2	0	
+2.051340E-07	2	0	
+2.021640E-07	2	0	
+2.055000E-07	2	0	
+2.037960E-07	2	0	
+1.957140E-07	2	0	
+2.101200E-07	2	0	
+2.094060E-07	2	0	
+2.115600E-07	2	0	
+2.028900E-07	2	0	
+2.121660E-07	2	0	
+2.082360E-07	2	0	
+2.078700E-07	2	0	
+2.122500E-07	2	0	
+2.084400E-07	2	0	
+2.033640E-07	2	0	
+2.123700E-07	2	0	
+1.929360E-07	2	0	
+1.989900E-07	2	0	
+2.069460E-07	2	0	
+2.128680E-07	2	0	
+2.120040E-07	2	0	
+1.570788E-06	3	0	
+2.195220E-06	3	0	
+8.899860E-07	3	0	
+2.082840E-07	1	0	
+2.043420E-07	1	0	
+2.106420E-07	1	0	
+2.256060E-07	1	0	
+2.129340E-07	1	0	
+2.097840E-07	1	0	
+2.052360E-07	1	0	
+2.057880E-07	1	0	
+2.022240E-07	1	0	
+1.991160E-07	1	0	
+2.051520E-07	1	0	
+2.118600E-07	1	0	
+2.050200E-07	1	0	
+2.016900E-07	1	0	
+2.046060E-07	1	0	
+2.083740E-07	1	0	
+2.120640E-07	1	0	
+2.099160E-07	1	0	
+2.106060E-07	1	0	
+2.201820E-07	1	0	
+2.119620E-07	1	0	
+2.150040E-07	1	0	
+2.099640E-07	1	0	
+2.141460E-07	1	0	
+2.070480E-07	1	0	
+2.104320E-07	1	0	
+2.084760E-07	1	0	
-1.154688E-06	4	0	
-1.780602E-06	4	0	
-4.599840E-07	4	0	
+2.081040E-07	2	0	
+2.020860E-07	2	0	
+1.976880E-07	2	0	
+2.007240E-07	2	0	
+2.038620E-07	2	0	
+2.066460E-07	2	0	
+2.033280E-07	2	0	
+2.097000E-07	2	0	
+1.973460E-07	2	0	
+2.206740E-07	2	0	
+2.046840E-07	2	0	
+2.034540E-07	2	0	
+2.034120E-07	2	0	
+1.997220E-07	2	0	
+2.168820E-07	2	0	
+2.023860E-07	2	0	
+2.149440E-07	2	0	
+2.062080E-07	2	0	
+1.993140E-07	2	0	
+2.147400E-07	2	0	
+2.086680E-07	2	0	
+1.896660E-07	2	0	
+1.949220E-07	2	0	
+2.019720E-07	2	0	
+1.926960E-07	2	0	
+1.941300E-07	2	0	
+1.984980E-07	2	0	
+1.584966E-06	3	0	
+2.204694E-06	3	0	
+8.668860E-07	3	0	
+2.064060E-07	1	0	
+2.009700E-07	1	0	
+2.050560E-07	1	0	
+1.957140E-07	1	0	
+2.031420E-07	1	0	
+1.949400E-07	1	0	
+2.040120E-07	1	0	
+1.970040E-07	1	0	
+1.980360E-07	1	0	
+1.976400E-07	1	0	
+1.908780E-07	1	0	
+1.905960E-07	1	0	
+1.993680E-07	1	0	
+2.042520E-07	1	0	
+1.951320E-07	1	0	
+2.013780E-07	1	0	
+1.887420E-07	1	0	
+2.017860E-07	1	0	
+1.956660E-07	1	0	
+2.058720E-07	1	0	
+2.051940E-07	1	0	
+1.926600E-07	1	0	
+2.029740E-07	1	0	
+2.094240E-07	1	0	
+1.995360E-07	1	0	
+2.055000E-07	1	0	
+2.055120E-07	1	0	
-1.162548E-06	4	0	
-1.787634E-06	4	0	
-4.676520E-07	4	0	
+1.996980E-07	2	0	
+2.028540E-07	2	0	
+2.007480E-07	2	0	
+2.103840E-07	2	0	
+2.022180E-07	2	0	
+1.994160E-07	2	0	
+2.020980E-07	2	0	
+2.042760E-07	2	0	
+1.970580E-07	2	0	
+2.103360E-07	2	0	
+2.061060E-07	2	0	
+2.103480E-07	2	0	
+1.967040E-07	2	0	
+2.108100E-07	2	0	
+2.074500E-07	2	0	
+2.144040E-07	2	0	
+2.142060E-07	2	0	
+2.101620E-07	2	0	
+2.046660E-07	2	0	
+2.058240E-07	2	0	
+2.136600E-07	2	0	
+2.047680E-07	2	0	
+2.093760E-07	2	0	
+2.141280E-07	2	0	
+2.215080E-07	2	0	
+2.203620E-07	2	0	
+2.238900E-07	2	0	
+1.583268E-06	3	0	
+2.207640E-06	3	0	
+8.667780E-07	3	0	
+2.191200E-07	1	0	
+2.035800E-07	1	0	
+2.166900E-07	1	0	
+2.129340E-07	1	0	
+2.172780E-07	1	0	
+2.213160E-07	1	0	
+2.068200E-07	1	0	
+2.134080E-07	1	0	
+2.170860E-07	1	0	
+2.198100E-07	1	0	
+2.177220E-07	1	0	
+2.098680E-07	1	0	
+1.997820E-07	1	0	
+2.177460E-07	1	0	
+2.055060E-07	1	0	
+2.045280E-07	1	0	
+2.143320E-07	1	0	
+2.162280E-07	1	0	
+2.089740E-07	1	0	
+2.169480E-07	1	0	
+2.170980E-07	1	0	
+2.167560E-07	1	0	
+2.027340E-07	1	0	
+2.184960E-07	1	0	
+2.121120E-07	1	0	
+2.081280E-07	1	0	
+2.062380E-07	1	0	
-1.154484E-06	4	0	
-1.770252E-06	4	0	
-4.498680E-07	4	0	
+2.102580E-07	2	0	
+2.158620E-07	2	0	
+2.072100E-07	2	0	
+2.054100E-07	2	0	
+2.164440E-07	2	0	
+2.246400E-07	2	0	
+2.155140E-07	2	0	
+2.136360E-07	2	0	
+2.224680E-07	2	0	
+2.234760E-07	2	0	
+2.146020E-07	2	0	
+2.228220E-07	2	0	
+2.203380E-07	2	0	
+2.125680E-07	2	0	
+2.209740E-07	2	0	
+2.153400E-07	2	0	
+2.157660E-07	2	0	
+2.289840E-07	2	0	
+2.220960E-07	2	0	
+2.077800E-07	2	0	
+2.175000E-07	2	0	
+2.194500E-07	2	0	
+2.234640E-07	2	0	
+2.226300E-07	2	0	
+2.216100E-07	2	0	
+2.187600E-07	2	0	
+2.183640E-07	2	0	
+1.603164E-06	3	0	
+2.222382E-06	3	0	
+8.833200E-07	3	0	
+2.201280E-07	1	0	
+2.360460E-07	1	0	
+2.203380E-07	1	0	
+2.188080E-07	1	0	
+2.312340E-07	1	0	
+2.113980E-07	1	0	
+2.080680E-07	1	0	
+2.175060E-07	1	0	
+2.224680E-07	1	0	
+2.163480E-07	1	0	
+2.227380E-07	1	0	
+2.108100E-07	1	0	
+2.166000E-07	1	0	
+2.163840E-07	1	0	
+2.190120E-07	1	0	
+2.099100E-07	1	0	
+2.149800E-07	1	0	
+2.200260E-07	1	0	
+2.241660E-07	1	0	
+2.248080E-07	1	0	
+2.177880E-07	1	0	
+2.138880E-07	1	0	
+2.175960E-07	1	0	
+2.117760E-07	1	0	
+2.117820E-07	1	0	
+2.060160E-07	1	0	
+2.194200E-07	1	0	
-1.137630E-06	4	0	
-1.766166E-06	4	0	
-4.493880E-07	4	0	
+2.140860E-07	2	0	
+1.995240E-07	2	0	
+2.150400E-07	2	0	
+2.074620E-07	2	0	
+2.204100E-07	2	0	
+2.190360E-07	2	0	
+2.123940E-07	2	0	
+2.195280E-07	2	0	
+1.973220E-07	2	0	
+2.062680E-07	2	0	
+2.041860E-07	2	0	
+2.121180E-07	2	0	
+2.143800E-07	2	0	
+2.211960E-07	2	0	
+2.163300E-07	2	0	
+2.074800E-07	2	0	
+2.010120E-07	2	0	
+2.145540E-07	2	0	
+2.185380E-07	2	0	
+2.172960E-07	2	0	
+2.203020E-07	2	0	
+2.153100E-07	2	0	
+2.085060E-07	2	0	
+2.043420E-07	2	0	
+2.107320E-07	2	0	
+2.108880E-07	2	0	
+1.961820E-07	2	0	
+1.576782E-06	3	0	
+2.197404E-06	3	0	
+8.810160E-07	3	0	
+2.192280E-07	1	0	
+2.181900E-07	1	0	
+2.107380E-07	1	0	
+2.180280E-07	1	0	
+2.073480E-07	1	0	
+2.167680E-07	1	0	
+2.042160E-07	1	0	
+2.079540E-07	1	0	
+2.088000E-07	1	0	
+2.108280E-07	1	0	
+2.042700E-07	1	0	
+2.123400E-07	1	0	
+2.062680E-07	1	0	
+2.205120E-07	1	0	
+2.061240E-07	1	0	
+2.108640E-07	1	0	
+2.083080E-07	1	0	
+2.027880E-07	1	0	
+2.051340E-07	1	0	
+2.041380E-07	1	0	
+2.144880E-07	1	0	
+2.102760E-07	1	0	
+2.214420E-07	1	0	
+2.081280E-07	1	0	
+2.075220E-07	1	0	
+2.063340E-07	1	0	
+2.143680E-07	1	0	
-1.145106E-06	4	0	
-1.774062E-06	4	0	
-4.553700E-07	4	0	
+1.980060E-07	2	0	
+2.077860E-07	2	0	
+2.089020E-07	2	0	
+2.162640E-07	2	0	
+2.145480E-07	2	0	
+2.055780E-07	2	0	
+2.093520E-07	2	0	
+2.181060E-07	2	0	
+2.036760E-07	2	0	
+2.017260E-07	2	0	
+2.153940E-07	2	0	
+2.159520E-07	2	0	
+2.076120E-07	2	0	
+2.086320E-07	2	0	
+2.090340E-07	2	0	
+2.098560E-07	2	0	
+2.027040E-07	2	0	
+2.085360E-07	2	0	
+2.027220E-07	2	0	
+2.147760E-07	2	0	
+2.294220E-07	2	0	
+2.194320E-07	2	0	
+2.176200E-07	2	0	
+2.068260E-07	2	0	
+2.222280E-07	2	0	
+2.064240E-07	2	0	
+2.276160E-07	2	0	
+1.590312E-06	3	0	
+2.211330E-06	3	0	
+8.857080E-07	3	0	
+2.207400E-07	1	0	
+2.213100E-07	1	0	
+2.220420E-07	1	0	
+2.215380E-07	1	0	
+2.144880E-07	1	0	
+2.252400E-07	1	0	
+2.152080E-07	1	0	
+2.279100E-07	1	0	
+2.119020E-07	1	0	
+2.167620E-07	1	0	
+2.184540E-07	1	0	
+2.178360E-07	1	0	
+2.166000E-07	1	0	
+2.172000E-07	1	0	
+2.181780E-07	1	0	
+2.146200E-07	1	0	
+2.228700E-07	1	0	
+2.211180E-07	1	0	
+2.142960E-07	1	0	
+2.185920E-07	1	0	
+2.119500E-07	1	0	
+2.227800E-07	1	0	
+2.213520E-07	1	0	
+2.136420E-07	1	0	
+2.217960E-07	1	0	
+2.214420E-07	1	0	
+2.260680E-07	1	0	
-1.135716E-06	4	0	
-1.758828E-06	4	0	
-4.409400E-07	4	0	
+2.099100E-07	2	0	
+2.333280E-07	2	0	
+2.119140E-07	2	0	
+2.246820E-07	2	0	
+2.118000E-07	2	0	
+2.152200E-07	2	0	
+2.191140E-07	2	0	
+2.152620E-07	2	0	
+2.224200E-07	2	0	
+2.240580E-07	2	0	
+2.183040E-07	2	0	
+2.222400E-07	2	0	
+2.152980E-07	2	0	
+2.112180E-07	2	0	
+2.152200E-07	2	0	
+2.135880E-07	2	0	
+2.244300E-07	2	0	
+2.179920E-07	2	0	
+2.171880E-07	2	0	
+2.199240E-07	2	0	
+2.195700E-07	2	0	
+2.147640E-07	2	0	
+2.124540E-07	2	0	
+2.195400E-07	2	0	
+2.230200E-07	2	0	
+2.260860E-07	2	0	
+2.213640E-07	2	0	
+1.586004E-06	3	0	
+2.213778E-06	3	0	
+8.773080E-07	3	0	
+2.258640E-07	1	0	
+2.142960E-07	1	0	
+2.193540E-07	1	0	
+2.203440E-07	1	0	
+2.145960E-07	1	0	
+2.125380E-07	1	0	
+2.177280E-07	1	0	
+2.189760E-07	1	0	
+2.162400E-07	1	0	
+2.197620E-07	1	0	
+2.146380E-07	1	0	
+2.212680E-07	1	0	
+2.188380E-07	1	0	
+2.148120E-07	1	0	
+2.142240E-07	1	0	
+2.207700E-07	1	0	
+2.224380E-07	1	0	
+2.091480E-07	1	0	
+2.191020E-07	1	0	
+2.160900E-07	1	0	
+2.119680E-07	1	0	
+2.168220E-07	1	0	
+2.252820E-07	1	0	
+2.163000E-07	1	0	
+2.176920E-07	1	0	
+2.177640E-07	1	0	
+2.148660E-07	1	0	
-1.139772E-06	4	0	
-1.763658E-06	4	0	
-4.382880E-07	4	0	
+2.025180E-07	2	0	
+2.181780E-07	2	0	
+2.235420E-07	2	0	
+2.048220E-07	2	0	
+2.221380E-07	2	0	
+2.154480E-07	2	0	
+2.200440E-07	2	0	
+2.262000E-07	2	0	
+2.259660E-07	2	0	
+2.197080E-07	2	0	
+2.266200E-07	2	0	
+2.222460E-07	2	0	
+2.165400E-07	2	0	
+2.149620E-07	2	0	
+2.310360E-07	2	0	
+2.278620E-07	2	0	
+2.105400E-07	2	0	
+2.141760E-07	2	0	
+2.273400E-07	2	0	
+2.171280E-07	2	0	
+2.204160E-07	2	0	
+2.217300E-07	2	0	
+2.198220E-07	2	0	
+2.191980E-07	2	0	
+2.156640E-07	2	0	
+2.217840E-07	2	0	
+2.250240E-07	2	0	
+1.593600E-06	3	0	
+2.221656E-06	3	0	
