start date: 	2023-08-11
start time: 	21.15.02
stop date: 	2023-08-11
stop time: 	21.36.11
com rel. humid (%):	33.4
com temp (°C):	29.07
cn temp (°C):	31.19
nv temp (°C):	35.28
bvd averages: 	     20
remarks: 	CCC probe connected to GaAs probe, GaAs 8 V+=Red, V-=Wht, I+=Wht, I-=Blk, B = 11.56 T (84.4 A), Psample = 3.0 - 4.0e-3 mbar, using 4G power supply
R1 Info: 	NIST-QHRGaAs13k-8
R2 Info: 	334041
data filepath: 	M:\MagniconData\CCCViewerData\cccviewer_measure\2023-08-11_CCC\230811_014_2115.txt
config filepath: 	M:\MagniconData\CCCViewerData\cccviewer_measure\2023-08-11_CCC\230811_014_2115_cccdrive.cfg
time base (Hz): 	60
integration time (time base multiples):	60
number of samples per half cycle: 	30
ignored first samples: 	14
ignored last samples: 	0
amplifier gain: 	1000000
delta N1/NA (mTurns): 	-2.70363077
delta (I2*R2) (V): 	2.000061037
N1 (Turns):	2065
N2 (Turns):	16
NA (Turns):	1
R1 (Ohm): 	12906.404000
R2 (Ohm): 	100.000000

data(V)	phase	error
+1.948680E-07	1	0	
+1.848600E-07	1	0	
+1.817460E-07	1	0	
+1.836300E-07	1	0	
+1.827120E-07	1	0	
+1.825200E-07	1	0	
+1.814100E-07	1	0	
+1.806360E-07	1	0	
+1.701120E-07	1	0	
+1.783200E-07	1	0	
+1.883520E-07	1	0	
+1.926720E-07	1	0	
+1.911000E-07	1	0	
+1.970040E-07	1	0	
+1.938420E-07	1	0	
+1.889100E-07	1	0	
+1.809480E-07	1	0	
+1.869360E-07	1	0	
+1.879680E-07	1	0	
+1.828680E-07	1	0	
+1.921080E-07	1	0	
+1.937520E-07	1	0	
+1.802340E-07	1	0	
+1.942920E-07	1	0	
+1.832460E-07	1	0	
+1.925040E-07	1	0	
+1.820520E-07	1	0	
+1.821960E-07	1	0	
+1.925088E-06	4	0	
+2.680758E-06	4	0	
+9.909420E-07	4	0	
+1.845420E-07	2	0	
+1.935960E-07	2	0	
+1.942440E-07	2	0	
+1.836900E-07	2	0	
+1.803840E-07	2	0	
+1.940340E-07	2	0	
+1.940160E-07	2	0	
+1.932120E-07	2	0	
+1.848240E-07	2	0	
+1.970940E-07	2	0	
+1.870440E-07	2	0	
+1.793400E-07	2	0	
+1.943760E-07	2	0	
+1.863780E-07	2	0	
+1.959480E-07	2	0	
+1.941480E-07	2	0	
+2.010960E-07	2	0	
+1.920300E-07	2	0	
+1.909980E-07	2	0	
+1.986960E-07	2	0	
+2.063220E-07	2	0	
+1.862160E-07	2	0	
+1.922460E-07	2	0	
+1.847520E-07	2	0	
+1.889700E-07	2	0	
+1.849380E-07	2	0	
+1.862520E-07	2	0	
-1.530822E-06	3	0	
-2.301726E-06	3	0	
-6.175380E-07	3	0	
+1.901700E-07	1	0	
+2.000880E-07	1	0	
+1.956240E-07	1	0	
+1.844460E-07	1	0	
+1.945860E-07	1	0	
+1.877880E-07	1	0	
+1.972200E-07	1	0	
+1.903500E-07	1	0	
+1.986300E-07	1	0	
+2.002740E-07	1	0	
+1.947720E-07	1	0	
+1.958700E-07	1	0	
+1.847340E-07	1	0	
+1.948080E-07	1	0	
+1.975080E-07	1	0	
+1.873800E-07	1	0	
+1.909500E-07	1	0	
+1.929240E-07	1	0	
+1.838940E-07	1	0	
+1.937880E-07	1	0	
+1.923180E-07	1	0	
+1.981980E-07	1	0	
+1.952100E-07	1	0	
+1.889280E-07	1	0	
+1.851840E-07	1	0	
+1.935600E-07	1	0	
+1.942140E-07	1	0	
+1.912368E-06	4	0	
+2.672082E-06	4	0	
+1.001124E-06	4	0	
+1.939140E-07	2	0	
+1.988040E-07	2	0	
+1.813200E-07	2	0	
+1.834140E-07	2	0	
+2.057280E-07	2	0	
+2.002380E-07	2	0	
+1.916640E-07	2	0	
+1.952700E-07	2	0	
+1.864320E-07	2	0	
+1.992720E-07	2	0	
+2.036820E-07	2	0	
+1.938540E-07	2	0	
+2.007060E-07	2	0	
+2.135460E-07	2	0	
+2.023020E-07	2	0	
+2.006460E-07	2	0	
+1.952580E-07	2	0	
+1.978800E-07	2	0	
+1.938900E-07	2	0	
+1.975320E-07	2	0	
+1.984860E-07	2	0	
+1.990620E-07	2	0	
+2.000220E-07	2	0	
+1.929660E-07	2	0	
+1.867680E-07	2	0	
+1.907760E-07	2	0	
+2.002020E-07	2	0	
-1.527432E-06	3	0	
-2.288580E-06	3	0	
-6.083340E-07	3	0	
+2.030580E-07	1	0	
+1.985640E-07	1	0	
+1.850340E-07	1	0	
+1.912140E-07	1	0	
+2.036580E-07	1	0	
+2.047500E-07	1	0	
+2.037960E-07	1	0	
+2.038800E-07	1	0	
+1.953600E-07	1	0	
+1.902000E-07	1	0	
+2.012340E-07	1	0	
+2.039340E-07	1	0	
+2.087280E-07	1	0	
+2.003520E-07	1	0	
+1.951860E-07	1	0	
+1.797240E-07	1	0	
+2.080560E-07	1	0	
+1.893120E-07	1	0	
+1.979160E-07	1	0	
+1.958340E-07	1	0	
+1.909560E-07	1	0	
+1.911840E-07	1	0	
+2.042220E-07	1	0	
+2.180760E-07	1	0	
+2.003880E-07	1	0	
+1.867440E-07	1	0	
+2.002020E-07	1	0	
+1.905810E-06	4	0	
+2.673186E-06	4	0	
+9.925080E-07	4	0	
+1.829640E-07	2	0	
+1.786440E-07	2	0	
+1.972260E-07	2	0	
+1.992240E-07	2	0	
+1.822440E-07	2	0	
+1.907640E-07	2	0	
+1.853700E-07	2	0	
+1.986480E-07	2	0	
+1.784520E-07	2	0	
+1.771320E-07	2	0	
+1.782060E-07	2	0	
+1.763280E-07	2	0	
+1.811640E-07	2	0	
+1.819680E-07	2	0	
+1.798560E-07	2	0	
+1.806120E-07	2	0	
+1.836420E-07	2	0	
+1.852920E-07	2	0	
+1.804020E-07	2	0	
+1.753500E-07	2	0	
+1.849440E-07	2	0	
+1.709940E-07	2	0	
+1.679100E-07	2	0	
+1.847940E-07	2	0	
+1.841640E-07	2	0	
+1.853460E-07	2	0	
+1.731600E-07	2	0	
-1.544406E-06	3	0	
-2.309874E-06	3	0	
-6.299700E-07	3	0	
+1.805760E-07	1	0	
+1.834860E-07	1	0	
+1.709880E-07	1	0	
+1.693080E-07	1	0	
+1.767840E-07	1	0	
+1.794480E-07	1	0	
+1.743300E-07	1	0	
+1.829340E-07	1	0	
+1.696380E-07	1	0	
+1.865700E-07	1	0	
+1.822320E-07	1	0	
+1.823460E-07	1	0	
+1.754340E-07	1	0	
+1.604640E-07	1	0	
+1.679160E-07	1	0	
+1.710420E-07	1	0	
+1.615500E-07	1	0	
+1.700700E-07	1	0	
+1.733580E-07	1	0	
+1.745880E-07	1	0	
+1.700220E-07	1	0	
+1.724280E-07	1	0	
+1.681020E-07	1	0	
+1.742520E-07	1	0	
+1.504080E-07	1	0	
+1.646520E-07	1	0	
+1.771200E-07	1	0	
+1.890798E-06	4	0	
+2.653284E-06	4	0	
+9.665760E-07	4	0	
+1.759920E-07	2	0	
+1.689900E-07	2	0	
+1.637040E-07	2	0	
+1.623300E-07	2	0	
+1.621740E-07	2	0	
+1.675620E-07	2	0	
+1.566780E-07	2	0	
+1.645860E-07	2	0	
+1.695840E-07	2	0	
+1.644000E-07	2	0	
+1.708980E-07	2	0	
+1.678080E-07	2	0	
+1.646460E-07	2	0	
+1.665540E-07	2	0	
+1.708740E-07	2	0	
+1.697640E-07	2	0	
+1.541820E-07	2	0	
+1.711140E-07	2	0	
+1.640520E-07	2	0	
+1.651140E-07	2	0	
+1.708500E-07	2	0	
+1.592640E-07	2	0	
+1.722720E-07	2	0	
+1.690080E-07	2	0	
+1.629120E-07	2	0	
+1.776240E-07	2	0	
+1.580640E-07	2	0	
-1.565274E-06	3	0	
-2.306826E-06	3	0	
-6.420840E-07	3	0	
+1.641780E-07	1	0	
+1.674180E-07	1	0	
+1.754820E-07	1	0	
+1.684320E-07	1	0	
+1.691640E-07	1	0	
+1.744260E-07	1	0	
+1.658400E-07	1	0	
+1.724580E-07	1	0	
+1.714380E-07	1	0	
+1.758060E-07	1	0	
+1.701420E-07	1	0	
+1.721460E-07	1	0	
+1.769160E-07	1	0	
+1.746060E-07	1	0	
+1.695000E-07	1	0	
+1.684260E-07	1	0	
+1.695960E-07	1	0	
+1.791420E-07	1	0	
+1.724100E-07	1	0	
+1.791900E-07	1	0	
+1.835040E-07	1	0	
+1.877040E-07	1	0	
+1.736400E-07	1	0	
+1.926720E-07	1	0	
+1.917000E-07	1	0	
+1.900140E-07	1	0	
+1.800360E-07	1	0	
+1.911306E-06	4	0	
+2.682042E-06	4	0	
+1.001094E-06	4	0	
+1.898580E-07	2	0	
+1.895220E-07	2	0	
+1.832100E-07	2	0	
+1.895400E-07	2	0	
+1.946760E-07	2	0	
+1.866780E-07	2	0	
+1.928040E-07	2	0	
+1.901580E-07	2	0	
+1.907820E-07	2	0	
+1.958880E-07	2	0	
+1.885260E-07	2	0	
+1.897200E-07	2	0	
+1.921800E-07	2	0	
+1.898880E-07	2	0	
+1.952460E-07	2	0	
+2.032200E-07	2	0	
+1.948380E-07	2	0	
+1.973460E-07	2	0	
+2.014320E-07	2	0	
+1.899780E-07	2	0	
+1.869600E-07	2	0	
+2.058840E-07	2	0	
+2.009760E-07	2	0	
+2.009220E-07	2	0	
+2.072160E-07	2	0	
+1.935900E-07	2	0	
+1.948380E-07	2	0	
-1.532502E-06	3	0	
-2.292696E-06	3	0	
-6.142320E-07	3	0	
+2.085240E-07	1	0	
+2.105460E-07	1	0	
+2.032380E-07	1	0	
+2.081040E-07	1	0	
+2.089860E-07	1	0	
+2.120160E-07	1	0	
+2.077620E-07	1	0	
+2.074800E-07	1	0	
+2.143980E-07	1	0	
+2.145900E-07	1	0	
+2.012880E-07	1	0	
+2.042460E-07	1	0	
+2.029620E-07	1	0	
+2.104440E-07	1	0	
+2.022180E-07	1	0	
+2.021640E-07	1	0	
+1.992660E-07	1	0	
+1.992960E-07	1	0	
+2.182440E-07	1	0	
+2.017680E-07	1	0	
+2.083020E-07	1	0	
+2.071680E-07	1	0	
+1.920840E-07	1	0	
+2.071200E-07	1	0	
+2.073840E-07	1	0	
+2.056080E-07	1	0	
+2.145900E-07	1	0	
+1.935138E-06	4	0	
+2.687094E-06	4	0	
+1.004106E-06	4	0	
+2.066580E-07	2	0	
+1.965420E-07	2	0	
+2.012700E-07	2	0	
+1.999860E-07	2	0	
+2.042940E-07	2	0	
+1.933500E-07	2	0	
+2.004120E-07	2	0	
+1.994580E-07	2	0	
+2.053260E-07	2	0	
+1.981500E-07	2	0	
+1.876020E-07	2	0	
+2.034900E-07	2	0	
+1.972140E-07	2	0	
+2.035020E-07	2	0	
+2.014560E-07	2	0	
+1.820400E-07	2	0	
+1.865880E-07	2	0	
+1.943160E-07	2	0	
+1.969140E-07	2	0	
+1.962600E-07	2	0	
+1.968180E-07	2	0	
+2.022960E-07	2	0	
+1.930500E-07	2	0	
+1.968300E-07	2	0	
+1.943160E-07	2	0	
+2.030040E-07	2	0	
+1.924260E-07	2	0	
-1.532418E-06	3	0	
-2.293452E-06	3	0	
-6.127080E-07	3	0	
+1.873500E-07	1	0	
+1.978620E-07	1	0	
+1.870800E-07	1	0	
+1.940160E-07	1	0	
+2.008920E-07	1	0	
+1.970040E-07	1	0	
+1.869540E-07	1	0	
+1.980720E-07	1	0	
+1.898400E-07	1	0	
+1.779720E-07	1	0	
+1.813800E-07	1	0	
+1.894620E-07	1	0	
+1.983240E-07	1	0	
+1.994280E-07	1	0	
+1.921500E-07	1	0	
+1.909080E-07	1	0	
+1.851360E-07	1	0	
+1.835280E-07	1	0	
+1.823880E-07	1	0	
+1.931220E-07	1	0	
+2.017200E-07	1	0	
+1.998960E-07	1	0	
+2.020980E-07	1	0	
+1.957980E-07	1	0	
+2.028600E-07	1	0	
+1.983900E-07	1	0	
+2.022840E-07	1	0	
+1.921674E-06	4	0	
+2.677860E-06	4	0	
+1.003326E-06	4	0	
+2.068020E-07	2	0	
+2.086980E-07	2	0	
+2.054880E-07	2	0	
+2.011980E-07	2	0	
+1.959540E-07	2	0	
+2.112180E-07	2	0	
+1.996620E-07	2	0	
+2.166060E-07	2	0	
+2.004300E-07	2	0	
+1.969440E-07	2	0	
+2.153520E-07	2	0	
+2.056080E-07	2	0	
+2.019960E-07	2	0	
+2.047920E-07	2	0	
+2.072400E-07	2	0	
+2.056740E-07	2	0	
+2.024100E-07	2	0	
+2.077140E-07	2	0	
+1.985160E-07	2	0	
+2.086320E-07	2	0	
+2.052120E-07	2	0	
+2.102460E-07	2	0	
+2.104320E-07	2	0	
+2.119500E-07	2	0	
+2.105880E-07	2	0	
+2.147460E-07	2	0	
+2.108340E-07	2	0	
-1.512234E-06	3	0	
-2.290008E-06	3	0	
-6.015480E-07	3	0	
+2.232180E-07	1	0	
+2.162220E-07	1	0	
+2.223780E-07	1	0	
+2.140080E-07	1	0	
+2.131440E-07	1	0	
+2.138820E-07	1	0	
+2.201700E-07	1	0	
+2.103900E-07	1	0	
+2.302200E-07	1	0	
+2.135820E-07	1	0	
+2.043600E-07	1	0	
+2.155680E-07	1	0	
+2.049720E-07	1	0	
+1.977480E-07	1	0	
+1.990080E-07	1	0	
+2.028540E-07	1	0	
+2.127660E-07	1	0	
+2.052240E-07	1	0	
+2.065920E-07	1	0	
+2.070060E-07	1	0	
+2.003400E-07	1	0	
+2.074200E-07	1	0	
+2.181600E-07	1	0	
+2.070900E-07	1	0	
+2.066160E-07	1	0	
+2.142060E-07	1	0	
+1.934520E-07	1	0	
+1.929966E-06	4	0	
+2.683092E-06	4	0	
+1.003566E-06	4	0	
+1.988820E-07	2	0	
+2.192520E-07	2	0	
+2.114100E-07	2	0	
+2.216640E-07	2	0	
+1.891440E-07	2	0	
+2.103420E-07	2	0	
+2.191980E-07	2	0	
+2.020680E-07	2	0	
+2.019660E-07	2	0	
+2.143500E-07	2	0	
+2.113380E-07	2	0	
+2.060160E-07	2	0	
+1.931400E-07	2	0	
+2.004060E-07	2	0	
+1.942560E-07	2	0	
+2.078400E-07	2	0	
+2.089380E-07	2	0	
+2.106660E-07	2	0	
+2.119260E-07	2	0	
+2.080560E-07	2	0	
+2.061660E-07	2	0	
+2.082000E-07	2	0	
+2.145540E-07	2	0	
+2.164620E-07	2	0	
+2.106180E-07	2	0	
+1.928100E-07	2	0	
+1.947000E-07	2	0	
-1.518084E-06	3	0	
-2.278776E-06	3	0	
-5.957640E-07	3	0	
+2.149320E-07	1	0	
+2.123040E-07	1	0	
+2.027760E-07	1	0	
+2.105700E-07	1	0	
+2.108760E-07	1	0	
+2.139480E-07	1	0	
+2.037540E-07	1	0	
+2.069820E-07	1	0	
+2.163060E-07	1	0	
+2.140620E-07	1	0	
+2.255940E-07	1	0	
+2.121840E-07	1	0	
+2.179200E-07	1	0	
+2.198100E-07	1	0	
+2.157240E-07	1	0	
+2.208240E-07	1	0	
+2.043120E-07	1	0	
+2.072640E-07	1	0	
+2.200800E-07	1	0	
+2.014440E-07	1	0	
+2.131680E-07	1	0	
+2.104980E-07	1	0	
+2.120220E-07	1	0	
+2.215380E-07	1	0	
+2.153520E-07	1	0	
+2.083920E-07	1	0	
+2.106780E-07	1	0	
+1.938168E-06	4	0	
+2.700858E-06	4	0	
+1.009980E-06	4	0	
+2.095260E-07	2	0	
+2.061000E-07	2	0	
+2.036580E-07	2	0	
+2.085960E-07	2	0	
+2.178960E-07	2	0	
+2.178720E-07	2	0	
+2.106360E-07	2	0	
+2.128680E-07	2	0	
+2.115600E-07	2	0	
+2.070780E-07	2	0	
+2.175600E-07	2	0	
+2.169840E-07	2	0	
+2.125440E-07	2	0	
+2.115780E-07	2	0	
+2.163720E-07	2	0	
+2.042340E-07	2	0	
+2.121120E-07	2	0	
+2.203620E-07	2	0	
+2.086140E-07	2	0	
+2.135340E-07	2	0	
+2.159160E-07	2	0	
+1.998960E-07	2	0	
+2.137440E-07	2	0	
+2.152560E-07	2	0	
+2.182740E-07	2	0	
+2.021760E-07	2	0	
+2.161440E-07	2	0	
-1.515828E-06	3	0	
-2.283636E-06	3	0	
-6.021480E-07	3	0	
+2.112060E-07	1	0	
+2.135460E-07	1	0	
+2.096820E-07	1	0	
+2.094660E-07	1	0	
+2.130000E-07	1	0	
+2.195460E-07	1	0	
+2.088840E-07	1	0	
+2.129400E-07	1	0	
+2.049480E-07	1	0	
+2.059560E-07	1	0	
+2.146800E-07	1	0	
+2.094720E-07	1	0	
+2.003400E-07	1	0	
+2.058840E-07	1	0	
+2.085540E-07	1	0	
+2.025240E-07	1	0	
+2.024160E-07	1	0	
+2.052120E-07	1	0	
+2.082780E-07	1	0	
+1.999380E-07	1	0	
+2.046780E-07	1	0	
+1.947600E-07	1	0	
+2.120520E-07	1	0	
+2.051580E-07	1	0	
+2.033040E-07	1	0	
+2.064240E-07	1	0	
+2.109600E-07	1	0	
+1.924158E-06	4	0	
+2.689848E-06	4	0	
+1.006944E-06	4	0	
+2.121180E-07	2	0	
+2.071980E-07	2	0	
+2.032800E-07	2	0	
+2.052120E-07	2	0	
+2.056920E-07	2	0	
+2.063940E-07	2	0	
+2.066640E-07	2	0	
+2.062140E-07	2	0	
+2.013000E-07	2	0	
+2.068800E-07	2	0	
+2.139720E-07	2	0	
+2.178720E-07	2	0	
+2.131680E-07	2	0	
+2.034120E-07	2	0	
+2.055120E-07	2	0	
+2.112900E-07	2	0	
+2.101680E-07	2	0	
+2.111760E-07	2	0	
+2.087700E-07	2	0	
+2.060760E-07	2	0	
+2.090820E-07	2	0	
+2.073420E-07	2	0	
+2.099460E-07	2	0	
+2.012220E-07	2	0	
+1.968120E-07	2	0	
+2.085180E-07	2	0	
+2.048400E-07	2	0	
-1.521546E-06	3	0	
-2.292150E-06	3	0	
-5.944560E-07	3	0	
+2.075880E-07	1	0	
+1.983060E-07	1	0	
+2.030100E-07	1	0	
+2.047800E-07	1	0	
+2.047680E-07	1	0	
+2.185140E-07	1	0	
+2.116740E-07	1	0	
+2.110500E-07	1	0	
+2.007720E-07	1	0	
+1.941180E-07	1	0	
+1.975440E-07	1	0	
+2.091120E-07	1	0	
+1.984980E-07	1	0	
+2.026620E-07	1	0	
+2.084280E-07	1	0	
+1.987080E-07	1	0	
+2.122320E-07	1	0	
+2.177700E-07	1	0	
+2.084520E-07	1	0	
+2.086920E-07	1	0	
+2.168460E-07	1	0	
+2.131620E-07	1	0	
+2.086500E-07	1	0	
+2.011620E-07	1	0	
+2.053440E-07	1	0	
+1.996080E-07	1	0	
+1.945380E-07	1	0	
+1.929216E-06	4	0	
+2.698818E-06	4	0	
+9.978600E-07	4	0	
+1.999980E-07	2	0	
+1.991580E-07	2	0	
+2.063340E-07	2	0	
+2.047200E-07	2	0	
+2.062500E-07	2	0	
+1.946220E-07	2	0	
+1.956780E-07	2	0	
+2.022360E-07	2	0	
+2.147280E-07	2	0	
+2.032140E-07	2	0	
+1.970940E-07	2	0	
+2.128200E-07	2	0	
+2.121300E-07	2	0	
+2.126100E-07	2	0	
+2.107140E-07	2	0	
+2.098620E-07	2	0	
+1.999680E-07	2	0	
+1.981440E-07	2	0	
+2.093040E-07	2	0	
+2.060880E-07	2	0	
+2.057220E-07	2	0	
+2.023800E-07	2	0	
+2.039340E-07	2	0	
+2.107680E-07	2	0	
+2.035680E-07	2	0	
+1.999980E-07	2	0	
+2.025840E-07	2	0	
-1.522074E-06	3	0	
-2.271960E-06	3	0	
-5.894760E-07	3	0	
+2.213400E-07	1	0	
+2.118960E-07	1	0	
+2.195220E-07	1	0	
+2.099040E-07	1	0	
+2.096700E-07	1	0	
+2.083680E-07	1	0	
+2.080920E-07	1	0	
+2.084100E-07	1	0	
+2.109840E-07	1	0	
+2.051160E-07	1	0	
+2.075280E-07	1	0	
+2.145600E-07	1	0	
+1.969560E-07	1	0	
+2.033760E-07	1	0	
+2.044140E-07	1	0	
+2.100240E-07	1	0	
+2.037780E-07	1	0	
+2.098320E-07	1	0	
+1.959900E-07	1	0	
+1.999260E-07	1	0	
+2.108640E-07	1	0	
+1.892160E-07	1	0	
+2.109240E-07	1	0	
+2.029800E-07	1	0	
+1.934940E-07	1	0	
+2.043840E-07	1	0	
+2.052480E-07	1	0	
+1.924770E-06	4	0	
+2.695584E-06	4	0	
+1.002648E-06	4	0	
+2.008440E-07	2	0	
+2.107680E-07	2	0	
+2.010060E-07	2	0	
+2.087160E-07	2	0	
+2.172000E-07	2	0	
+2.139780E-07	2	0	
+2.223960E-07	2	0	
+2.135580E-07	2	0	
+2.139360E-07	2	0	
+2.150880E-07	2	0	
+2.054940E-07	2	0	
+2.093400E-07	2	0	
+2.121540E-07	2	0	
+2.068140E-07	2	0	
+2.029020E-07	2	0	
+2.019120E-07	2	0	
+2.158020E-07	2	0	
+2.022240E-07	2	0	
+2.016720E-07	2	0	
+2.044560E-07	2	0	
+2.207100E-07	2	0	
+2.046900E-07	2	0	
+2.130300E-07	2	0	
+2.120400E-07	2	0	
+2.128680E-07	2	0	
+2.137860E-07	2	0	
+2.099160E-07	2	0	
-1.517610E-06	3	0	
-2.278722E-06	3	0	
-5.933340E-07	3	0	
+2.124900E-07	1	0	
+2.182320E-07	1	0	
+2.159640E-07	1	0	
+2.296800E-07	1	0	
+2.158080E-07	1	0	
+2.198760E-07	1	0	
+2.067480E-07	1	0	
+2.173320E-07	1	0	
+2.210160E-07	1	0	
+2.150820E-07	1	0	
+2.131440E-07	1	0	
+2.251020E-07	1	0	
+2.253240E-07	1	0	
+2.156040E-07	1	0	
+2.097660E-07	1	0	
+2.159640E-07	1	0	
+2.220720E-07	1	0	
+2.084520E-07	1	0	
+2.197200E-07	1	0	
+2.199480E-07	1	0	
+2.134440E-07	1	0	
+2.223780E-07	1	0	
+2.269200E-07	1	0	
+2.209020E-07	1	0	
+2.146800E-07	1	0	
+2.201640E-07	1	0	
+2.161320E-07	1	0	
+1.946622E-06	4	0	
+2.712486E-06	4	0	
+1.014540E-06	4	0	
+2.074800E-07	2	0	
+1.939740E-07	2	0	
+2.021880E-07	2	0	
+2.091120E-07	2	0	
+2.081100E-07	2	0	
+2.023380E-07	2	0	
+2.060580E-07	2	0	
+2.147340E-07	2	0	
+2.183460E-07	2	0	
+2.184180E-07	2	0	
+2.093160E-07	2	0	
+2.062980E-07	2	0	
+2.066340E-07	2	0	
+2.132760E-07	2	0	
+2.073240E-07	2	0	
+2.032440E-07	2	0	
+2.120220E-07	2	0	
+2.026740E-07	2	0	
+2.135820E-07	2	0	
+2.122200E-07	2	0	
+2.049900E-07	2	0	
+2.182680E-07	2	0	
+2.107380E-07	2	0	
+2.157960E-07	2	0	
+2.065020E-07	2	0	
+2.148120E-07	2	0	
+1.983420E-07	2	0	
-1.514886E-06	3	0	
-2.272524E-06	3	0	
-5.954040E-07	3	0	
+2.259720E-07	1	0	
+2.241780E-07	1	0	
+2.131320E-07	1	0	
+2.114220E-07	1	0	
+2.063100E-07	1	0	
+2.177940E-07	1	0	
+2.129040E-07	1	0	
+2.081700E-07	1	0	
+2.211840E-07	1	0	
+2.143800E-07	1	0	
+2.290980E-07	1	0	
+2.239380E-07	1	0	
+2.208900E-07	1	0	
+2.065320E-07	1	0	
+2.250840E-07	1	0	
+2.182500E-07	1	0	
+2.100420E-07	1	0	
+2.129040E-07	1	0	
+2.129160E-07	1	0	
+2.213880E-07	1	0	
+2.077140E-07	1	0	
+2.134560E-07	1	0	
+2.086320E-07	1	0	
+2.231340E-07	1	0	
+2.167500E-07	1	0	
+2.137680E-07	1	0	
+2.191740E-07	1	0	
+1.945170E-06	4	0	
+2.691264E-06	4	0	
+1.018080E-06	4	0	
+2.187060E-07	2	0	
+2.126940E-07	2	0	
+2.051100E-07	2	0	
+1.987080E-07	2	0	
+2.116800E-07	2	0	
+2.183220E-07	2	0	
+2.093040E-07	2	0	
+2.075040E-07	2	0	
+2.154540E-07	2	0	
+2.223000E-07	2	0	
+2.126760E-07	2	0	
+2.265360E-07	2	0	
+2.191260E-07	2	0	
+2.190960E-07	2	0	
+2.293800E-07	2	0	
+2.142120E-07	2	0	
+2.184900E-07	2	0	
+2.234520E-07	2	0	
+2.184000E-07	2	0	
+2.103960E-07	2	0	
+2.205240E-07	2	0	
+2.246520E-07	2	0	
+2.186160E-07	2	0	
+2.256420E-07	2	0	
+2.228100E-07	2	0	
+2.230740E-07	2	0	
+2.253780E-07	2	0	
-1.503996E-06	3	0	
-2.261724E-06	3	0	
-5.831640E-07	3	0	
+2.211540E-07	1	0	
+2.262000E-07	1	0	
+2.356620E-07	1	0	
+2.307600E-07	1	0	
+2.298780E-07	1	0	
+2.312100E-07	1	0	
+2.305200E-07	1	0	
+2.178660E-07	1	0	
+2.311860E-07	1	0	
+2.227920E-07	1	0	
+2.217960E-07	1	0	
+2.374620E-07	1	0	
+2.261040E-07	1	0	
+2.312520E-07	1	0	
+2.311080E-07	1	0	
+2.267700E-07	1	0	
+2.328360E-07	1	0	
+2.259120E-07	1	0	
+2.331780E-07	1	0	
+2.318760E-07	1	0	
+2.347560E-07	1	0	
+2.359320E-07	1	0	
+2.327760E-07	1	0	
+2.260020E-07	1	0	
+2.316120E-07	1	0	
+2.255280E-07	1	0	
+2.297700E-07	1	0	
+1.946286E-06	4	0	
+2.713158E-06	4	0	
+1.019358E-06	4	0	
+2.202540E-07	2	0	
+2.250300E-07	2	0	
+2.240700E-07	2	0	
+2.167680E-07	2	0	
+2.319360E-07	2	0	
+2.176440E-07	2	0	
+2.297940E-07	2	0	
+2.124420E-07	2	0	
+2.262960E-07	2	0	
+2.097840E-07	2	0	
+2.277180E-07	2	0	
+2.235360E-07	2	0	
+2.174580E-07	2	0	
+2.174940E-07	2	0	
+2.143680E-07	2	0	
+2.281980E-07	2	0	
+2.237340E-07	2	0	
+2.169000E-07	2	0	
+2.209380E-07	2	0	
+2.184540E-07	2	0	
+1.992120E-07	2	0	
+2.185620E-07	2	0	
+2.206620E-07	2	0	
+2.241720E-07	2	0	
+2.212800E-07	2	0	
+2.125740E-07	2	0	
+2.163660E-07	2	0	
-1.507500E-06	3	0	
-2.274936E-06	3	0	
-5.973480E-07	3	0	
+2.282100E-07	1	0	
+2.250300E-07	1	0	
+2.153280E-07	1	0	
+2.116020E-07	1	0	
+2.162880E-07	1	0	
+2.063340E-07	1	0	
+2.145120E-07	1	0	
+2.235480E-07	1	0	
+2.173320E-07	1	0	
+2.116920E-07	1	0	
+2.081520E-07	1	0	
+2.062740E-07	1	0	
+2.134380E-07	1	0	
+2.199060E-07	1	0	
+2.191860E-07	1	0	
+2.245920E-07	1	0	
+2.281620E-07	1	0	
+2.242860E-07	1	0	
+2.343660E-07	1	0	
+2.240040E-07	1	0	
+2.173320E-07	1	0	
+2.095020E-07	1	0	
+2.147760E-07	1	0	
+2.212440E-07	1	0	
+2.140200E-07	1	0	
+2.120520E-07	1	0	
+2.163240E-07	1	0	
+1.947126E-06	4	0	
+2.710722E-06	4	0	
+1.025784E-06	4	0	
+2.200080E-07	2	0	
+2.123400E-07	2	0	
+2.121660E-07	2	0	
+2.217180E-07	2	0	
+2.207460E-07	2	0	
+2.133480E-07	2	0	
+2.201400E-07	2	0	
+2.219040E-07	2	0	
+2.133840E-07	2	0	
+2.227980E-07	2	0	
+2.210100E-07	2	0	
+2.108580E-07	2	0	
+2.097960E-07	2	0	
+2.165160E-07	2	0	
+2.274660E-07	2	0	
+2.213880E-07	2	0	
+2.161260E-07	2	0	
+2.155920E-07	2	0	
+2.118960E-07	2	0	
+2.263380E-07	2	0	
+2.175240E-07	2	0	
+2.190840E-07	2	0	
+2.175000E-07	2	0	
+2.226600E-07	2	0	
+2.228760E-07	2	0	
+2.206140E-07	2	0	
+2.234160E-07	2	0	
-1.510890E-06	3	0	
-2.265510E-06	3	0	
-5.824320E-07	3	0	
+2.189040E-07	1	0	
+2.226720E-07	1	0	
+2.158920E-07	1	0	
+2.252760E-07	1	0	
+2.332380E-07	1	0	
+2.477040E-07	1	0	
+1.856160E-07	1	0	
+2.203020E-07	1	0	
+2.169240E-07	1	0	
+2.167740E-07	1	0	
+2.144940E-07	1	0	
+2.180820E-07	1	0	
+2.273760E-07	1	0	
+2.325300E-07	1	0	
+1.802340E-07	1	0	
+2.216040E-07	1	0	
+2.176500E-07	1	0	
+2.200740E-07	1	0	
+2.110140E-07	1	0	
+2.263620E-07	1	0	
+2.248560E-07	1	0	
+2.255340E-07	1	0	
+2.195280E-07	1	0	
+2.193360E-07	1	0	
+2.289660E-07	1	0	
+2.180280E-07	1	0	
+2.143320E-07	1	0	
+1.935054E-06	4	0	
+2.701188E-06	4	0	
+1.024938E-06	4	0	
+2.249820E-07	2	0	
+2.177940E-07	2	0	
+2.138940E-07	2	0	
+2.177640E-07	2	0	
+2.187480E-07	2	0	
+2.042700E-07	2	0	
+2.064720E-07	2	0	
+2.162400E-07	2	0	
+2.127720E-07	2	0	
+2.074860E-07	2	0	
+2.170440E-07	2	0	
+2.114400E-07	2	0	
+2.074440E-07	2	0	
+2.018880E-07	2	0	
+2.092980E-07	2	0	
+2.079180E-07	2	0	
+2.060400E-07	2	0	
+2.155740E-07	2	0	
+2.154780E-07	2	0	
+2.266260E-07	2	0	
+2.164200E-07	2	0	
+2.074080E-07	2	0	
+2.082540E-07	2	0	
+2.007240E-07	2	0	
+2.082540E-07	2	0	
+2.110140E-07	2	0	
+2.128860E-07	2	0	
-1.520898E-06	3	0	
-2.285802E-06	3	0	
-6.015540E-07	3	0	
+2.238780E-07	1	0	
+2.203680E-07	1	0	
+2.022240E-07	1	0	
+2.116740E-07	1	0	
+2.231160E-07	1	0	
+2.101860E-07	1	0	
+2.219520E-07	1	0	
+2.111160E-07	1	0	
+2.089140E-07	1	0	
+2.121960E-07	1	0	
+2.042220E-07	1	0	
+2.024160E-07	1	0	
+2.125080E-07	1	0	
+2.209680E-07	1	0	
+2.193480E-07	1	0	
+2.053140E-07	1	0	
+2.065920E-07	1	0	
+2.078040E-07	1	0	
+2.104200E-07	1	0	
+2.117940E-07	1	0	
+2.035440E-07	1	0	
+2.046840E-07	1	0	
+2.115120E-07	1	0	
+2.088540E-07	1	0	
+2.169960E-07	1	0	
+2.148540E-07	1	0	
+2.183160E-07	1	0	
+1.933416E-06	4	0	
+2.697012E-06	4	0	
+1.013964E-06	4	0	
+2.050140E-07	2	0	
+2.125560E-07	2	0	
+2.111100E-07	2	0	
+2.041140E-07	2	0	
+2.106300E-07	2	0	
+2.062920E-07	2	0	
+2.094360E-07	2	0	
+2.178240E-07	2	0	
+2.063220E-07	2	0	
+2.168400E-07	2	0	
+2.157540E-07	2	0	
+1.989240E-07	2	0	
+2.150160E-07	2	0	
+2.178600E-07	2	0	
+2.108700E-07	2	0	
+2.040840E-07	2	0	
+2.046300E-07	2	0	
+1.966020E-07	2	0	
+2.119800E-07	2	0	
+2.064480E-07	2	0	
+2.010840E-07	2	0	
+2.126340E-07	2	0	
+2.127840E-07	2	0	
+2.099280E-07	2	0	
+1.968000E-07	2	0	
+1.973940E-07	2	0	
+2.048460E-07	2	0	
-1.534854E-06	3	0	
-2.290518E-06	3	0	
-6.002400E-07	3	0	
+2.027580E-07	1	0	
+2.052060E-07	1	0	
+2.060940E-07	1	0	
+1.989840E-07	1	0	
+1.941300E-07	1	0	
+1.915500E-07	1	0	
+1.985520E-07	1	0	
+1.858620E-07	1	0	
+1.869900E-07	1	0	
+1.909980E-07	1	0	
+1.988640E-07	1	0	
+1.898340E-07	1	0	
+1.820040E-07	1	0	
+1.881960E-07	1	0	
+1.884240E-07	1	0	
+1.847880E-07	1	0	
+1.985820E-07	1	0	
+1.966800E-07	1	0	
+1.890780E-07	1	0	
+1.820700E-07	1	0	
+1.803660E-07	1	0	
+1.845780E-07	1	0	
+1.957680E-07	1	0	
+1.834680E-07	1	0	
+1.845900E-07	1	0	
+1.865820E-07	1	0	
+1.934520E-07	1	0	
+1.914084E-06	4	0	
+2.669964E-06	4	0	
+9.956760E-07	4	0	
+1.817160E-07	2	0	
+1.764420E-07	2	0	
+1.854060E-07	2	0	
+1.792200E-07	2	0	
+1.793700E-07	2	0	
+1.808280E-07	2	0	
+1.793760E-07	2	0	
+1.891080E-07	2	0	
+1.756920E-07	2	0	
+1.804740E-07	2	0	
+1.857000E-07	2	0	
+1.865640E-07	2	0	
+1.904760E-07	2	0	
+1.831800E-07	2	0	
+1.820400E-07	2	0	
+1.907580E-07	2	0	
+1.865700E-07	2	0	
+1.868100E-07	2	0	
+1.807620E-07	2	0	
+1.922280E-07	2	0	
+1.889940E-07	2	0	
+1.897740E-07	2	0	
+1.890840E-07	2	0	
+1.938480E-07	2	0	
+1.793340E-07	2	0	
+1.759140E-07	2	0	
+1.769460E-07	2	0	
-1.538928E-06	3	0	
-2.291898E-06	3	0	
-6.152700E-07	3	0	
+1.970520E-07	1	0	
+1.943340E-07	1	0	
+1.992720E-07	1	0	
+1.792740E-07	1	0	
+1.864560E-07	1	0	
+1.879680E-07	1	0	
+1.878960E-07	1	0	
+1.875480E-07	1	0	
+1.880760E-07	1	0	
+1.772040E-07	1	0	
+1.852920E-07	1	0	
+1.838040E-07	1	0	
+1.880220E-07	1	0	
+1.834920E-07	1	0	
+1.868760E-07	1	0	
+1.860660E-07	1	0	
+1.823280E-07	1	0	
+1.870020E-07	1	0	
+1.956600E-07	1	0	
+1.872120E-07	1	0	
+1.899780E-07	1	0	
+1.948800E-07	1	0	
+1.866180E-07	1	0	
+1.975800E-07	1	0	
+1.891320E-07	1	0	
+1.850700E-07	1	0	
+2.002680E-07	1	0	
+1.924152E-06	4	0	
+2.684790E-06	4	0	
+9.917700E-07	4	0	
+1.855380E-07	2	0	
+1.898760E-07	2	0	
+2.101140E-07	2	0	
+1.869960E-07	2	0	
+1.892160E-07	2	0	
+1.953540E-07	2	0	
+1.894980E-07	2	0	
+1.998240E-07	2	0	
+1.953840E-07	2	0	
+1.985940E-07	2	0	
+1.998000E-07	2	0	
+2.057760E-07	2	0	
+2.037180E-07	2	0	
+2.060280E-07	2	0	
+2.025180E-07	2	0	
+1.877160E-07	2	0	
+2.124360E-07	2	0	
+2.084400E-07	2	0	
+2.074020E-07	2	0	
+2.007900E-07	2	0	
+1.950780E-07	2	0	
+2.089800E-07	2	0	
+2.001900E-07	2	0	
+1.975080E-07	2	0	
+2.101980E-07	2	0	
+1.996440E-07	2	0	
+1.954560E-07	2	0	
-1.537764E-06	3	0	
-2.285244E-06	3	0	
-5.991840E-07	3	0	
+2.094240E-07	1	0	
+2.120280E-07	1	0	
+2.226900E-07	1	0	
+2.063520E-07	1	0	
+2.123760E-07	1	0	
+2.082480E-07	1	0	
+2.182920E-07	1	0	
+2.182200E-07	1	0	
+2.151540E-07	1	0	
+2.113920E-07	1	0	
+2.074440E-07	1	0	
+2.016720E-07	1	0	
+2.091420E-07	1	0	
+2.095800E-07	1	0	
+2.184360E-07	1	0	
+2.102040E-07	1	0	
+2.232600E-07	1	0	
+2.053560E-07	1	0	
+2.137500E-07	1	0	
+2.078520E-07	1	0	
+2.050980E-07	1	0	
+2.054760E-07	1	0	
+2.116620E-07	1	0	
+2.086680E-07	1	0	
+2.136300E-07	1	0	
+2.217120E-07	1	0	
+2.213040E-07	1	0	
+1.939140E-06	4	0	
+2.698290E-06	4	0	
+1.012968E-06	4	0	
+2.129340E-07	2	0	
+2.149260E-07	2	0	
+2.199300E-07	2	0	
+2.269860E-07	2	0	
+2.115960E-07	2	0	
+2.155080E-07	2	0	
+2.087880E-07	2	0	
+2.152500E-07	2	0	
+2.005680E-07	2	0	
+2.047380E-07	2	0	
+2.169060E-07	2	0	
+2.152560E-07	2	0	
+2.012760E-07	2	0	
+2.111160E-07	2	0	
+2.058720E-07	2	0	
+2.159940E-07	2	0	
+2.138100E-07	2	0	
+2.162820E-07	2	0	
+2.112360E-07	2	0	
+2.112840E-07	2	0	
+2.135340E-07	2	0	
+2.077620E-07	2	0	
+2.193840E-07	2	0	
+2.119920E-07	2	0	
+2.177280E-07	2	0	
+2.186580E-07	2	0	
+2.080860E-07	2	0	
-1.516068E-06	3	0	
-2.281860E-06	3	0	
