start date: 	2023-08-11
start time: 	15.37.41
stop date: 	2023-08-11
stop time: 	15.58.50
com rel. humid (%):	33.5
com temp (°C):	29.00
cn temp (°C):	31.06
nv temp (°C):	35.25
bvd averages: 	     20
remarks: 	CCC probe connected to GaAs probe, GaAs 8 V+=Yel, V-=Wht, I+=Wht, I-=Blk, B = 11.56 T (84.4 A), Psample = 3.0 - 4.0e-3 mbar, using 4G power supply
R1 Info: 	NIST-QHRGaAs13k-8
R2 Info: 	1214
data filepath: 	M:\MagniconData\CCCViewerData\cccviewer_measure\2023-08-11_CCC\230811_004_1537.txt
config filepath: 	M:\MagniconData\CCCViewerData\cccviewer_measure\2023-08-11_CCC\230811_004_1537_cccdrive.cfg
time base (Hz): 	60
integration time (time base multiples):	60
number of samples per half cycle: 	30
ignored first samples: 	14
ignored last samples: 	0
amplifier gain: 	1000000
delta N1/NA (mTurns): 	19.675921183
delta (I2*R2) (V): 	1.000030519
N1 (Turns):	2065
N2 (Turns):	16
NA (Turns):	1
R1 (Ohm): 	12906.404000
R2 (Ohm): 	100.000000

data(V)	phase	error
+2.140020E-07	1	0	
+2.073840E-07	1	0	
+2.077920E-07	1	0	
+1.978320E-07	1	0	
+2.024040E-07	1	0	
+1.978920E-07	1	0	
+2.082840E-07	1	0	
+1.879140E-07	1	0	
+2.026860E-07	1	0	
+1.996980E-07	1	0	
+2.040840E-07	1	0	
+2.167800E-07	1	0	
+2.033520E-07	1	0	
+2.009340E-07	1	0	
+1.952460E-07	1	0	
+2.002080E-07	1	0	
+2.066580E-07	1	0	
+2.057040E-07	1	0	
+2.036760E-07	1	0	
+2.086080E-07	1	0	
+2.116620E-07	1	0	
+2.011260E-07	1	0	
+2.100300E-07	1	0	
+2.110860E-07	1	0	
+2.064120E-07	1	0	
+2.091300E-07	1	0	
+2.099880E-07	1	0	
+2.156340E-07	1	0	
-1.142166E-06	4	0	
-1.753446E-06	4	0	
-4.420500E-07	4	0	
+2.156700E-07	2	0	
+2.199120E-07	2	0	
+2.064360E-07	2	0	
+2.292840E-07	2	0	
+2.170320E-07	2	0	
+2.221380E-07	2	0	
+2.283960E-07	2	0	
+2.253720E-07	2	0	
+2.204580E-07	2	0	
+2.286780E-07	2	0	
+2.242980E-07	2	0	
+2.283600E-07	2	0	
+2.295180E-07	2	0	
+2.254020E-07	2	0	
+2.203080E-07	2	0	
+2.205240E-07	2	0	
+2.213700E-07	2	0	
+2.277900E-07	2	0	
+2.404440E-07	2	0	
+2.267580E-07	2	0	
+2.269500E-07	2	0	
+2.207520E-07	2	0	
+2.235000E-07	2	0	
+2.306460E-07	2	0	
+2.297040E-07	2	0	
+2.275920E-07	2	0	
+2.293500E-07	2	0	
+1.589202E-06	3	0	
+2.224086E-06	3	0	
+8.891880E-07	3	0	
+2.256240E-07	1	0	
+2.296380E-07	1	0	
+2.212680E-07	1	0	
+2.186160E-07	1	0	
+2.241540E-07	1	0	
+2.264220E-07	1	0	
+2.155380E-07	1	0	
+2.210460E-07	1	0	
+2.266800E-07	1	0	
+2.170440E-07	1	0	
+2.160660E-07	1	0	
+2.160060E-07	1	0	
+2.294340E-07	1	0	
+2.287260E-07	1	0	
+2.217960E-07	1	0	
+2.250240E-07	1	0	
+2.191020E-07	1	0	
+2.167680E-07	1	0	
+2.270280E-07	1	0	
+2.155620E-07	1	0	
+2.216700E-07	1	0	
+2.239020E-07	1	0	
+2.242200E-07	1	0	
+2.331900E-07	1	0	
+2.233140E-07	1	0	
+2.259900E-07	1	0	
+2.102400E-07	1	0	
-1.136976E-06	4	0	
-1.749096E-06	4	0	
-4.319220E-07	4	0	
+2.187540E-07	2	0	
+2.158200E-07	2	0	
+2.259780E-07	2	0	
+2.310360E-07	2	0	
+2.229780E-07	2	0	
+2.221860E-07	2	0	
+2.234640E-07	2	0	
+2.312040E-07	2	0	
+2.282160E-07	2	0	
+2.263260E-07	2	0	
+2.254440E-07	2	0	
+2.247360E-07	2	0	
+2.292900E-07	2	0	
+2.311380E-07	2	0	
+2.295600E-07	2	0	
+2.274660E-07	2	0	
+2.198880E-07	2	0	
+2.266980E-07	2	0	
+2.147640E-07	2	0	
+2.272380E-07	2	0	
+2.329560E-07	2	0	
+2.356260E-07	2	0	
+2.244900E-07	2	0	
+2.310240E-07	2	0	
+2.321160E-07	2	0	
+2.190180E-07	2	0	
+2.305200E-07	2	0	
+1.589238E-06	3	0	
+2.226462E-06	3	0	
+8.915820E-07	3	0	
+2.289480E-07	1	0	
+2.292060E-07	1	0	
+2.327520E-07	1	0	
+2.255940E-07	1	0	
+2.188500E-07	1	0	
+2.174760E-07	1	0	
+2.299500E-07	1	0	
+2.221680E-07	1	0	
+2.238300E-07	1	0	
+2.140200E-07	1	0	
+2.229780E-07	1	0	
+2.295360E-07	1	0	
+2.254860E-07	1	0	
+2.209980E-07	1	0	
+2.126220E-07	1	0	
+2.197260E-07	1	0	
+2.340240E-07	1	0	
+2.217780E-07	1	0	
+2.221560E-07	1	0	
+2.182740E-07	1	0	
+2.227380E-07	1	0	
+2.297460E-07	1	0	
+2.277780E-07	1	0	
+2.287860E-07	1	0	
+2.280480E-07	1	0	
+2.181000E-07	1	0	
+2.174220E-07	1	0	
-1.136088E-06	4	0	
-1.753632E-06	4	0	
-4.332900E-07	4	0	
+2.298360E-07	2	0	
+2.204940E-07	2	0	
+2.358240E-07	2	0	
+2.345760E-07	2	0	
+2.285280E-07	2	0	
+2.216040E-07	2	0	
+2.284620E-07	2	0	
+2.337960E-07	2	0	
+2.311020E-07	2	0	
+2.410980E-07	2	0	
+2.298900E-07	2	0	
+2.310000E-07	2	0	
+2.437980E-07	2	0	
+2.340000E-07	2	0	
+2.209080E-07	2	0	
+2.381040E-07	2	0	
+2.212740E-07	2	0	
+2.332800E-07	2	0	
+2.372100E-07	2	0	
+2.331300E-07	2	0	
+2.379840E-07	2	0	
+2.243100E-07	2	0	
+2.257560E-07	2	0	
+2.307480E-07	2	0	
+2.270280E-07	2	0	
+2.339160E-07	2	0	
+2.384400E-07	2	0	
+1.604034E-06	3	0	
+2.222598E-06	3	0	
+8.913360E-07	3	0	
+2.305560E-07	1	0	
+2.258040E-07	1	0	
+2.298660E-07	1	0	
+2.324640E-07	1	0	
+2.269680E-07	1	0	
+2.230440E-07	1	0	
+2.424300E-07	1	0	
+2.324820E-07	1	0	
+2.284320E-07	1	0	
+2.337840E-07	1	0	
+2.287560E-07	1	0	
+2.317740E-07	1	0	
+2.198520E-07	1	0	
+2.191200E-07	1	0	
+2.325660E-07	1	0	
+2.364000E-07	1	0	
+2.281620E-07	1	0	
+2.191080E-07	1	0	
+2.199300E-07	1	0	
+2.294040E-07	1	0	
+2.351880E-07	1	0	
+2.243940E-07	1	0	
+2.225340E-07	1	0	
+2.182200E-07	1	0	
+2.314140E-07	1	0	
+2.239620E-07	1	0	
+2.179560E-07	1	0	
-1.125606E-06	4	0	
-1.753482E-06	4	0	
-4.383120E-07	4	0	
+2.287560E-07	2	0	
+2.270400E-07	2	0	
+2.290920E-07	2	0	
+2.221020E-07	2	0	
+2.251680E-07	2	0	
+2.207700E-07	2	0	
+2.197140E-07	2	0	
+2.214600E-07	2	0	
+2.197560E-07	2	0	
+2.182200E-07	2	0	
+2.171760E-07	2	0	
+2.285460E-07	2	0	
+2.236140E-07	2	0	
+2.215560E-07	2	0	
+2.283120E-07	2	0	
+2.191080E-07	2	0	
+2.229900E-07	2	0	
+2.264400E-07	2	0	
+2.232480E-07	2	0	
+2.193900E-07	2	0	
+2.279280E-07	2	0	
+2.300400E-07	2	0	
+2.306640E-07	2	0	
+2.315940E-07	2	0	
+2.165220E-07	2	0	
+2.247420E-07	2	0	
+2.329020E-07	2	0	
+1.583538E-06	3	0	
+2.215230E-06	3	0	
+8.933760E-07	3	0	
+2.293860E-07	1	0	
+2.274120E-07	1	0	
+2.328900E-07	1	0	
+2.280300E-07	1	0	
+2.272080E-07	1	0	
+2.266440E-07	1	0	
+2.197140E-07	1	0	
+2.299560E-07	1	0	
+2.152560E-07	1	0	
+2.221440E-07	1	0	
+2.237100E-07	1	0	
+2.266500E-07	1	0	
+2.280900E-07	1	0	
+2.304480E-07	1	0	
+2.359920E-07	1	0	
+2.279760E-07	1	0	
+2.249460E-07	1	0	
+2.170800E-07	1	0	
+2.219340E-07	1	0	
+2.277840E-07	1	0	
+2.300520E-07	1	0	
+2.264940E-07	1	0	
+2.280000E-07	1	0	
+2.182320E-07	1	0	
+2.169120E-07	1	0	
+2.238300E-07	1	0	
+2.158140E-07	1	0	
-1.137858E-06	4	0	
-1.746024E-06	4	0	
-4.357320E-07	4	0	
+2.392800E-07	2	0	
+2.262420E-07	2	0	
+2.243820E-07	2	0	
+2.243820E-07	2	0	
+2.386500E-07	2	0	
+2.344560E-07	2	0	
+2.259060E-07	2	0	
+2.330820E-07	2	0	
+2.237640E-07	2	0	
+2.262360E-07	2	0	
+2.186400E-07	2	0	
+2.196120E-07	2	0	
+2.253720E-07	2	0	
+2.267220E-07	2	0	
+2.264400E-07	2	0	
+2.379540E-07	2	0	
+2.390220E-07	2	0	
+2.281740E-07	2	0	
+2.331660E-07	2	0	
+2.426640E-07	2	0	
+2.422440E-07	2	0	
+2.327520E-07	2	0	
+2.386080E-07	2	0	
+2.352720E-07	2	0	
+2.288040E-07	2	0	
+2.425080E-07	2	0	
+2.357880E-07	2	0	
+1.608600E-06	3	0	
+2.230506E-06	3	0	
+8.845320E-07	3	0	
+2.410800E-07	1	0	
+2.261820E-07	1	0	
+2.308440E-07	1	0	
+2.327340E-07	1	0	
+2.236260E-07	1	0	
+2.423760E-07	1	0	
+2.231220E-07	1	0	
+2.224380E-07	1	0	
+2.290680E-07	1	0	
+2.298600E-07	1	0	
+2.306940E-07	1	0	
+2.332980E-07	1	0	
+2.301420E-07	1	0	
+2.399100E-07	1	0	
+2.225460E-07	1	0	
+2.278740E-07	1	0	
+2.257500E-07	1	0	
+2.285940E-07	1	0	
+2.268660E-07	1	0	
+2.283480E-07	1	0	
+2.256540E-07	1	0	
+2.310660E-07	1	0	
+2.164200E-07	1	0	
+2.247000E-07	1	0	
+2.205660E-07	1	0	
+2.203620E-07	1	0	
+2.126760E-07	1	0	
-1.139232E-06	4	0	
-1.754478E-06	4	0	
-4.278360E-07	4	0	
+2.263140E-07	2	0	
+2.194500E-07	2	0	
+2.336580E-07	2	0	
+2.207760E-07	2	0	
+2.211420E-07	2	0	
+2.194680E-07	2	0	
+2.189220E-07	2	0	
+2.184540E-07	2	0	
+2.197740E-07	2	0	
+2.287380E-07	2	0	
+2.208420E-07	2	0	
+2.237280E-07	2	0	
+2.223960E-07	2	0	
+2.176500E-07	2	0	
+2.128740E-07	2	0	
+2.132520E-07	2	0	
+2.122620E-07	2	0	
+2.248140E-07	2	0	
+2.255700E-07	2	0	
+2.117940E-07	2	0	
+2.284320E-07	2	0	
+2.166720E-07	2	0	
+2.130120E-07	2	0	
+2.185500E-07	2	0	
+2.163480E-07	2	0	
+2.116260E-07	2	0	
+2.190540E-07	2	0	
+1.576854E-06	3	0	
+2.212140E-06	3	0	
+8.802420E-07	3	0	
+2.080080E-07	1	0	
+2.246100E-07	1	0	
+2.156280E-07	1	0	
+2.154540E-07	1	0	
+2.154060E-07	1	0	
+2.231160E-07	1	0	
+2.244720E-07	1	0	
+2.145360E-07	1	0	
+2.096160E-07	1	0	
+2.075340E-07	1	0	
+2.118120E-07	1	0	
+2.075040E-07	1	0	
+2.141580E-07	1	0	
+2.154180E-07	1	0	
+2.119980E-07	1	0	
+2.016780E-07	1	0	
+2.140440E-07	1	0	
+2.169480E-07	1	0	
+2.202660E-07	1	0	
+2.227980E-07	1	0	
+2.150520E-07	1	0	
+1.980120E-07	1	0	
+2.118360E-07	1	0	
+2.236800E-07	1	0	
+2.109840E-07	1	0	
+2.091720E-07	1	0	
+2.119680E-07	1	0	
-1.147188E-06	4	0	
-1.753998E-06	4	0	
-4.354860E-07	4	0	
+2.171220E-07	2	0	
+2.131200E-07	2	0	
+2.095500E-07	2	0	
+2.041440E-07	2	0	
+2.205900E-07	2	0	
+2.228460E-07	2	0	
+2.176920E-07	2	0	
+2.153040E-07	2	0	
+2.209200E-07	2	0	
+2.207040E-07	2	0	
+2.142780E-07	2	0	
+2.232060E-07	2	0	
+2.157420E-07	2	0	
+2.155680E-07	2	0	
+2.243220E-07	2	0	
+2.278140E-07	2	0	
+2.127300E-07	2	0	
+2.100300E-07	2	0	
+2.116560E-07	2	0	
+2.101680E-07	2	0	
+2.203680E-07	2	0	
+2.322180E-07	2	0	
+2.190060E-07	2	0	
+2.270700E-07	2	0	
+2.204640E-07	2	0	
+2.218860E-07	2	0	
+2.200620E-07	2	0	
+1.580856E-06	3	0	
+2.201784E-06	3	0	
+8.875620E-07	3	0	
+2.163540E-07	1	0	
+2.181600E-07	1	0	
+2.220180E-07	1	0	
+2.146080E-07	1	0	
+2.214060E-07	1	0	
+2.119260E-07	1	0	
+2.223000E-07	1	0	
+2.238960E-07	1	0	
+2.147160E-07	1	0	
+2.262360E-07	1	0	
+2.169240E-07	1	0	
+2.244420E-07	1	0	
+2.206020E-07	1	0	
+2.194320E-07	1	0	
+2.211900E-07	1	0	
+2.167260E-07	1	0	
+2.171760E-07	1	0	
+2.163540E-07	1	0	
+2.219340E-07	1	0	
+2.116920E-07	1	0	
+2.207940E-07	1	0	
+2.209140E-07	1	0	
+2.156460E-07	1	0	
+2.335020E-07	1	0	
+2.176200E-07	1	0	
+2.282100E-07	1	0	
+2.213700E-07	1	0	
-1.136346E-06	4	0	
-1.759422E-06	4	0	
-4.404180E-07	4	0	
+2.198220E-07	2	0	
+2.200080E-07	2	0	
+2.220540E-07	2	0	
+2.260800E-07	2	0	
+2.260500E-07	2	0	
+2.085180E-07	2	0	
+2.195160E-07	2	0	
+2.234220E-07	2	0	
+2.274720E-07	2	0	
+2.152980E-07	2	0	
+2.225520E-07	2	0	
+2.258220E-07	2	0	
+2.292600E-07	2	0	
+2.168280E-07	2	0	
+2.315280E-07	2	0	
+2.262780E-07	2	0	
+2.272140E-07	2	0	
+2.247240E-07	2	0	
+2.390100E-07	2	0	
+2.306580E-07	2	0	
+2.205240E-07	2	0	
+2.194860E-07	2	0	
+2.233380E-07	2	0	
+2.298840E-07	2	0	
+2.375100E-07	2	0	
+2.239380E-07	2	0	
+2.309100E-07	2	0	
+1.598916E-06	3	0	
+2.220042E-06	3	0	
+8.870040E-07	3	0	
+2.242380E-07	1	0	
+2.256960E-07	1	0	
+2.319240E-07	1	0	
+2.192580E-07	1	0	
+2.182020E-07	1	0	
+2.222220E-07	1	0	
+2.304420E-07	1	0	
+2.273880E-07	1	0	
+2.212980E-07	1	0	
+2.299560E-07	1	0	
+2.290260E-07	1	0	
+2.233920E-07	1	0	
+2.223000E-07	1	0	
+2.175720E-07	1	0	
+2.172420E-07	1	0	
+2.253060E-07	1	0	
+2.264940E-07	1	0	
+2.235660E-07	1	0	
+2.289420E-07	1	0	
+2.237880E-07	1	0	
+2.197620E-07	1	0	
+2.219820E-07	1	0	
+2.251440E-07	1	0	
+2.161920E-07	1	0	
+2.307420E-07	1	0	
+2.198700E-07	1	0	
+2.357700E-07	1	0	
-1.125972E-06	4	0	
-1.746528E-06	4	0	
-4.410720E-07	4	0	
+2.305140E-07	2	0	
+2.335260E-07	2	0	
+2.376900E-07	2	0	
+2.449440E-07	2	0	
+2.348400E-07	2	0	
+2.413620E-07	2	0	
+2.376720E-07	2	0	
+2.363340E-07	2	0	
+2.434200E-07	2	0	
+2.220780E-07	2	0	
+2.283120E-07	2	0	
+2.343600E-07	2	0	
+2.352720E-07	2	0	
+2.339400E-07	2	0	
+2.330040E-07	2	0	
+2.376060E-07	2	0	
+2.421000E-07	2	0	
+2.364780E-07	2	0	
+2.344860E-07	2	0	
+2.312520E-07	2	0	
+2.437200E-07	2	0	
+2.438580E-07	2	0	
+2.293020E-07	2	0	
+2.361660E-07	2	0	
+2.309280E-07	2	0	
+2.396100E-07	2	0	
+2.509500E-07	2	0	
+1.599714E-06	3	0	
+2.227860E-06	3	0	
+9.170940E-07	3	0	
+2.592300E-07	1	0	
+2.373240E-07	1	0	
+2.393220E-07	1	0	
+2.537400E-07	1	0	
+2.455500E-07	1	0	
+2.381640E-07	1	0	
+2.324040E-07	1	0	
+2.353260E-07	1	0	
+2.411400E-07	1	0	
+2.387820E-07	1	0	
+2.398140E-07	1	0	
+2.367900E-07	1	0	
+2.401440E-07	1	0	
+2.196000E-07	1	0	
+2.290080E-07	1	0	
+2.330940E-07	1	0	
+2.330760E-07	1	0	
+2.350500E-07	1	0	
+2.342220E-07	1	0	
+2.305200E-07	1	0	
+2.326980E-07	1	0	
+2.305200E-07	1	0	
+2.380200E-07	1	0	
+2.362800E-07	1	0	
+2.390880E-07	1	0	
+2.403120E-07	1	0	
+2.345160E-07	1	0	
-1.130724E-06	4	0	
-1.738602E-06	4	0	
-4.283580E-07	4	0	
+2.244660E-07	2	0	
+2.291460E-07	2	0	
+2.358300E-07	2	0	
+2.364780E-07	2	0	
+2.415240E-07	2	0	
+2.447760E-07	2	0	
+2.374620E-07	2	0	
+2.481660E-07	2	0	
+2.405040E-07	2	0	
+2.425740E-07	2	0	
+2.362620E-07	2	0	
+2.356200E-07	2	0	
+2.324460E-07	2	0	
+2.494980E-07	2	0	
+2.441700E-07	2	0	
+2.268780E-07	2	0	
+2.364660E-07	2	0	
+2.389920E-07	2	0	
+2.283120E-07	2	0	
+2.399760E-07	2	0	
+2.370600E-07	2	0	
+2.390640E-07	2	0	
+2.247840E-07	2	0	
+2.246820E-07	2	0	
+2.276460E-07	2	0	
+2.291580E-07	2	0	
+2.253420E-07	2	0	
+1.591884E-06	3	0	
+2.243766E-06	3	0	
+9.034260E-07	3	0	
+2.416620E-07	1	0	
+2.344680E-07	1	0	
+2.404560E-07	1	0	
+2.333280E-07	1	0	
+2.348880E-07	1	0	
+2.352180E-07	1	0	
+2.297640E-07	1	0	
+2.227020E-07	1	0	
+2.269920E-07	1	0	
+2.315400E-07	1	0	
+2.212620E-07	1	0	
+2.302740E-07	1	0	
+2.223120E-07	1	0	
+2.241420E-07	1	0	
+2.287200E-07	1	0	
+2.283840E-07	1	0	
+2.173920E-07	1	0	
+2.250540E-07	1	0	
+2.270640E-07	1	0	
+2.341320E-07	1	0	
+2.209560E-07	1	0	
+2.223720E-07	1	0	
+2.263860E-07	1	0	
+2.257740E-07	1	0	
+2.154180E-07	1	0	
+2.229060E-07	1	0	
+2.207220E-07	1	0	
-1.150242E-06	4	0	
-1.762956E-06	4	0	
-4.453560E-07	4	0	
+2.106900E-07	2	0	
+2.146860E-07	2	0	
+2.161140E-07	2	0	
+2.219880E-07	2	0	
+2.211540E-07	2	0	
+2.119380E-07	2	0	
+2.156580E-07	2	0	
+2.220780E-07	2	0	
+2.114040E-07	2	0	
+2.209200E-07	2	0	
+2.252040E-07	2	0	
+2.115420E-07	2	0	
+2.161020E-07	2	0	
+2.190180E-07	2	0	
+2.116800E-07	2	0	
+2.112420E-07	2	0	
+2.224200E-07	2	0	
+2.251620E-07	2	0	
+2.284800E-07	2	0	
+2.285880E-07	2	0	
+2.240580E-07	2	0	
+2.283360E-07	2	0	
+2.303580E-07	2	0	
+2.259780E-07	2	0	
+2.339340E-07	2	0	
+2.223660E-07	2	0	
+2.214480E-07	2	0	
+1.584156E-06	3	0	
+2.209200E-06	3	0	
+8.765940E-07	3	0	
+2.174760E-07	1	0	
+2.105760E-07	1	0	
+2.112600E-07	1	0	
+2.080380E-07	1	0	
+2.082240E-07	1	0	
+2.210880E-07	1	0	
+2.187780E-07	1	0	
+2.196000E-07	1	0	
+2.172120E-07	1	0	
+2.208420E-07	1	0	
+2.265480E-07	1	0	
+2.079120E-07	1	0	
+2.218560E-07	1	0	
+2.166360E-07	1	0	
+1.998300E-07	1	0	
+2.225340E-07	1	0	
+2.152140E-07	1	0	
+2.099040E-07	1	0	
+2.150640E-07	1	0	
+2.191980E-07	1	0	
+2.007060E-07	1	0	
+2.051820E-07	1	0	
+2.096280E-07	1	0	
+2.148900E-07	1	0	
+2.101380E-07	1	0	
+2.012280E-07	1	0	
+2.139360E-07	1	0	
-1.155180E-06	4	0	
-1.773264E-06	4	0	
-4.556100E-07	4	0	
+1.949640E-07	2	0	
+1.998840E-07	2	0	
+2.041680E-07	2	0	
+2.030040E-07	2	0	
+2.060700E-07	2	0	
+1.997400E-07	2	0	
+2.079960E-07	2	0	
+2.040660E-07	2	0	
+2.000820E-07	2	0	
+2.051580E-07	2	0	
+2.043660E-07	2	0	
+1.991640E-07	2	0	
+2.058960E-07	2	0	
+2.123760E-07	2	0	
+2.073360E-07	2	0	
+2.040420E-07	2	0	
+1.958880E-07	2	0	
+1.979640E-07	2	0	
+2.031720E-07	2	0	
+2.011500E-07	2	0	
+2.039640E-07	2	0	
+2.060640E-07	2	0	
+1.907700E-07	2	0	
+2.033580E-07	2	0	
+2.124780E-07	2	0	
+2.019780E-07	2	0	
+1.976820E-07	2	0	
+1.566672E-06	3	0	
+2.194884E-06	3	0	
+8.567340E-07	3	0	
+2.014860E-07	1	0	
+2.101560E-07	1	0	
+2.057400E-07	1	0	
+2.072880E-07	1	0	
+2.000820E-07	1	0	
+2.049240E-07	1	0	
+1.878060E-07	1	0	
+1.987140E-07	1	0	
+2.020020E-07	1	0	
+2.041860E-07	1	0	
+2.041920E-07	1	0	
+1.974300E-07	1	0	
+2.028960E-07	1	0	
+2.034360E-07	1	0	
+2.019360E-07	1	0	
+2.034900E-07	1	0	
+2.021640E-07	1	0	
+2.095680E-07	1	0	
+2.071320E-07	1	0	
+2.216400E-07	1	0	
+2.091600E-07	1	0	
+2.013780E-07	1	0	
+2.054640E-07	1	0	
+2.064420E-07	1	0	
+1.989600E-07	1	0	
+2.074320E-07	1	0	
+2.105040E-07	1	0	
-1.151574E-06	4	0	
-1.772640E-06	4	0	
-4.553160E-07	4	0	
+2.103780E-07	2	0	
+2.056140E-07	2	0	
+2.061840E-07	2	0	
+2.053260E-07	2	0	
+2.033940E-07	2	0	
+2.075340E-07	2	0	
+2.085660E-07	2	0	
+2.133000E-07	2	0	
+2.030520E-07	2	0	
+2.045160E-07	2	0	
+1.980300E-07	2	0	
+1.955160E-07	2	0	
+2.011020E-07	2	0	
+2.051580E-07	2	0	
+1.945620E-07	2	0	
+2.006040E-07	2	0	
+2.022360E-07	2	0	
+2.096040E-07	2	0	
+2.030940E-07	2	0	
+2.105040E-07	2	0	
+2.096400E-07	2	0	
+1.853820E-07	2	0	
+2.015040E-07	2	0	
+2.093820E-07	2	0	
+2.002500E-07	2	0	
+2.117760E-07	2	0	
+2.018820E-07	2	0	
+1.564464E-06	3	0	
+2.196348E-06	3	0	
+8.651400E-07	3	0	
+2.203680E-07	1	0	
+2.121900E-07	1	0	
+2.113020E-07	1	0	
+2.017680E-07	1	0	
+1.893060E-07	1	0	
+1.945440E-07	1	0	
+2.066640E-07	1	0	
+2.040480E-07	1	0	
+2.140140E-07	1	0	
+2.044260E-07	1	0	
+2.034240E-07	1	0	
+2.112360E-07	1	0	
+2.057040E-07	1	0	
+2.086020E-07	1	0	
+2.142900E-07	1	0	
+2.008560E-07	1	0	
+2.013960E-07	1	0	
+2.082600E-07	1	0	
+1.997700E-07	1	0	
+2.049240E-07	1	0	
+2.031000E-07	1	0	
+2.128320E-07	1	0	
+2.052540E-07	1	0	
+1.999380E-07	1	0	
+1.990980E-07	1	0	
+1.978740E-07	1	0	
+1.893420E-07	1	0	
-1.151466E-06	4	0	
-1.774800E-06	4	0	
-4.492260E-07	4	0	
+2.030280E-07	2	0	
+1.953000E-07	2	0	
+1.893660E-07	2	0	
+1.889400E-07	2	0	
+1.920780E-07	2	0	
+1.968000E-07	2	0	
+1.886160E-07	2	0	
+1.961880E-07	2	0	
+2.017380E-07	2	0	
+1.982580E-07	2	0	
+2.027580E-07	2	0	
+1.879680E-07	2	0	
+2.013060E-07	2	0	
+2.005620E-07	2	0	
+1.981620E-07	2	0	
+1.894800E-07	2	0	
+1.855680E-07	2	0	
+1.876020E-07	2	0	
+1.829040E-07	2	0	
+1.839420E-07	2	0	
+1.837200E-07	2	0	
+1.882620E-07	2	0	
+1.837380E-07	2	0	
+1.979880E-07	2	0	
+1.938600E-07	2	0	
+2.004000E-07	2	0	
+1.906980E-07	2	0	
+1.570788E-06	3	0	
+2.193762E-06	3	0	
+8.538480E-07	3	0	
+2.015100E-07	1	0	
+1.958640E-07	1	0	
+1.961520E-07	1	0	
+2.031540E-07	1	0	
+2.014500E-07	1	0	
+1.918560E-07	1	0	
+2.070600E-07	1	0	
+2.019240E-07	1	0	
+2.079540E-07	1	0	
+1.992420E-07	1	0	
+1.945260E-07	1	0	
+1.936080E-07	1	0	
+1.941660E-07	1	0	
+2.064180E-07	1	0	
+1.997280E-07	1	0	
+1.944180E-07	1	0	
+2.034180E-07	1	0	
+2.006100E-07	1	0	
+2.016180E-07	1	0	
+2.041920E-07	1	0	
+2.119620E-07	1	0	
+1.988520E-07	1	0	
+1.995600E-07	1	0	
+2.055060E-07	1	0	
+2.043060E-07	1	0	
+2.010000E-07	1	0	
+2.047980E-07	1	0	
-1.158330E-06	4	0	
-1.766862E-06	4	0	
-4.585860E-07	4	0	
+1.956840E-07	2	0	
+2.067180E-07	2	0	
+1.944480E-07	2	0	
+2.140860E-07	2	0	
+2.001720E-07	2	0	
+2.075220E-07	2	0	
+2.082840E-07	2	0	
+2.101080E-07	2	0	
+2.116500E-07	2	0	
+1.971600E-07	2	0	
+2.112420E-07	2	0	
+2.135460E-07	2	0	
+2.104500E-07	2	0	
+2.115060E-07	2	0	
+2.223600E-07	2	0	
+2.150640E-07	2	0	
+2.108640E-07	2	0	
+2.145000E-07	2	0	
+2.194200E-07	2	0	
+2.058660E-07	2	0	
+2.068860E-07	2	0	
+2.173800E-07	2	0	
+2.118780E-07	2	0	
+2.127960E-07	2	0	
+2.133000E-07	2	0	
+2.124960E-07	2	0	
+2.111340E-07	2	0	
+1.576476E-06	3	0	
+2.201910E-06	3	0	
+8.751120E-07	3	0	
+2.166960E-07	1	0	
+2.147580E-07	1	0	
+2.062500E-07	1	0	
+2.127660E-07	1	0	
+2.189520E-07	1	0	
+2.207820E-07	1	0	
+2.195040E-07	1	0	
+2.145420E-07	1	0	
+2.168760E-07	1	0	
+2.136540E-07	1	0	
+2.114940E-07	1	0	
+2.092740E-07	1	0	
+2.104920E-07	1	0	
+2.160120E-07	1	0	
+2.083200E-07	1	0	
+2.099580E-07	1	0	
+2.129280E-07	1	0	
+2.123160E-07	1	0	
+2.041320E-07	1	0	
+2.074080E-07	1	0	
+2.258820E-07	1	0	
+2.050980E-07	1	0	
+2.166000E-07	1	0	
+2.247840E-07	1	0	
+2.092920E-07	1	0	
+2.013600E-07	1	0	
+2.192220E-07	1	0	
-1.139076E-06	4	0	
-1.772070E-06	4	0	
-4.454460E-07	4	0	
+2.197500E-07	2	0	
+2.172900E-07	2	0	
+2.009040E-07	2	0	
+2.127780E-07	2	0	
+2.128080E-07	2	0	
+2.072040E-07	2	0	
+2.104800E-07	2	0	
+2.141040E-07	2	0	
+2.199900E-07	2	0	
+2.104320E-07	2	0	
+2.083740E-07	2	0	
+2.214960E-07	2	0	
+2.303940E-07	2	0	
+2.092860E-07	2	0	
+2.101560E-07	2	0	
+2.112180E-07	2	0	
+2.059020E-07	2	0	
+2.095380E-07	2	0	
+2.136600E-07	2	0	
+2.131980E-07	2	0	
+2.004300E-07	2	0	
+2.016060E-07	2	0	
+2.065740E-07	2	0	
+2.023680E-07	2	0	
+2.215560E-07	2	0	
+2.120640E-07	2	0	
+2.020200E-07	2	0	
+1.569444E-06	3	0	
+2.211342E-06	3	0	
+8.561160E-07	3	0	
+2.095080E-07	1	0	
+2.075940E-07	1	0	
+2.072640E-07	1	0	
+2.028780E-07	1	0	
+2.076180E-07	1	0	
+2.163060E-07	1	0	
+2.061420E-07	1	0	
+2.108640E-07	1	0	
+2.029020E-07	1	0	
+2.026320E-07	1	0	
+1.946400E-07	1	0	
+2.082120E-07	1	0	
+2.036100E-07	1	0	
+2.129100E-07	1	0	
+2.148780E-07	1	0	
+2.056140E-07	1	0	
+2.178420E-07	1	0	
+2.049420E-07	1	0	
+2.160300E-07	1	0	
+2.090160E-07	1	0	
+2.093760E-07	1	0	
+2.162820E-07	1	0	
+2.033700E-07	1	0	
+2.057880E-07	1	0	
+1.955580E-07	1	0	
+2.166600E-07	1	0	
+2.140560E-07	1	0	
-1.141188E-06	4	0	
-1.765110E-06	4	0	
-4.490340E-07	4	0	
+2.090040E-07	2	0	
+2.134500E-07	2	0	
+2.075400E-07	2	0	
+2.090940E-07	2	0	
+2.163720E-07	2	0	
+2.181240E-07	2	0	
+2.168820E-07	2	0	
+2.251200E-07	2	0	
+2.130360E-07	2	0	
+2.154600E-07	2	0	
+2.054280E-07	2	0	
+2.238120E-07	2	0	
+2.212260E-07	2	0	
+2.245680E-07	2	0	
+2.195880E-07	2	0	
+2.068980E-07	2	0	
+2.169720E-07	2	0	
+2.177400E-07	2	0	
+2.304000E-07	2	0	
+2.253000E-07	2	0	
+2.247000E-07	2	0	
+2.244600E-07	2	0	
+2.231820E-07	2	0	
+2.242560E-07	2	0	
+2.077560E-07	2	0	
+2.129520E-07	2	0	
+2.247840E-07	2	0	
+1.586694E-06	3	0	
+2.218584E-06	3	0	
+8.753100E-07	3	0	
+2.136060E-07	1	0	
+2.107800E-07	1	0	
+2.099100E-07	1	0	
+2.160540E-07	1	0	
+2.151900E-07	1	0	
+2.116380E-07	1	0	
+2.187000E-07	1	0	
+2.253840E-07	1	0	
+2.110560E-07	1	0	
+2.021340E-07	1	0	
+2.121660E-07	1	0	
+2.106840E-07	1	0	
+2.066040E-07	1	0	
+2.234100E-07	1	0	
+2.136060E-07	1	0	
+2.170680E-07	1	0	
+2.064900E-07	1	0	
+2.098680E-07	1	0	
+2.061600E-07	1	0	
+2.082780E-07	1	0	
+2.035320E-07	1	0	
+2.174820E-07	1	0	
+2.131140E-07	1	0	
+2.261460E-07	1	0	
+2.273760E-07	1	0	
+2.092980E-07	1	0	
+2.029140E-07	1	0	
-1.145058E-06	4	0	
-1.765932E-06	4	0	
-4.522560E-07	4	0	
+2.021520E-07	2	0	
+2.192100E-07	2	0	
+2.107800E-07	2	0	
+2.170740E-07	2	0	
+1.966500E-07	2	0	
+2.049300E-07	2	0	
+2.059020E-07	2	0	
+2.186340E-07	2	0	
+2.228100E-07	2	0	
+2.197740E-07	2	0	
+2.052480E-07	2	0	
+2.183640E-07	2	0	
+2.208720E-07	2	0	
+2.148060E-07	2	0	
+2.253540E-07	2	0	
+2.217300E-07	2	0	
+2.213280E-07	2	0	
+2.231820E-07	2	0	
+2.322180E-07	2	0	
+2.116020E-07	2	0	
+2.293020E-07	2	0	
+2.238480E-07	2	0	
+2.289900E-07	2	0	
+2.152140E-07	2	0	
+2.241900E-07	2	0	
+2.250960E-07	2	0	
+2.191020E-07	2	0	
+1.603140E-06	3	0	
+2.226162E-06	3	0	
+8.781360E-07	3	0	
+2.210760E-07	1	0	
+2.206440E-07	1	0	
+2.231880E-07	1	0	
+2.197020E-07	1	0	
+2.195640E-07	1	0	
+2.197140E-07	1	0	
+2.257620E-07	1	0	
+2.175480E-07	1	0	
+2.206800E-07	1	0	
+2.169780E-07	1	0	
+2.210640E-07	1	0	
+2.216340E-07	1	0	
+2.238360E-07	1	0	
+2.318640E-07	1	0	
+2.278440E-07	1	0	
+2.174700E-07	1	0	
+2.160840E-07	1	0	
+2.195400E-07	1	0	
+2.272380E-07	1	0	
+2.266200E-07	1	0	
+2.259000E-07	1	0	
+2.159400E-07	1	0	
+2.153820E-07	1	0	
+2.229540E-07	1	0	
+2.214960E-07	1	0	
+2.146740E-07	1	0	
+2.236980E-07	1	0	
-1.127622E-06	4	0	
-1.747200E-06	4	0	
-4.216080E-07	4	0	
+2.294040E-07	2	0	
+2.195100E-07	2	0	
+2.244420E-07	2	0	
+2.331840E-07	2	0	
+2.271960E-07	2	0	
+2.327820E-07	2	0	
+2.170500E-07	2	0	
+2.259960E-07	2	0	
+2.170080E-07	2	0	
+2.143320E-07	2	0	
+2.125020E-07	2	0	
+2.282040E-07	2	0	
+2.221260E-07	2	0	
+2.216520E-07	2	0	
+2.209380E-07	2	0	
+2.212980E-07	2	0	
+2.279640E-07	2	0	
+2.296500E-07	2	0	
+2.308260E-07	2	0	
+2.403660E-07	2	0	
+2.200980E-07	2	0	
+2.244300E-07	2	0	
+2.363160E-07	2	0	
+2.206080E-07	2	0	
+2.280960E-07	2	0	
+2.218080E-07	2	0	
+2.262180E-07	2	0	
+1.584300E-06	3	0	
+2.214882E-06	3	0	
+8.829660E-07	3	0	
+2.239800E-07	1	0	
+2.170080E-07	1	0	
+2.238480E-07	1	0	
+2.289060E-07	1	0	
+2.203320E-07	1	0	
+2.127240E-07	1	0	
+2.113740E-07	1	0	
+2.182020E-07	1	0	
+2.339940E-07	1	0	
+2.189040E-07	1	0	
+2.171100E-07	1	0	
+2.124720E-07	1	0	
+2.218200E-07	1	0	
+2.181660E-07	1	0	
+2.229420E-07	1	0	
+2.105460E-07	1	0	
+2.238480E-07	1	0	
+2.178660E-07	1	0	
+2.069280E-07	1	0	
+2.064600E-07	1	0	
+2.080080E-07	1	0	
+2.229840E-07	1	0	
+2.245860E-07	1	0	
+2.152740E-07	1	0	
+2.150760E-07	1	0	
+2.155680E-07	1	0	
+2.295240E-07	1	0	
-1.133076E-06	4	0	
-1.755270E-06	4	0	
-4.374960E-07	4	0	
+2.205240E-07	2	0	
+2.125380E-07	2	0	
+2.236080E-07	2	0	
+2.208840E-07	2	0	
+2.183760E-07	2	0	
+2.182980E-07	2	0	
+2.152200E-07	2	0	
+2.212080E-07	2	0	
+2.131620E-07	2	0	
+2.197500E-07	2	0	
+2.225820E-07	2	0	
+2.150100E-07	2	0	
+2.178240E-07	2	0	
+2.255340E-07	2	0	
+2.163120E-07	2	0	
+2.245380E-07	2	0	
+2.301060E-07	2	0	
+2.244180E-07	2	0	
+2.209860E-07	2	0	
+2.136720E-07	2	0	
+2.076180E-07	2	0	
+2.133180E-07	2	0	
+2.209020E-07	2	0	
+2.258340E-07	2	0	
+2.140380E-07	2	0	
+2.189160E-07	2	0	
+2.212500E-07	2	0	
+1.581900E-06	3	0	
+2.218494E-06	3	0	
+8.755440E-07	3	0	
+2.142900E-07	1	0	
+2.174880E-07	1	0	
+2.214120E-07	1	0	
+2.117580E-07	1	0	
+2.198220E-07	1	0	
+2.191740E-07	1	0	
+2.068380E-07	1	0	
+2.172420E-07	1	0	
+2.138520E-07	1	0	
+2.166420E-07	1	0	
+2.147280E-07	1	0	
+2.162400E-07	1	0	
+2.168040E-07	1	0	
+2.133180E-07	1	0	
+2.178180E-07	1	0	
+2.124420E-07	1	0	
+2.146140E-07	1	0	
+2.170080E-07	1	0	
+2.226240E-07	1	0	
+2.126220E-07	1	0	
+2.220780E-07	1	0	
+2.205180E-07	1	0	
+2.087400E-07	1	0	
+2.158020E-07	1	0	
+2.160060E-07	1	0	
+2.233320E-07	1	0	
+2.212860E-07	1	0	
-1.140042E-06	4	0	
-1.758240E-06	4	0	
-4.487160E-07	4	0	
+2.194860E-07	2	0	
+2.183880E-07	2	0	
+2.236680E-07	2	0	
+2.276520E-07	2	0	
+2.098500E-07	2	0	
+2.216820E-07	2	0	
+2.198760E-07	2	0	
+2.201460E-07	2	0	
+2.118780E-07	2	0	
+2.071140E-07	2	0	
+2.172840E-07	2	0	
+2.175300E-07	2	0	
+2.211120E-07	2	0	
+2.234580E-07	2	0	
+2.158560E-07	2	0	
+2.047500E-07	2	0	
+2.177520E-07	2	0	
+2.122440E-07	2	0	
+2.117700E-07	2	0	
+2.186820E-07	2	0	
+2.156220E-07	2	0	
+1.953120E-07	2	0	
+2.113080E-07	2	0	
+2.078760E-07	2	0	
+2.055600E-07	2	0	
+2.000400E-07	2	0	
+2.103120E-07	2	0	
+1.585494E-06	3	0	
+2.197866E-06	3	0	
