start date: 	2023-05-30
start time: 	16.13.16
stop date: 	2023-05-30
stop time: 	16.29.24
com rel. humid (%):	33.7
com temp (°C):	28.10
cn temp (°C):	30.34
nv temp (°C):	34.59
bvd averages: 	     15
remarks: 	CCC ground via instr gnd, CMag-9T, B=9T, T=1.6K, I+=2, I-=13, V+=18, V-=7
R1 Info: 	NIST-QHREG13k-AF2
R2 Info: 	1215
data filepath: 	M:\MagniconData\CCCViewerData\cccviewer_measure\2023-05-30_CCC\230530_003_1613.txt
config filepath: 	M:\MagniconData\CCCViewerData\cccviewer_measure\2023-05-30_CCC\230530_003_1613_cccdrive.cfg
time base (Hz): 	60
integration time (time base multiples):	60
number of samples per half cycle: 	30
ignored first samples: 	14
ignored last samples: 	0
amplifier gain: 	1000000
delta N1/NA (mTurns): 	24.566696025
delta (I2*R2) (V): 	1.000030519
N1 (Turns):	2065
N2 (Turns):	16
NA (Turns):	1
R1 (Ohm): 	12906.404000
R2 (Ohm): 	100.000000

data(V)	phase	error
+2.423340E-07	1	0	
+2.261340E-07	1	0	
+2.240760E-07	1	0	
+2.383500E-07	1	0	
+2.200800E-07	1	0	
+2.320020E-07	1	0	
+2.223600E-07	1	0	
+2.334840E-07	1	0	
+2.414400E-07	1	0	
+2.246160E-07	1	0	
+2.480340E-07	1	0	
+2.275800E-07	1	0	
+2.341320E-07	1	0	
+2.429640E-07	1	0	
+2.281500E-07	1	0	
+2.469420E-07	1	0	
+2.236620E-07	1	0	
+2.381580E-07	1	0	
+2.476020E-07	1	0	
+2.249760E-07	1	0	
+2.520180E-07	1	0	
+2.387400E-07	1	0	
+2.470920E-07	1	0	
+2.532600E-07	1	0	
+2.302800E-07	1	0	
+2.609760E-07	1	0	
+2.450220E-07	1	0	
+2.460060E-07	1	0	
-2.705610E-06	4	0	
-3.617400E-06	4	8	
-1.332474E-06	4	0	
+2.203440E-07	2	0	
+2.488980E-07	2	0	
+2.612760E-07	2	0	
+2.485980E-07	2	0	
+2.620680E-07	2	0	
+2.601060E-07	2	0	
+2.739720E-07	2	0	
+2.806740E-07	2	0	
+2.626980E-07	2	0	
+2.764620E-07	2	0	
+2.721360E-07	2	0	
+2.696760E-07	2	0	
+2.922840E-07	2	0	
+2.632320E-07	2	0	
+2.842080E-07	2	0	
+2.748360E-07	2	0	
+2.780640E-07	2	0	
+2.877120E-07	2	0	
+2.745240E-07	2	0	
+3.067740E-07	2	0	
+2.723340E-07	2	0	
+2.921220E-07	2	0	
+2.882940E-07	2	0	
+2.799600E-07	2	0	
+3.031980E-07	2	0	
+2.883420E-07	2	0	
+3.021120E-07	2	0	
+2.931366E-06	3	0	
+3.666084E-06	3	8	
+1.748346E-06	3	0	
+2.994900E-07	1	0	
+3.030780E-07	1	0	
+3.034380E-07	1	0	
+2.794980E-07	1	0	
+2.936280E-07	1	0	
+2.697360E-07	1	0	
+2.832120E-07	1	0	
+2.874180E-07	1	0	
+2.672400E-07	1	0	
+2.982720E-07	1	0	
+2.761800E-07	1	0	
+2.808600E-07	1	0	
+2.854500E-07	1	0	
+2.778360E-07	1	0	
+3.002160E-07	1	0	
+2.756580E-07	1	0	
+2.954340E-07	1	0	
+3.059280E-07	1	0	
+2.771400E-07	1	0	
+3.008100E-07	1	0	
+2.844780E-07	1	0	
+3.030660E-07	1	0	
+3.036300E-07	1	0	
+2.800500E-07	1	0	
+3.034860E-07	1	0	
+2.743380E-07	1	0	
+2.895900E-07	1	0	
-2.690160E-06	4	0	
-3.617400E-06	4	8	
-1.308858E-06	4	0	
+2.761020E-07	2	0	
+2.977680E-07	2	0	
+2.990760E-07	2	0	
+2.790600E-07	2	0	
+3.098820E-07	2	0	
+2.953680E-07	2	0	
+3.054180E-07	2	0	
+3.027540E-07	2	0	
+2.948580E-07	2	0	
+3.156660E-07	2	0	
+3.034140E-07	2	0	
+3.018420E-07	2	0	
+3.152520E-07	2	0	
+2.992080E-07	2	0	
+3.214680E-07	2	0	
+3.138960E-07	2	0	
+3.175200E-07	2	0	
+3.266340E-07	2	0	
+3.077520E-07	2	0	
+3.442620E-07	2	0	
+3.195840E-07	2	0	
+3.257760E-07	2	0	
+3.327480E-07	2	0	
+3.237480E-07	2	0	
+3.470820E-07	2	0	
+3.240600E-07	2	0	
+3.288420E-07	2	0	
+2.952060E-06	3	0	
+3.666084E-06	3	8	
+1.774146E-06	3	0	
+3.327360E-07	1	0	
+3.457140E-07	1	0	
+3.492900E-07	1	0	
+3.251040E-07	1	0	
+3.458940E-07	1	0	
+3.294840E-07	1	0	
+3.293940E-07	1	0	
+3.337920E-07	1	0	
+3.198060E-07	1	0	
+3.455220E-07	1	0	
+3.261060E-07	1	0	
+3.318600E-07	1	0	
+3.263580E-07	1	0	
+3.289140E-07	1	0	
+3.436680E-07	1	0	
+3.182100E-07	1	0	
+3.276720E-07	1	0	
+3.344460E-07	1	0	
+3.223020E-07	1	0	
+3.434880E-07	1	0	
+3.284280E-07	1	0	
+3.357960E-07	1	0	
+3.382380E-07	1	0	
+3.287280E-07	1	0	
+3.519960E-07	1	0	
+3.346200E-07	1	0	
+3.432480E-07	1	0	
-2.675976E-06	4	0	
-3.617394E-06	4	8	
-1.267632E-06	4	0	
+3.162000E-07	2	0	
+3.401400E-07	2	0	
+3.487080E-07	2	0	
+3.436200E-07	2	0	
+3.587880E-07	2	0	
+3.317100E-07	2	0	
+3.522660E-07	2	0	
+3.629100E-07	2	0	
+3.513180E-07	2	0	
+3.668400E-07	2	0	
+3.465720E-07	2	0	
+3.682080E-07	2	0	
+3.623640E-07	2	0	
+3.539160E-07	2	0	
+3.659460E-07	2	0	
+3.552420E-07	2	0	
+3.628560E-07	2	0	
+3.618840E-07	2	0	
+3.481380E-07	2	0	
+3.731400E-07	2	0	
+3.533280E-07	2	0	
+3.629880E-07	2	0	
+3.721380E-07	2	0	
+3.570540E-07	2	0	
+3.728940E-07	2	0	
+3.698400E-07	2	0	
+3.563460E-07	2	0	
+2.962620E-06	3	0	
+3.666090E-06	3	8	
+1.803732E-06	3	0	
+3.819660E-07	1	0	
+3.919560E-07	1	0	
+3.776580E-07	1	0	
+3.508920E-07	1	0	
+3.786600E-07	1	0	
+3.601860E-07	1	0	
+3.743820E-07	1	0	
+3.758040E-07	1	0	
+3.598260E-07	1	0	
+3.803640E-07	1	0	
+3.588120E-07	1	0	
+3.590580E-07	1	0	
+3.760500E-07	1	0	
+3.650640E-07	1	0	
+3.881820E-07	1	0	
+3.649380E-07	1	0	
+3.748320E-07	1	0	
+3.706500E-07	1	0	
+3.646980E-07	1	0	
+3.694980E-07	1	0	
+3.567960E-07	1	0	
+3.776580E-07	1	0	
+3.707520E-07	1	0	
+3.728340E-07	1	0	
+3.861600E-07	1	0	
+3.583920E-07	1	0	
+3.731340E-07	1	0	
-2.662230E-06	4	0	
-3.617400E-06	4	8	
-1.243692E-06	4	0	
+3.445260E-07	2	0	
+3.605640E-07	2	0	
+3.806340E-07	2	0	
+3.802500E-07	2	0	
+3.890700E-07	2	0	
+3.590460E-07	2	0	
+3.947220E-07	2	0	
+3.978660E-07	2	0	
+3.788580E-07	2	0	
+4.012800E-07	2	0	
+3.850320E-07	2	0	
+3.891120E-07	2	0	
+3.939540E-07	2	0	
+3.901320E-07	2	0	
+4.115940E-07	2	0	
+3.861600E-07	2	0	
+3.987000E-07	2	0	
+4.082160E-07	2	0	
+3.795660E-07	2	0	
+3.990780E-07	2	0	
+3.889260E-07	2	0	
+3.994680E-07	2	0	
+4.034220E-07	2	0	
+3.861360E-07	2	0	
+4.120740E-07	2	0	
+3.882600E-07	2	0	
+4.070280E-07	2	0	
+2.970360E-06	3	0	
+3.666066E-06	3	8	
+1.823256E-06	3	0	
+4.136340E-07	1	0	
+4.033320E-07	1	0	
+3.991500E-07	1	0	
+3.957720E-07	1	0	
+4.045620E-07	1	0	
+3.816840E-07	1	0	
+3.885120E-07	1	0	
+3.953460E-07	1	0	
+3.706980E-07	1	0	
+3.947580E-07	1	0	
+3.767700E-07	1	0	
+3.819600E-07	1	0	
+3.875700E-07	1	0	
+3.820500E-07	1	0	
+3.907260E-07	1	0	
+3.781680E-07	1	0	
+3.958260E-07	1	0	
+3.937740E-07	1	0	
+3.710280E-07	1	0	
+3.972960E-07	1	0	
+3.757980E-07	1	0	
+3.780000E-07	1	0	
+3.818040E-07	1	0	
+3.577260E-07	1	0	
+3.905580E-07	1	0	
+3.521820E-07	1	0	
+3.663120E-07	1	0	
-2.660370E-06	4	0	
-3.617400E-06	4	8	
-1.224984E-06	4	0	
+3.562200E-07	2	0	
+3.806520E-07	2	0	
+3.844440E-07	2	0	
+3.743760E-07	2	0	
+4.103760E-07	2	0	
+3.852360E-07	2	0	
+3.956940E-07	2	0	
+3.903420E-07	2	0	
+3.792600E-07	2	0	
+4.019640E-07	2	0	
+3.999780E-07	2	0	
+4.018980E-07	2	0	
+3.981960E-07	2	0	
+3.892440E-07	2	0	
+4.041780E-07	2	0	
+3.850500E-07	2	0	
+4.015440E-07	2	0	
+4.163580E-07	2	0	
+3.829920E-07	2	0	
+4.164720E-07	2	0	
+3.797580E-07	2	0	
+3.906720E-07	2	0	
+3.992400E-07	2	0	
+3.892800E-07	2	0	
+3.996120E-07	2	0	
+3.848880E-07	2	0	
+3.903300E-07	2	0	
+2.964390E-06	3	0	
+3.666072E-06	3	8	
+1.811196E-06	3	0	
+3.988080E-07	1	0	
+4.035360E-07	1	0	
+4.076460E-07	1	0	
+3.802920E-07	1	0	
+3.949980E-07	1	0	
+3.853020E-07	1	0	
+3.817320E-07	1	0	
+3.827820E-07	1	0	
+3.695580E-07	1	0	
+3.965100E-07	1	0	
+3.660060E-07	1	0	
+3.879240E-07	1	0	
+3.887940E-07	1	0	
+3.750780E-07	1	0	
+4.018620E-07	1	0	
+3.797340E-07	1	0	
+3.870120E-07	1	0	
+3.925200E-07	1	0	
+3.777540E-07	1	0	
+3.985260E-07	1	0	
+3.730560E-07	1	0	
+3.899760E-07	1	0	
+3.957600E-07	1	0	
+3.801420E-07	1	0	
+3.936840E-07	1	0	
+3.734340E-07	1	0	
+3.949980E-07	1	0	
-2.658678E-06	4	0	
-3.617406E-06	4	8	
-1.232934E-06	4	0	
+3.507660E-07	2	0	
+3.829680E-07	2	0	
+3.914520E-07	2	0	
+3.781620E-07	2	0	
+4.004220E-07	2	0	
+3.798600E-07	2	0	
+3.978480E-07	2	0	
+3.989400E-07	2	0	
+3.897180E-07	2	0	
+4.042920E-07	2	0	
+3.889560E-07	2	0	
+3.990600E-07	2	0	
+4.006680E-07	2	0	
+3.976440E-07	2	0	
+4.193220E-07	2	0	
+3.902280E-07	2	0	
+4.003500E-07	2	0	
+4.027620E-07	2	0	
+3.874920E-07	2	0	
+4.180560E-07	2	0	
+3.956040E-07	2	0	
+4.014060E-07	2	0	
+4.049280E-07	2	0	
+3.932880E-07	2	0	
+4.154580E-07	2	0	
+3.835500E-07	2	0	
+4.067580E-07	2	0	
+2.971416E-06	3	0	
+3.666072E-06	3	8	
+1.818294E-06	3	0	
+4.019340E-07	1	0	
+4.025880E-07	1	0	
+4.039860E-07	1	0	
+3.865560E-07	1	0	
+4.081320E-07	1	0	
+3.869640E-07	1	0	
+3.926940E-07	1	0	
+3.946200E-07	1	0	
+3.822360E-07	1	0	
+3.996000E-07	1	0	
+3.771240E-07	1	0	
+3.900720E-07	1	0	
+4.000380E-07	1	0	
+3.754140E-07	1	0	
+3.936780E-07	1	0	
+3.621660E-07	1	0	
+3.829980E-07	1	0	
+3.905280E-07	1	0	
+3.773400E-07	1	0	
+3.923400E-07	1	0	
+3.774300E-07	1	0	
+3.967680E-07	1	0	
+3.977820E-07	1	0	
+3.804060E-07	1	0	
+3.986760E-07	1	0	
+3.779760E-07	1	0	
+3.964800E-07	1	0	
-2.657616E-06	4	0	
-3.617400E-06	4	8	
-1.227906E-06	4	0	
+3.602520E-07	2	0	
+3.846180E-07	2	0	
+3.880320E-07	2	0	
+3.798960E-07	2	0	
+4.053600E-07	2	0	
+3.925680E-07	2	0	
+4.033980E-07	2	0	
+4.045620E-07	2	0	
+3.918540E-07	2	0	
+4.080360E-07	2	0	
+3.936120E-07	2	0	
+4.007280E-07	2	0	
+4.079340E-07	2	0	
+3.937800E-07	2	0	
+4.175700E-07	2	0	
+3.939660E-07	2	0	
+4.066200E-07	2	0	
+4.128600E-07	2	0	
+3.992820E-07	2	0	
+4.251240E-07	2	0	
+4.029900E-07	2	0	
+4.128480E-07	2	0	
+4.164060E-07	2	0	
+4.093680E-07	2	0	
+4.328820E-07	2	0	
+4.059540E-07	2	0	
+4.116840E-07	2	0	
+2.975082E-06	3	0	
+3.666084E-06	3	8	
+1.823766E-06	3	0	
+4.203660E-07	1	0	
+4.139280E-07	1	0	
+4.068900E-07	1	0	
+3.986400E-07	1	0	
+4.201500E-07	1	0	
+3.839040E-07	1	0	
+3.850800E-07	1	0	
+3.979440E-07	1	0	
+3.879120E-07	1	0	
+4.027680E-07	1	0	
+3.840420E-07	1	0	
+3.988320E-07	1	0	
+3.917580E-07	1	0	
+3.804540E-07	1	0	
+4.002720E-07	1	0	
+3.849120E-07	1	0	
+3.955380E-07	1	0	
+4.000080E-07	1	0	
+3.759060E-07	1	0	
+4.028280E-07	1	0	
+3.837720E-07	1	0	
+4.020840E-07	1	0	
+3.951720E-07	1	0	
+3.817620E-07	1	0	
+4.050480E-07	1	0	
+3.833580E-07	1	0	
+3.955380E-07	1	0	
-2.658612E-06	4	0	
-3.617406E-06	4	8	
-1.230144E-06	4	0	
+3.630420E-07	2	0	
+3.847440E-07	2	0	
+3.908520E-07	2	0	
+3.810480E-07	2	0	
+3.996840E-07	2	0	
+3.772200E-07	2	0	
+4.034880E-07	2	0	
+4.028400E-07	2	0	
+3.793260E-07	2	0	
+4.198380E-07	2	0	
+4.015380E-07	2	0	
+4.114140E-07	2	0	
+4.086180E-07	2	0	
+3.931800E-07	2	0	
+4.164720E-07	2	0	
+4.022880E-07	2	0	
+4.087980E-07	2	0	
+4.081380E-07	2	0	
+3.926700E-07	2	0	
+4.129320E-07	2	0	
+3.973320E-07	2	0	
+4.101780E-07	2	0	
+4.133280E-07	2	0	
+4.038420E-07	2	0	
+4.199940E-07	2	0	
+4.108320E-07	2	0	
+4.074360E-07	2	0	
+2.971776E-06	3	0	
+3.666078E-06	3	8	
+1.826250E-06	3	0	
+4.233720E-07	1	0	
+4.225800E-07	1	0	
+4.111920E-07	1	0	
+3.956820E-07	1	0	
+4.180560E-07	1	0	
+3.989460E-07	1	0	
+4.108380E-07	1	0	
+4.149000E-07	1	0	
+3.976680E-07	1	0	
+4.141200E-07	1	0	
+4.013580E-07	1	0	
+4.046340E-07	1	0	
+3.958980E-07	1	0	
+3.863160E-07	1	0	
+4.057020E-07	1	0	
+3.845940E-07	1	0	
+3.959580E-07	1	0	
+4.060740E-07	1	0	
+3.875820E-07	1	0	
+4.086720E-07	1	0	
+3.921180E-07	1	0	
+3.998700E-07	1	0	
+3.991140E-07	1	0	
+3.863940E-07	1	0	
+4.041060E-07	1	0	
+3.855540E-07	1	0	
+4.040760E-07	1	0	
-2.652336E-06	4	0	
-3.617400E-06	4	8	
-1.230702E-06	4	0	
+3.658020E-07	2	0	
+3.862320E-07	2	0	
+3.874320E-07	2	0	
+3.885000E-07	2	0	
+4.140720E-07	2	0	
+3.802440E-07	2	0	
+4.035660E-07	2	0	
+4.066560E-07	2	0	
+3.991440E-07	2	0	
+4.092780E-07	2	0	
+3.836460E-07	2	0	
+3.962160E-07	2	0	
+3.991200E-07	2	0	
+3.922200E-07	2	0	
+4.183380E-07	2	0	
+3.923460E-07	2	0	
+4.058460E-07	2	0	
+3.983400E-07	2	0	
+3.961260E-07	2	0	
+4.212000E-07	2	0	
+4.005360E-07	2	0	
+4.098900E-07	2	0	
+4.126680E-07	2	0	
+3.944100E-07	2	0	
+4.050120E-07	2	0	
+3.922920E-07	2	0	
+4.123800E-07	2	0	
+2.975982E-06	3	0	
+3.666078E-06	3	8	
+1.821588E-06	3	0	
+4.027680E-07	1	0	
+4.219140E-07	1	0	
+4.055160E-07	1	0	
+3.945840E-07	1	0	
+4.157280E-07	1	0	
+3.911280E-07	1	0	
+3.943800E-07	1	0	
+3.911460E-07	1	0	
+3.856800E-07	1	0	
+3.978360E-07	1	0	
+3.775260E-07	1	0	
+3.895980E-07	1	0	
+3.964080E-07	1	0	
+3.921780E-07	1	0	
+4.066320E-07	1	0	
+3.821640E-07	1	0	
+3.829920E-07	1	0	
+3.873420E-07	1	0	
+3.764580E-07	1	0	
+3.920820E-07	1	0	
+3.705600E-07	1	0	
+3.961380E-07	1	0	
+3.951780E-07	1	0	
+3.768240E-07	1	0	
+4.035300E-07	1	0	
+3.771900E-07	1	0	
+3.943920E-07	1	0	
-2.662650E-06	4	0	
-3.617400E-06	4	8	
-1.234158E-06	4	0	
+3.597000E-07	2	0	
+3.883020E-07	2	0	
+3.981060E-07	2	0	
+3.890400E-07	2	0	
+4.140300E-07	2	0	
+3.813420E-07	2	0	
+4.096020E-07	2	0	
+4.159020E-07	2	0	
+3.927360E-07	2	0	
+4.156620E-07	2	0	
+4.007280E-07	2	0	
+4.149060E-07	2	0	
+4.083300E-07	2	0	
+3.921780E-07	2	0	
+4.219260E-07	2	0	
+3.946920E-07	2	0	
+4.078500E-07	2	0	
+4.096380E-07	2	0	
+4.019580E-07	2	0	
+4.261020E-07	2	0	
+4.067520E-07	2	0	
+4.059300E-07	2	0	
+4.204620E-07	2	0	
+4.072920E-07	2	0	
+4.230900E-07	2	0	
+3.953460E-07	2	0	
+4.169160E-07	2	0	
+2.975046E-06	3	0	
+3.666078E-06	3	8	
+1.815228E-06	3	0	
+4.151820E-07	1	0	
+4.231260E-07	1	0	
+4.081320E-07	1	0	
+3.998340E-07	1	0	
+4.265220E-07	1	0	
+3.921000E-07	1	0	
+4.095360E-07	1	0	
+4.091220E-07	1	0	
+3.988140E-07	1	0	
+4.192320E-07	1	0	
+3.866340E-07	1	0	
+4.113660E-07	1	0	
+3.985440E-07	1	0	
+3.895620E-07	1	0	
+4.172400E-07	1	0	
+3.887880E-07	1	0	
+4.117260E-07	1	0	
+4.103580E-07	1	0	
+3.980340E-07	1	0	
+4.147740E-07	1	0	
+3.930000E-07	1	0	
+4.021740E-07	1	0	
+3.946140E-07	1	0	
+3.904920E-07	1	0	
+4.090440E-07	1	0	
+3.825900E-07	1	0	
+4.004940E-07	1	0	
-2.653764E-06	4	0	
-3.617406E-06	4	8	
-1.223256E-06	4	0	
+3.917760E-07	2	0	
+4.027980E-07	2	0	
+4.096440E-07	2	0	
+3.874380E-07	2	0	
+4.227000E-07	2	0	
+4.031220E-07	2	0	
+4.074000E-07	2	0	
+4.213320E-07	2	0	
+4.042800E-07	2	0	
+4.345740E-07	2	0	
+4.033440E-07	2	0	
+4.272540E-07	2	0	
+4.307100E-07	2	0	
+4.114980E-07	2	0	
+4.268760E-07	2	0	
+4.063020E-07	2	0	
+4.313100E-07	2	0	
+4.212060E-07	2	0	
+4.080840E-07	2	0	
+4.302360E-07	2	0	
+4.115040E-07	2	0	
+4.296480E-07	2	0	
+4.173360E-07	2	0	
+4.022940E-07	2	0	
+4.317240E-07	2	0	
+4.048200E-07	2	0	
+4.231680E-07	2	0	
+2.974842E-06	3	0	
+3.666066E-06	3	8	
+1.827120E-06	3	0	
+4.251660E-07	1	0	
+4.214160E-07	1	0	
+4.259580E-07	1	0	
+4.083180E-07	1	0	
+4.317120E-07	1	0	
+4.069740E-07	1	0	
+4.213800E-07	1	0	
+4.102020E-07	1	0	
+3.976740E-07	1	0	
+4.290720E-07	1	0	
+4.090260E-07	1	0	
+4.124820E-07	1	0	
+4.191600E-07	1	0	
+4.071060E-07	1	0	
+4.312020E-07	1	0	
+4.018260E-07	1	0	
+4.128600E-07	1	0	
+4.199340E-07	1	0	
+4.011480E-07	1	0	
+4.263720E-07	1	0	
+4.034400E-07	1	0	
+4.140540E-07	1	0	
+4.147560E-07	1	0	
+4.149180E-07	1	0	
+4.345440E-07	1	0	
+4.004580E-07	1	0	
+4.181700E-07	1	0	
-2.649894E-06	4	0	
-3.617400E-06	4	8	
-1.208880E-06	4	0	
+3.944040E-07	2	0	
+4.152780E-07	2	0	
+4.147680E-07	2	0	
+4.101720E-07	2	0	
+4.356240E-07	2	0	
+4.126080E-07	2	0	
+4.410900E-07	2	0	
+4.345260E-07	2	0	
+4.332420E-07	2	0	
+4.453380E-07	2	0	
+4.220520E-07	2	0	
+4.403220E-07	2	0	
+4.322820E-07	2	0	
+4.145340E-07	2	0	
+4.431300E-07	2	0	
+4.256580E-07	2	0	
+4.359960E-07	2	0	
+4.284060E-07	2	0	
+4.225620E-07	2	0	
+4.385220E-07	2	0	
+4.181280E-07	2	0	
+4.418220E-07	2	0	
+4.336140E-07	2	0	
+4.230180E-07	2	0	
+4.442400E-07	2	0	
+4.226820E-07	2	0	
+4.453620E-07	2	0	
+2.980020E-06	3	0	
+3.666072E-06	3	8	
+1.833114E-06	3	0	
+4.367160E-07	1	0	
+4.318500E-07	1	0	
+4.326780E-07	1	0	
+4.135080E-07	1	0	
+4.369500E-07	1	0	
+4.129380E-07	1	0	
+4.160880E-07	1	0	
+4.152480E-07	1	0	
+4.132740E-07	1	0	
+4.252260E-07	1	0	
+4.042680E-07	1	0	
+4.161360E-07	1	0	
+4.203540E-07	1	0	
+4.129140E-07	1	0	
+4.358460E-07	1	0	
+4.109880E-07	1	0	
+4.276800E-07	1	0	
+4.125840E-07	1	0	
+4.053600E-07	1	0	
+4.229580E-07	1	0	
+3.974400E-07	1	0	
+4.251480E-07	1	0	
+4.236660E-07	1	0	
+4.070880E-07	1	0	
+4.265160E-07	1	0	
+4.039680E-07	1	0	
+4.218180E-07	1	0	
-2.654430E-06	4	0	
-3.617412E-06	4	8	
-1.205658E-06	4	0	
+3.915180E-07	2	0	
+4.134120E-07	2	0	
+4.150380E-07	2	0	
+4.110060E-07	2	0	
+4.360080E-07	2	0	
+4.050540E-07	2	0	
+4.240320E-07	2	0	
+4.232580E-07	2	0	
+4.177860E-07	2	0	
+4.318860E-07	2	0	
+4.151280E-07	2	0	
+4.270140E-07	2	0	
+4.376940E-07	2	0	
+4.134900E-07	2	0	
+4.476960E-07	2	0	
+4.233840E-07	2	0	
+4.261980E-07	2	0	
+4.277760E-07	2	0	
+4.155840E-07	2	0	
+4.394520E-07	2	0	
+4.208340E-07	2	0	
+4.317180E-07	2	0	
+4.312980E-07	2	0	
+4.259340E-07	2	0	
+4.394460E-07	2	0	
+4.107360E-07	2	0	
+4.335000E-07	2	0	
+2.980842E-06	3	0	
+3.666078E-06	3	8	
+1.839294E-06	3	0	
+4.386180E-07	1	0	
+4.419480E-07	1	0	
+4.311180E-07	1	0	
+4.204860E-07	1	0	
+4.405620E-07	1	0	
+4.288380E-07	1	0	
+4.308120E-07	1	0	
+4.206780E-07	1	0	
+4.132140E-07	1	0	
+4.349700E-07	1	0	
+4.159440E-07	1	0	
+4.298100E-07	1	0	
+4.224000E-07	1	0	
+4.155120E-07	1	0	
+4.330740E-07	1	0	
+4.093500E-07	1	0	
+4.220340E-07	1	0	
+4.081920E-07	1	0	
+4.088700E-07	1	0	
+4.268580E-07	1	0	
+4.125060E-07	1	0	
+4.212780E-07	1	0	
+4.230300E-07	1	0	
+4.111080E-07	1	0	
+4.342800E-07	1	0	
+4.164960E-07	1	0	
+4.223940E-07	1	0	
-2.654106E-06	4	0	
-3.617400E-06	4	8	
-1.207500E-06	4	0	
+3.918060E-07	2	0	
+4.090140E-07	2	0	
+4.238520E-07	2	0	
+4.193100E-07	2	0	
+4.288500E-07	2	0	
+4.161840E-07	2	0	
+4.324860E-07	2	0	
+4.340280E-07	2	0	
+4.228680E-07	2	0	
+4.443120E-07	2	0	
+4.161540E-07	2	0	
+4.324200E-07	2	0	
+4.245180E-07	2	0	
+4.127880E-07	2	0	
+4.326120E-07	2	0	
+4.079700E-07	2	0	
+4.267080E-07	2	0	
+4.304040E-07	2	0	
+4.173720E-07	2	0	
+4.289340E-07	2	0	
+4.137300E-07	2	0	
+4.318320E-07	2	0	
+4.305540E-07	2	0	
+4.110600E-07	2	0	
+4.348380E-07	2	0	
+4.145040E-07	2	0	
+4.290840E-07	2	0	
+2.970078E-06	3	0	
+3.666078E-06	3	8	
+1.832250E-06	3	0	
+4.336560E-07	1	0	
+4.318920E-07	1	0	
+4.185660E-07	1	0	
+4.111260E-07	1	0	
+4.284240E-07	1	0	
+4.047480E-07	1	0	
+4.194600E-07	1	0	
+4.132260E-07	1	0	
+4.100340E-07	1	0	
+4.219680E-07	1	0	
+4.055880E-07	1	0	
+4.148760E-07	1	0	
+4.171440E-07	1	0	
+4.055280E-07	1	0	
+4.238640E-07	1	0	
+3.986340E-07	1	0	
+4.200780E-07	1	0	
+4.079820E-07	1	0	
+3.959220E-07	1	0	
+4.215840E-07	1	0	
+4.017720E-07	1	0	
+4.132560E-07	1	0	
+4.091520E-07	1	0	
+3.996780E-07	1	0	
+4.268700E-07	1	0	
+3.895740E-07	1	0	
+4.242780E-07	1	0	
-2.657772E-06	4	0	
-3.617406E-06	4	8	
-1.221726E-06	4	0	
+3.824040E-07	2	0	
+4.143360E-07	2	0	
+4.158000E-07	2	0	
+4.084260E-07	2	0	
+4.398000E-07	2	0	
+4.079880E-07	2	0	
+4.240560E-07	2	0	
+4.189020E-07	2	0	
+4.135020E-07	2	0	
+4.226220E-07	2	0	
+4.078140E-07	2	0	
+4.279680E-07	2	0	
+4.273020E-07	2	0	
+4.084140E-07	2	0	
+4.424880E-07	2	0	
+3.985800E-07	2	0	
+4.189080E-07	2	0	
+4.023840E-07	2	0	
+4.053360E-07	2	0	
+4.324860E-07	2	0	
+4.133820E-07	2	0	
+4.230660E-07	2	0	
+4.239420E-07	2	0	
+4.175580E-07	2	0	
+4.353000E-07	2	0	
+4.112520E-07	2	0	
+4.293180E-07	2	0	
+2.974344E-06	3	0	
+3.666084E-06	3	8	
+1.823856E-06	3	0	
+4.163460E-07	1	0	
+4.358400E-07	1	0	
+4.231200E-07	1	0	
+4.196400E-07	1	0	
+4.324680E-07	1	0	
+4.050480E-07	1	0	
+4.111440E-07	1	0	
+4.161120E-07	1	0	
+4.053840E-07	1	0	
+4.252860E-07	1	0	
+4.085100E-07	1	0	
+4.270140E-07	1	0	
+4.089540E-07	1	0	
+3.938160E-07	1	0	
+4.118340E-07	1	0	
+4.013940E-07	1	0	
+3.985020E-07	1	0	
+4.047840E-07	1	0	
+3.965580E-07	1	0	
+4.196520E-07	1	0	
+3.955020E-07	1	0	
+4.148460E-07	1	0	
+4.114680E-07	1	0	
+4.016220E-07	1	0	
+4.097400E-07	1	0	
+3.786120E-07	1	0	
+4.036860E-07	1	0	
-2.658852E-06	4	0	
-3.617400E-06	4	8	
-1.226664E-06	4	0	
+3.809700E-07	2	0	
+4.107780E-07	2	0	
+4.022280E-07	2	0	
+3.941460E-07	2	0	
+4.210140E-07	2	0	
+4.012200E-07	2	0	
+4.290960E-07	2	0	
+4.169640E-07	2	0	
+4.051980E-07	2	0	
+4.225500E-07	2	0	
+4.027140E-07	2	0	
+4.222140E-07	2	0	
+4.077540E-07	2	0	
+4.072980E-07	2	0	
+4.236960E-07	2	0	
+4.076640E-07	2	0	
+4.167840E-07	2	0	
+4.184280E-07	2	0	
+4.115580E-07	2	0	
+4.317660E-07	2	0	
+3.984540E-07	2	0	
+4.297920E-07	2	0	
+4.184820E-07	2	0	
+3.972540E-07	2	0	
+4.333140E-07	2	0	
+3.998160E-07	2	0	
+4.208940E-07	2	0	
+2.968638E-06	3	0	
+3.666084E-06	3	8	
