start date: 	2023-08-08
start time: 	17.56.58
stop date: 	2023-08-08
stop time: 	18.18.08
com rel. humid (%):	33.7
com temp (°C):	29.12
cn temp (°C):	31.22
nv temp (°C):	35.44
bvd averages: 	     20
remarks: 	CCC probe connected to GaAs probe, GaAs 8 V+=Red, V-=Wht, I+=Wht, I-=Blk, B = 11.56 T (84.4 A), Psample = 3.0e-3 mbar
R1 Info: 	NIST-QHRGaAs13k-8
R2 Info: 	1218
data filepath: 	M:\MagniconData\CCCViewerData\cccviewer_measure\2023-08-08_CCC\230808_008_1756.txt
config filepath: 	M:\MagniconData\CCCViewerData\cccviewer_measure\2023-08-08_CCC\230808_008_1756_cccdrive.cfg
time base (Hz): 	60
integration time (time base multiples):	60
number of samples per half cycle: 	30
ignored first samples: 	14
ignored last samples: 	0
amplifier gain: 	1000000
delta N1/NA (mTurns): 	-23.261736613
delta (I2*R2) (V): 	1.000030519
N1 (Turns):	2065
N2 (Turns):	16
NA (Turns):	1
R1 (Ohm): 	12906.404000
R2 (Ohm): 	100.000000

data(V)	phase	error
+2.520060E-07	1	0	
+2.402400E-07	1	0	
+2.922840E-07	1	0	
+2.947920E-07	1	0	
+2.350800E-07	1	0	
+2.251440E-07	1	0	
+2.097120E-07	1	0	
+2.076600E-07	1	0	
+2.141880E-07	1	0	
+2.046540E-07	1	0	
+2.359620E-07	1	0	
+2.439060E-07	1	0	
+2.249400E-07	1	0	
+2.235300E-07	1	0	
+2.306340E-07	1	0	
+2.264700E-07	1	0	
+2.217840E-07	1	0	
+2.395560E-07	1	0	
+2.430960E-07	1	0	
+2.303220E-07	1	0	
+2.271000E-07	1	0	
+2.234640E-07	1	0	
+2.495220E-07	1	0	
+2.285580E-07	1	0	
+2.504280E-07	1	0	
+2.393220E-07	1	0	
+2.241480E-07	1	0	
+2.126160E-07	1	0	
+2.975922E-06	4	0	
+3.665952E-06	4	8	
+1.642758E-06	4	0	
+1.796820E-07	2	0	
+2.210760E-07	2	0	
+2.346720E-07	2	0	
+2.363220E-07	2	0	
+2.106120E-07	2	0	
+2.092740E-07	2	0	
+2.307540E-07	2	0	
+2.423040E-07	2	0	
+2.343300E-07	2	0	
+2.178780E-07	2	0	
+2.128920E-07	2	0	
+2.074080E-07	2	0	
+2.237940E-07	2	0	
+2.383920E-07	2	0	
+2.359200E-07	2	0	
+2.353260E-07	2	0	
+2.169300E-07	2	0	
+2.220600E-07	2	0	
+2.172900E-07	2	0	
+2.370300E-07	2	0	
+2.247240E-07	2	0	
+2.345220E-07	2	0	
+2.352180E-07	2	0	
+2.322240E-07	2	0	
+2.358240E-07	2	0	
+2.229480E-07	2	0	
+2.155380E-07	2	0	
-2.796498E-06	3	0	
-3.617154E-06	3	8	
-1.331028E-06	3	0	
+2.381340E-07	1	0	
+2.202660E-07	1	0	
+2.109060E-07	1	0	
+2.143680E-07	1	0	
+2.144400E-07	1	0	
+2.136180E-07	1	0	
+2.115240E-07	1	0	
+2.084100E-07	1	0	
+2.131500E-07	1	0	
+2.142240E-07	1	0	
+2.187900E-07	1	0	
+2.093820E-07	1	0	
+1.974360E-07	1	0	
+2.079720E-07	1	0	
+2.049240E-07	1	0	
+2.460240E-07	1	0	
+2.067840E-07	1	0	
+2.312520E-07	1	0	
+2.310300E-07	1	0	
+2.415300E-07	1	0	
+2.420040E-07	1	0	
+2.303760E-07	1	0	
+2.240700E-07	1	0	
+2.158320E-07	1	0	
+2.350980E-07	1	0	
+2.100900E-07	1	0	
+2.109420E-07	1	0	
+2.974914E-06	4	0	
+3.665946E-06	4	8	
+1.659768E-06	4	0	
+1.850580E-07	2	0	
+2.108220E-07	2	0	
+2.028900E-07	2	0	
+2.015160E-07	2	0	
+2.021220E-07	2	0	
+1.917000E-07	2	0	
+2.076000E-07	2	0	
+1.854600E-07	2	0	
+2.082840E-07	2	0	
+2.007540E-07	2	0	
+2.068800E-07	2	0	
+1.900740E-07	2	0	
+2.028600E-07	2	0	
+2.258820E-07	2	0	
+1.943880E-07	2	0	
+2.111580E-07	2	0	
+2.119800E-07	2	0	
+2.127120E-07	2	0	
+2.218740E-07	2	0	
+2.134260E-07	2	0	
+2.361360E-07	2	0	
+2.160960E-07	2	0	
+2.374140E-07	2	0	
+2.268540E-07	2	0	
+2.214300E-07	2	0	
+2.227920E-07	2	0	
+2.411040E-07	2	0	
-2.798556E-06	3	0	
-3.617148E-06	3	8	
-1.328532E-06	3	0	
+2.494140E-07	1	0	
+2.235780E-07	1	0	
+2.248020E-07	1	0	
+2.311500E-07	1	0	
+2.239500E-07	1	0	
+2.113200E-07	1	0	
+2.173440E-07	1	0	
+2.122560E-07	1	0	
+2.279220E-07	1	0	
+2.256240E-07	1	0	
+2.093820E-07	1	0	
+2.221500E-07	1	0	
+2.140020E-07	1	0	
+2.077920E-07	1	0	
+2.204880E-07	1	0	
+2.254080E-07	1	0	
+2.206440E-07	1	0	
+2.286000E-07	1	0	
+2.350680E-07	1	0	
+2.194500E-07	1	0	
+2.279460E-07	1	0	
+2.332620E-07	1	0	
+2.230620E-07	1	0	
+2.492400E-07	1	0	
+2.297040E-07	1	0	
+2.404740E-07	1	0	
+2.219340E-07	1	0	
+2.983212E-06	4	0	
+3.665958E-06	4	8	
+1.653540E-06	4	0	
+2.098260E-07	2	0	
+2.254560E-07	2	0	
+2.429100E-07	2	0	
+2.297220E-07	2	0	
+2.323200E-07	2	0	
+2.388840E-07	2	0	
+2.352480E-07	2	0	
+2.464140E-07	2	0	
+2.246640E-07	2	0	
+2.392320E-07	2	0	
+2.256660E-07	2	0	
+2.336400E-07	2	0	
+2.369220E-07	2	0	
+2.208360E-07	2	0	
+2.321220E-07	2	0	
+2.225640E-07	2	0	
+2.363700E-07	2	0	
+2.236800E-07	2	0	
+2.341320E-07	2	0	
+2.279460E-07	2	0	
+2.279160E-07	2	0	
+2.417460E-07	2	0	
+2.379960E-07	2	0	
+2.332320E-07	2	0	
+2.561520E-07	2	0	
+2.429760E-07	2	0	
+2.383800E-07	2	0	
-2.796618E-06	3	0	
-3.617148E-06	3	8	
-1.295376E-06	3	0	
+2.872260E-07	1	0	
+2.714160E-07	1	0	
+2.630640E-07	1	0	
+2.570280E-07	1	0	
+2.617980E-07	1	0	
+2.767500E-07	1	0	
+2.590920E-07	1	0	
+2.714100E-07	1	0	
+2.461860E-07	1	0	
+2.566980E-07	1	0	
+2.582940E-07	1	0	
+2.103240E-07	1	0	
+2.205240E-07	1	0	
+2.092260E-07	1	0	
+2.271840E-07	1	0	
+2.358300E-07	1	0	
+2.151180E-07	1	0	
+2.373900E-07	1	0	
+2.191260E-07	1	0	
+2.330040E-07	1	0	
+2.185140E-07	1	0	
+2.405640E-07	1	0	
+2.292480E-07	1	0	
+2.284560E-07	1	0	
+2.332320E-07	1	0	
+2.458020E-07	1	0	
+2.432160E-07	1	0	
+2.989290E-06	4	0	
+3.665958E-06	4	8	
+1.668168E-06	4	0	
+2.275380E-07	2	0	
+2.518860E-07	2	0	
+2.266740E-07	2	0	
+2.434680E-07	2	0	
+2.423400E-07	2	0	
+2.373420E-07	2	0	
+2.390340E-07	2	0	
+2.557260E-07	2	0	
+2.593800E-07	2	0	
+2.479440E-07	2	0	
+2.664000E-07	2	0	
+2.206020E-07	2	0	
+2.347620E-07	2	0	
+2.381820E-07	2	0	
+2.312220E-07	2	0	
+2.283540E-07	2	0	
+2.106180E-07	2	0	
+2.376300E-07	2	0	
+2.126640E-07	2	0	
+2.359260E-07	2	0	
+2.234400E-07	2	0	
+2.227500E-07	2	0	
+2.298780E-07	2	0	
+2.294040E-07	2	0	
+2.172300E-07	2	0	
+2.289960E-07	2	0	
+2.159940E-07	2	0	
-2.800758E-06	3	0	
-3.617142E-06	3	8	
-1.312446E-06	3	0	
+2.637540E-07	1	0	
+2.640660E-07	1	0	
+2.395920E-07	1	0	
+2.366820E-07	1	0	
+2.541840E-07	1	0	
+2.662380E-07	1	0	
+2.448420E-07	1	0	
+2.342640E-07	1	0	
+2.502720E-07	1	0	
+2.404800E-07	1	0	
+2.254620E-07	1	0	
+2.267940E-07	1	0	
+2.599860E-07	1	0	
+2.605980E-07	1	0	
+2.423940E-07	1	0	
+2.333220E-07	1	0	
+2.191500E-07	1	0	
+2.340300E-07	1	0	
+2.379840E-07	1	0	
+2.499900E-07	1	0	
+2.363340E-07	1	0	
+2.492640E-07	1	0	
+2.419740E-07	1	0	
+2.445060E-07	1	0	
+2.454060E-07	1	0	
+2.356620E-07	1	0	
+2.231040E-07	1	0	
+2.974116E-06	4	0	
+3.665976E-06	4	8	
+1.660998E-06	4	0	
+2.281560E-07	2	0	
+2.350800E-07	2	0	
+2.315460E-07	2	0	
+2.350320E-07	2	0	
+2.401140E-07	2	0	
+2.308500E-07	2	0	
+2.279760E-07	2	0	
+2.403060E-07	2	0	
+2.387580E-07	2	0	
+2.147220E-07	2	0	
+2.184720E-07	2	0	
+2.397060E-07	2	0	
+2.321880E-07	2	0	
+2.451240E-07	2	0	
+2.239620E-07	2	0	
+2.294160E-07	2	0	
+2.237520E-07	2	0	
+2.373960E-07	2	0	
+2.521020E-07	2	0	
+2.313780E-07	2	0	
+2.350320E-07	2	0	
+2.181480E-07	2	0	
+2.257260E-07	2	0	
+2.138460E-07	2	0	
+2.108100E-07	2	0	
+2.323140E-07	2	0	
+2.245680E-07	2	0	
-2.793564E-06	3	0	
-3.617142E-06	3	8	
-1.312350E-06	3	0	
+2.504460E-07	1	0	
+2.396940E-07	1	0	
+2.475120E-07	1	0	
+2.261400E-07	1	0	
+2.407320E-07	1	0	
+2.112660E-07	1	0	
+2.554860E-07	1	0	
+2.524980E-07	1	0	
+2.496600E-07	1	0	
+2.808480E-07	1	0	
+2.402400E-07	1	0	
+2.633340E-07	1	0	
+2.418180E-07	1	0	
+2.500440E-07	1	0	
+2.342520E-07	1	0	
+2.409600E-07	1	0	
+2.424480E-07	1	0	
+2.403600E-07	1	0	
+2.514660E-07	1	0	
+2.591220E-07	1	0	
+2.789580E-07	1	0	
+2.171880E-07	1	0	
+2.140980E-07	1	0	
+2.167920E-07	1	0	
+2.266920E-07	1	0	
+2.276100E-07	1	0	
+2.348340E-07	1	0	
+2.970870E-06	4	0	
+3.665958E-06	4	8	
+1.656516E-06	4	0	
+2.008920E-07	2	0	
+2.159700E-07	2	0	
+2.217600E-07	2	0	
+2.332740E-07	2	0	
+2.342100E-07	2	0	
+2.360400E-07	2	0	
+2.234580E-07	2	0	
+2.443680E-07	2	0	
+2.390340E-07	2	0	
+2.388180E-07	2	0	
+2.233140E-07	2	0	
+2.379300E-07	2	0	
+2.446500E-07	2	0	
+2.359200E-07	2	0	
+2.319960E-07	2	0	
+2.415960E-07	2	0	
+2.393940E-07	2	0	
+2.130480E-07	2	0	
+2.208360E-07	2	0	
+2.644920E-07	2	0	
+2.543940E-07	2	0	
+2.300340E-07	2	0	
+2.406600E-07	2	0	
+2.428320E-07	2	0	
+2.261820E-07	2	0	
+2.431500E-07	2	0	
+2.357100E-07	2	0	
-2.798424E-06	3	0	
-3.617142E-06	3	8	
-1.330974E-06	3	0	
+2.351940E-07	1	0	
+2.287320E-07	1	0	
+2.357220E-07	1	0	
+2.386320E-07	1	0	
+2.146500E-07	1	0	
+2.360880E-07	1	0	
+2.192040E-07	1	0	
+2.309700E-07	1	0	
+2.397480E-07	1	0	
+2.447880E-07	1	0	
+2.395980E-07	1	0	
+2.487840E-07	1	0	
+2.566080E-07	1	0	
+2.479680E-07	1	0	
+2.758500E-07	1	0	
+2.597340E-07	1	0	
+2.532180E-07	1	0	
+2.515440E-07	1	0	
+2.369460E-07	1	0	
+2.583000E-07	1	0	
+2.505180E-07	1	0	
+2.442060E-07	1	0	
+2.378640E-07	1	0	
+2.651220E-07	1	0	
+2.530920E-07	1	0	
+2.621460E-07	1	0	
+2.577600E-07	1	0	
+2.984352E-06	4	0	
+3.665952E-06	4	8	
+1.639104E-06	4	0	
+2.488920E-07	2	0	
+2.449980E-07	2	0	
+2.552160E-07	2	0	
+2.426940E-07	2	0	
+2.238660E-07	2	0	
+2.277780E-07	2	0	
+2.525820E-07	2	0	
+2.325120E-07	2	0	
+2.379000E-07	2	0	
+2.074260E-07	2	0	
+2.278140E-07	2	0	
+2.356620E-07	2	0	
+2.273940E-07	2	0	
+2.580360E-07	2	0	
+2.633880E-07	2	0	
+2.404140E-07	2	0	
+2.293440E-07	2	0	
+2.410560E-07	2	0	
+2.393160E-07	2	0	
+2.643180E-07	2	0	
+2.780580E-07	2	0	
+2.485500E-07	2	0	
+2.431920E-07	2	0	
+2.452680E-07	2	0	
+2.597160E-07	2	0	
+2.418480E-07	2	0	
+2.500560E-07	2	0	
-2.803998E-06	3	0	
-3.617148E-06	3	8	
-1.308774E-06	3	0	
+2.695080E-07	1	0	
+2.429880E-07	1	0	
+2.451900E-07	1	0	
+2.613960E-07	1	0	
+2.482200E-07	1	0	
+2.503560E-07	1	0	
+2.364960E-07	1	0	
+2.359440E-07	1	0	
+2.255340E-07	1	0	
+2.367480E-07	1	0	
+2.504940E-07	1	0	
+2.608020E-07	1	0	
+2.323440E-07	1	0	
+2.753040E-07	1	0	
+2.459400E-07	1	0	
+2.682300E-07	1	0	
+2.377140E-07	1	0	
+2.710020E-07	1	0	
+2.558460E-07	1	0	
+2.624580E-07	1	0	
+2.720880E-07	1	0	
+2.575140E-07	1	0	
+2.533440E-07	1	0	
+2.562540E-07	1	0	
+2.570400E-07	1	0	
+2.687100E-07	1	0	
+2.762280E-07	1	0	
+2.988690E-06	4	0	
+3.665946E-06	4	8	
+1.678254E-06	4	0	
+2.475540E-07	2	0	
+2.983200E-07	2	0	
+3.073140E-07	2	0	
+2.853420E-07	2	0	
+2.791500E-07	2	0	
+2.580180E-07	2	0	
+2.427660E-07	2	0	
+2.373780E-07	2	0	
+2.385420E-07	2	0	
+2.360460E-07	2	0	
+2.293500E-07	2	0	
+2.352000E-07	2	0	
+2.311500E-07	2	0	
+2.334000E-07	2	0	
+2.240760E-07	2	0	
+2.373300E-07	2	0	
+2.248500E-07	2	0	
+2.276400E-07	2	0	
+2.365440E-07	2	0	
+2.395260E-07	2	0	
+2.568060E-07	2	0	
+2.449380E-07	2	0	
+2.505180E-07	2	0	
+2.284740E-07	2	0	
+2.183520E-07	2	0	
+2.253960E-07	2	0	
+2.390700E-07	2	0	
-2.791026E-06	3	0	
-3.617154E-06	3	8	
-1.307418E-06	3	0	
+2.640780E-07	1	0	
+2.560500E-07	1	0	
+2.360400E-07	1	0	
+2.374980E-07	1	0	
+2.336940E-07	1	0	
+2.424720E-07	1	0	
+2.202120E-07	1	0	
+2.196000E-07	1	0	
+2.253660E-07	1	0	
+2.388060E-07	1	0	
+2.164020E-07	1	0	
+2.262300E-07	1	0	
+2.133900E-07	1	0	
+2.190120E-07	1	0	
+2.301120E-07	1	0	
+2.174040E-07	1	0	
+2.315940E-07	1	0	
+2.245500E-07	1	0	
+2.303760E-07	1	0	
+2.246340E-07	1	0	
+2.277120E-07	1	0	
+2.216400E-07	1	0	
+2.541060E-07	1	0	
+2.521380E-07	1	0	
+2.357820E-07	1	0	
+2.428860E-07	1	0	
+2.410440E-07	1	0	
+2.985942E-06	4	0	
+3.665946E-06	4	8	
+1.659756E-06	4	0	
+2.059980E-07	2	0	
+2.205720E-07	2	0	
+2.296740E-07	2	0	
+2.379720E-07	2	0	
+2.384340E-07	2	0	
+2.457720E-07	2	0	
+2.298240E-07	2	0	
+2.485860E-07	2	0	
+2.308440E-07	2	0	
+2.278800E-07	2	0	
+2.211720E-07	2	0	
+2.219520E-07	2	0	
+2.258640E-07	2	0	
+2.261760E-07	2	0	
+2.223780E-07	2	0	
+2.153100E-07	2	0	
+2.129760E-07	2	0	
+2.078460E-07	2	0	
+2.117580E-07	2	0	
+2.147760E-07	2	0	
+2.133720E-07	2	0	
+1.884780E-07	2	0	
+2.134800E-07	2	0	
+2.213580E-07	2	0	
+2.166780E-07	2	0	
+2.264700E-07	2	0	
+2.341500E-07	2	0	
-2.797332E-06	3	0	
-3.617148E-06	3	8	
-1.323054E-06	3	0	
+2.607060E-07	1	0	
+2.320440E-07	1	0	
+2.425800E-07	1	0	
+2.337540E-07	1	0	
+2.445660E-07	1	0	
+2.288340E-07	1	0	
+2.420400E-07	1	0	
+2.387580E-07	1	0	
+2.251500E-07	1	0	
+2.284560E-07	1	0	
+2.319240E-07	1	0	
+2.173080E-07	1	0	
+2.194680E-07	1	0	
+2.103600E-07	1	0	
+2.264160E-07	1	0	
+2.180520E-07	1	0	
+2.289720E-07	1	0	
+2.128200E-07	1	0	
+2.205540E-07	1	0	
+2.210220E-07	1	0	
+2.220360E-07	1	0	
+2.262960E-07	1	0	
+2.119200E-07	1	0	
+2.166300E-07	1	0	
+2.194500E-07	1	0	
+2.184240E-07	1	0	
+2.302800E-07	1	0	
+2.983194E-06	4	0	
+3.665958E-06	4	8	
+1.662024E-06	4	0	
+2.255880E-07	2	0	
+2.262420E-07	2	0	
+2.323740E-07	2	0	
+2.276940E-07	2	0	
+2.374500E-07	2	0	
+2.437200E-07	2	0	
+2.280840E-07	2	0	
+2.433000E-07	2	0	
+2.360220E-07	2	0	
+2.305500E-07	2	0	
+2.311800E-07	2	0	
+2.369940E-07	2	0	
+2.504580E-07	2	0	
+2.407620E-07	2	0	
+2.150820E-07	2	0	
+2.154900E-07	2	0	
+2.094180E-07	2	0	
+2.219100E-07	2	0	
+2.183460E-07	2	0	
+2.226480E-07	2	0	
+2.289960E-07	2	0	
+2.113380E-07	2	0	
+2.193180E-07	2	0	
+2.180580E-07	2	0	
+2.419620E-07	2	0	
+2.258220E-07	2	0	
+2.226720E-07	2	0	
-2.797842E-06	3	0	
-3.617148E-06	3	8	
-1.339836E-06	3	0	
+2.292060E-07	1	0	
+2.404080E-07	1	0	
+2.371140E-07	1	0	
+2.415000E-07	1	0	
+2.380140E-07	1	0	
+2.439960E-07	1	0	
+2.460240E-07	1	0	
+2.282640E-07	1	0	
+2.519160E-07	1	0	
+2.361840E-07	1	0	
+2.334960E-07	1	0	
+2.280060E-07	1	0	
+2.395800E-07	1	0	
+2.401920E-07	1	0	
+2.210280E-07	1	0	
+2.388720E-07	1	0	
+2.425200E-07	1	0	
+2.427240E-07	1	0	
+2.436480E-07	1	0	
+2.247720E-07	1	0	
+2.314800E-07	1	0	
+2.214060E-07	1	0	
+2.314800E-07	1	0	
+2.491800E-07	1	0	
+2.336760E-07	1	0	
+2.352000E-07	1	0	
+2.369460E-07	1	0	
+2.983266E-06	4	0	
+3.665964E-06	4	8	
+1.672320E-06	4	0	
+2.440620E-07	2	0	
+2.251920E-07	2	0	
+2.351640E-07	2	0	
+2.379120E-07	2	0	
+2.497500E-07	2	0	
+2.583360E-07	2	0	
+2.507040E-07	2	0	
+2.555700E-07	2	0	
+2.500680E-07	2	0	
+2.618340E-07	2	0	
+2.644920E-07	2	0	
+2.472120E-07	2	0	
+2.494620E-07	2	0	
+2.565240E-07	2	0	
+2.497380E-07	2	0	
+2.580660E-07	2	0	
+2.622360E-07	2	0	
+2.575740E-07	2	0	
+2.451660E-07	2	0	
+2.443500E-07	2	0	
+2.504820E-07	2	0	
+2.570940E-07	2	0	
+2.500800E-07	2	0	
+2.470860E-07	2	0	
+2.383680E-07	2	0	
+2.460480E-07	2	0	
+2.501100E-07	2	0	
-2.788296E-06	3	0	
-3.617142E-06	3	8	
-1.312914E-06	3	0	
+2.588820E-07	1	0	
+2.632260E-07	1	0	
+2.441640E-07	1	0	
+2.432460E-07	1	0	
+2.580480E-07	1	0	
+2.418120E-07	1	0	
+2.605620E-07	1	0	
+2.680260E-07	1	0	
+2.740800E-07	1	0	
+2.677980E-07	1	0	
+2.616660E-07	1	0	
+2.751840E-07	1	0	
+2.761980E-07	1	0	
+2.693160E-07	1	0	
+2.717160E-07	1	0	
+2.490720E-07	1	0	
+2.565420E-07	1	0	
+2.485980E-07	1	0	
+2.529060E-07	1	0	
+2.859240E-07	1	0	
+2.667540E-07	1	0	
+2.546160E-07	1	0	
+2.519760E-07	1	0	
+2.515920E-07	1	0	
+2.444160E-07	1	0	
+2.519220E-07	1	0	
+2.362500E-07	1	0	
+2.982126E-06	4	0	
+3.665952E-06	4	8	
+1.656336E-06	4	0	
+2.250720E-07	2	0	
+2.195040E-07	2	0	
+2.337660E-07	2	0	
+2.349900E-07	2	0	
+2.234460E-07	2	0	
+2.374560E-07	2	0	
+2.372940E-07	2	0	
+2.349300E-07	2	0	
+2.286660E-07	2	0	
+2.425800E-07	2	0	
+2.427960E-07	2	0	
+2.394600E-07	2	0	
+2.321460E-07	2	0	
+2.470620E-07	2	0	
+2.394180E-07	2	0	
+2.547360E-07	2	0	
+2.420940E-07	2	0	
+2.402220E-07	2	0	
+2.513940E-07	2	0	
+2.428860E-07	2	0	
+2.373480E-07	2	0	
+2.589780E-07	2	0	
+2.196300E-07	2	0	
+2.386560E-07	2	0	
+2.400180E-07	2	0	
+2.265720E-07	2	0	
+2.250840E-07	2	0	
-2.800014E-06	3	0	
-3.617148E-06	3	8	
-1.333752E-06	3	0	
+2.468160E-07	1	0	
+2.228040E-07	1	0	
+2.202300E-07	1	0	
+2.248200E-07	1	0	
+2.181420E-07	1	0	
+2.246940E-07	1	0	
+2.272320E-07	1	0	
+2.247420E-07	1	0	
+2.241300E-07	1	0	
+2.217060E-07	1	0	
+2.310540E-07	1	0	
+2.369520E-07	1	0	
+2.249700E-07	1	0	
+2.345340E-07	1	0	
+2.403360E-07	1	0	
+2.360700E-07	1	0	
+2.468160E-07	1	0	
+2.439780E-07	1	0	
+2.461020E-07	1	0	
+2.316120E-07	1	0	
+2.397840E-07	1	0	
+2.485080E-07	1	0	
+2.410320E-07	1	0	
+2.709840E-07	1	0	
+2.642580E-07	1	0	
+2.522400E-07	1	0	
+2.422380E-07	1	0	
+2.984178E-06	4	0	
+3.665970E-06	4	8	
+1.649676E-06	4	0	
+1.998060E-07	2	0	
+2.119080E-07	2	0	
+2.213760E-07	2	0	
+2.379240E-07	2	0	
+2.230860E-07	2	0	
+2.355840E-07	2	0	
+2.228940E-07	2	0	
+2.263560E-07	2	0	
+2.317020E-07	2	0	
+2.285940E-07	2	0	
+2.263860E-07	2	0	
+2.321100E-07	2	0	
+2.230440E-07	2	0	
+2.336580E-07	2	0	
+2.264340E-07	2	0	
+2.440980E-07	2	0	
+2.374260E-07	2	0	
+2.328840E-07	2	0	
+2.415480E-07	2	0	
+2.345640E-07	2	0	
+2.264580E-07	2	0	
+2.401740E-07	2	0	
+2.458740E-07	2	0	
+2.407080E-07	2	0	
+2.561100E-07	2	0	
+2.310840E-07	2	0	
+2.340780E-07	2	0	
-2.794860E-06	3	0	
-3.617148E-06	3	8	
-1.307250E-06	3	0	
+2.639160E-07	1	0	
+2.450040E-07	1	0	
+2.249280E-07	1	0	
+2.468640E-07	1	0	
+2.610660E-07	1	0	
+2.286120E-07	1	0	
+2.261760E-07	1	0	
+2.305500E-07	1	0	
+2.371020E-07	1	0	
+2.241420E-07	1	0	
+2.432100E-07	1	0	
+2.330280E-07	1	0	
+2.219160E-07	1	0	
+2.342040E-07	1	0	
+2.348760E-07	1	0	
+2.456760E-07	1	0	
+2.406060E-07	1	0	
+2.311260E-07	1	0	
+2.480580E-07	1	0	
+2.452080E-07	1	0	
+2.517840E-07	1	0	
+2.428080E-07	1	0	
+2.397600E-07	1	0	
+2.438820E-07	1	0	
+2.429280E-07	1	0	
+2.533860E-07	1	0	
+2.402640E-07	1	0	
+2.984640E-06	4	0	
+3.665952E-06	4	8	
+1.668036E-06	4	0	
+2.206560E-07	2	0	
+2.427480E-07	2	0	
+2.442660E-07	2	0	
+2.546220E-07	2	0	
+2.416560E-07	2	0	
+2.172780E-07	2	0	
+2.346720E-07	2	0	
+2.095680E-07	2	0	
+2.320920E-07	2	0	
+2.175960E-07	2	0	
+2.110380E-07	2	0	
+2.264580E-07	2	0	
+2.274480E-07	2	0	
+2.399940E-07	2	0	
+2.270280E-07	2	0	
+2.350800E-07	2	0	
+2.432940E-07	2	0	
+2.310900E-07	2	0	
+2.225040E-07	2	0	
+2.230800E-07	2	0	
+2.445600E-07	2	0	
+2.558700E-07	2	0	
+2.535240E-07	2	0	
+2.569440E-07	2	0	
+2.416980E-07	2	0	
+2.479800E-07	2	0	
+2.294580E-07	2	0	
-2.794974E-06	3	0	
-3.617148E-06	3	8	
-1.292106E-06	3	0	
+2.999520E-07	1	0	
+2.734260E-07	1	0	
+2.529900E-07	1	0	
+2.390880E-07	1	0	
+2.471100E-07	1	0	
+2.512080E-07	1	0	
+2.538720E-07	1	0	
+2.547480E-07	1	0	
+2.328060E-07	1	0	
+2.308620E-07	1	0	
+2.345400E-07	1	0	
+2.385720E-07	1	0	
+2.344080E-07	1	0	
+2.289480E-07	1	0	
+2.326380E-07	1	0	
+2.372040E-07	1	0	
+2.424060E-07	1	0	
+2.241960E-07	1	0	
+2.412960E-07	1	0	
+2.261880E-07	1	0	
+2.569800E-07	1	0	
+2.469540E-07	1	0	
+2.341500E-07	1	0	
+2.679840E-07	1	0	
+2.464980E-07	1	0	
+2.431080E-07	1	0	
+2.612160E-07	1	0	
+2.990400E-06	4	0	
+3.665946E-06	4	8	
+1.661700E-06	4	0	
+2.234100E-07	2	0	
+2.315520E-07	2	0	
+2.444400E-07	2	0	
+2.299200E-07	2	0	
+2.426580E-07	2	0	
+2.371500E-07	2	0	
+2.325240E-07	2	0	
+2.386080E-07	2	0	
+2.326320E-07	2	0	
+2.415840E-07	2	0	
+2.301960E-07	2	0	
+2.294700E-07	2	0	
+2.248740E-07	2	0	
+2.205600E-07	2	0	
+2.157420E-07	2	0	
+2.126460E-07	2	0	
+2.239800E-07	2	0	
+2.116020E-07	2	0	
+2.209620E-07	2	0	
+2.375400E-07	2	0	
+2.195460E-07	2	0	
+2.274600E-07	2	0	
+2.386200E-07	2	0	
+2.311860E-07	2	0	
+2.374560E-07	2	0	
+2.290680E-07	2	0	
+2.351340E-07	2	0	
-2.791854E-06	3	0	
-3.617148E-06	3	8	
-1.301874E-06	3	0	
+2.717280E-07	1	0	
+2.398260E-07	1	0	
+2.587980E-07	1	0	
+2.567220E-07	1	0	
+2.453460E-07	1	0	
+2.527500E-07	1	0	
+2.361360E-07	1	0	
+2.445780E-07	1	0	
+2.429340E-07	1	0	
+2.490780E-07	1	0	
+2.516220E-07	1	0	
+2.316420E-07	1	0	
+2.401140E-07	1	0	
+2.225820E-07	1	0	
+2.340600E-07	1	0	
+2.212200E-07	1	0	
+2.301060E-07	1	0	
+2.286180E-07	1	0	
+2.181960E-07	1	0	
+2.192580E-07	1	0	
+2.287020E-07	1	0	
+2.290440E-07	1	0	
+2.175300E-07	1	0	
+2.328960E-07	1	0	
+2.376600E-07	1	0	
+2.365320E-07	1	0	
+2.330460E-07	1	0	
+2.978022E-06	4	0	
+3.665958E-06	4	8	
+1.664148E-06	4	0	
+2.149440E-07	2	0	
+2.241960E-07	2	0	
+2.454780E-07	2	0	
+2.772000E-07	2	0	
+2.516400E-07	2	0	
+2.374020E-07	2	0	
+2.244240E-07	2	0	
+2.302500E-07	2	0	
+2.392020E-07	2	0	
+2.315700E-07	2	0	
+2.352600E-07	2	0	
+2.292060E-07	2	0	
+2.440200E-07	2	0	
+2.374440E-07	2	0	
+2.436420E-07	2	0	
+2.431200E-07	2	0	
+2.206620E-07	2	0	
+2.135100E-07	2	0	
+2.173320E-07	2	0	
+2.406180E-07	2	0	
+2.173140E-07	2	0	
+2.091000E-07	2	0	
+2.203200E-07	2	0	
+2.226660E-07	2	0	
+2.341560E-07	2	0	
+2.097240E-07	2	0	
+2.203320E-07	2	0	
-2.798112E-06	3	0	
-3.617142E-06	3	8	
-1.317480E-06	3	0	
+2.450520E-07	1	0	
+2.314620E-07	1	0	
+2.247060E-07	1	0	
+2.356680E-07	1	0	
+2.454000E-07	1	0	
+2.299560E-07	1	0	
+2.397180E-07	1	0	
+2.393580E-07	1	0	
+2.282760E-07	1	0	
+2.356800E-07	1	0	
+2.269800E-07	1	0	
+2.325120E-07	1	0	
+2.243880E-07	1	0	
+2.397900E-07	1	0	
+2.202660E-07	1	0	
+2.269080E-07	1	0	
+2.293080E-07	1	0	
+2.404860E-07	1	0	
+2.350860E-07	1	0	
+2.140200E-07	1	0	
+2.084220E-07	1	0	
+2.157900E-07	1	0	
+2.130240E-07	1	0	
+2.234880E-07	1	0	
+2.224140E-07	1	0	
+2.126040E-07	1	0	
+2.230260E-07	1	0	
+2.978238E-06	4	0	
+3.665964E-06	4	8	
+1.655586E-06	4	0	
+1.982220E-07	2	0	
+2.037480E-07	2	0	
+2.098320E-07	2	0	
+1.956480E-07	2	0	
+2.108100E-07	2	0	
+2.094120E-07	2	0	
+2.420700E-07	2	0	
+2.194380E-07	2	0	
+2.450640E-07	2	0	
+2.361660E-07	2	0	
+2.297880E-07	2	0	
+2.270820E-07	2	0	
+2.182080E-07	2	0	
+2.287800E-07	2	0	
+2.295120E-07	2	0	
+2.369700E-07	2	0	
+2.270160E-07	2	0	
+2.264040E-07	2	0	
+2.336640E-07	2	0	
+2.190420E-07	2	0	
+2.218140E-07	2	0	
+2.255940E-07	2	0	
+2.207400E-07	2	0	
+2.211360E-07	2	0	
+2.252460E-07	2	0	
+2.121000E-07	2	0	
+2.152980E-07	2	0	
-2.800350E-06	3	0	
-3.617142E-06	3	8	
-1.332792E-06	3	0	
+2.511960E-07	1	0	
+2.312040E-07	1	0	
+2.195100E-07	1	0	
+2.127420E-07	1	0	
+2.206500E-07	1	0	
+2.054340E-07	1	0	
+2.204460E-07	1	0	
+2.091720E-07	1	0	
+2.388420E-07	1	0	
+2.430840E-07	1	0	
+2.438340E-07	1	0	
+2.467680E-07	1	0	
+2.349600E-07	1	0	
+2.371380E-07	1	0	
+2.461680E-07	1	0	
+2.500200E-07	1	0	
+2.466720E-07	1	0	
+2.436300E-07	1	0	
+2.529420E-07	1	0	
+2.371380E-07	1	0	
+2.453520E-07	1	0	
+2.411820E-07	1	0	
+2.392440E-07	1	0	
+2.469060E-07	1	0	
+2.307060E-07	1	0	
+2.366520E-07	1	0	
+2.371620E-07	1	0	
+2.982936E-06	4	0	
+3.665958E-06	4	8	
+1.659648E-06	4	0	
+2.027280E-07	2	0	
+2.239080E-07	2	0	
+2.223900E-07	2	0	
+2.292780E-07	2	0	
+2.103540E-07	2	0	
+2.117100E-07	2	0	
+2.142060E-07	2	0	
+2.297940E-07	2	0	
+2.190120E-07	2	0	
+2.291100E-07	2	0	
+2.292900E-07	2	0	
+2.380860E-07	2	0	
+2.329080E-07	2	0	
+2.367480E-07	2	0	
+2.346540E-07	2	0	
+2.407320E-07	2	0	
+2.299440E-07	2	0	
+2.337360E-07	2	0	
+2.268480E-07	2	0	
+2.328000E-07	2	0	
+2.327520E-07	2	0	
+2.369520E-07	2	0	
+2.354760E-07	2	0	
+2.324280E-07	2	0	
+2.337600E-07	2	0	
+2.404920E-07	2	0	
+2.489820E-07	2	0	
-2.796666E-06	3	0	
-3.617154E-06	3	8	
-1.323768E-06	3	0	
+2.509800E-07	1	0	
+2.348820E-07	1	0	
+2.218320E-07	1	0	
+2.170260E-07	1	0	
+2.585520E-07	1	0	
+2.484780E-07	1	0	
+2.262540E-07	1	0	
+2.373420E-07	1	0	
+2.167860E-07	1	0	
+2.218800E-07	1	0	
+2.322420E-07	1	0	
+2.340420E-07	1	0	
+2.134920E-07	1	0	
+2.185020E-07	1	0	
+2.527080E-07	1	0	
+2.478240E-07	1	0	
+2.531940E-07	1	0	
+2.570040E-07	1	0	
+2.373480E-07	1	0	
+2.494860E-07	1	0	
+2.383500E-07	1	0	
+2.532900E-07	1	0	
+2.374080E-07	1	0	
+2.488260E-07	1	0	
+2.548680E-07	1	0	
+2.422200E-07	1	0	
+2.374920E-07	1	0	
+2.984382E-06	4	0	
+3.665964E-06	4	8	
+1.673934E-06	4	0	
+2.049480E-07	2	0	
+2.185200E-07	2	0	
+2.215200E-07	2	0	
+2.270520E-07	2	0	
+2.171700E-07	2	0	
+2.205540E-07	2	0	
+2.114940E-07	2	0	
+2.281560E-07	2	0	
+2.210340E-07	2	0	
+2.121060E-07	2	0	
+2.329680E-07	2	0	
+2.235300E-07	2	0	
+2.387940E-07	2	0	
+2.320920E-07	2	0	
+2.234280E-07	2	0	
+2.347440E-07	2	0	
+2.392860E-07	2	0	
+2.178000E-07	2	0	
+2.372040E-07	2	0	
+2.377020E-07	2	0	
+2.470320E-07	2	0	
+2.432340E-07	2	0	
+2.355960E-07	2	0	
+2.386380E-07	2	0	
+2.639520E-07	2	0	
+2.456700E-07	2	0	
+2.697180E-07	2	0	
-2.789022E-06	3	0	
-3.617148E-06	3	8	
-1.305864E-06	3	0	
+2.648460E-07	1	0	
+2.306460E-07	1	0	
+2.367240E-07	1	0	
+2.392500E-07	1	0	
+2.138520E-07	1	0	
+2.355900E-07	1	0	
+2.128560E-07	1	0	
+2.185620E-07	1	0	
+2.282340E-07	1	0	
+2.076540E-07	1	0	
+2.353500E-07	1	0	
+2.216760E-07	1	0	
+2.013720E-07	1	0	
+2.067960E-07	1	0	
+2.049600E-07	1	0	
+1.949580E-07	1	0	
+2.263080E-07	1	0	
+2.369880E-07	1	0	
+2.100060E-07	1	0	
+2.323080E-07	1	0	
+2.336040E-07	1	0	
+2.341020E-07	1	0	
+2.230560E-07	1	0	
+2.349240E-07	1	0	
+2.430540E-07	1	0	
+2.416800E-07	1	0	
+2.404980E-07	1	0	
+2.980212E-06	4	0	
+3.665964E-06	4	8	
+1.680258E-06	4	0	
+2.040960E-07	2	0	
+2.203500E-07	2	0	
+2.223840E-07	2	0	
+2.253240E-07	2	0	
+2.372040E-07	2	0	
+2.211780E-07	2	0	
+2.176860E-07	2	0	
+2.028660E-07	2	0	
+2.303820E-07	2	0	
+2.115240E-07	2	0	
+2.259660E-07	2	0	
+2.200260E-07	2	0	
+2.182620E-07	2	0	
+2.286900E-07	2	0	
+2.051340E-07	2	0	
+2.189040E-07	2	0	
+2.290320E-07	2	0	
+2.168520E-07	2	0	
+2.237280E-07	2	0	
+2.546580E-07	2	0	
+2.357160E-07	2	0	
+2.246220E-07	2	0	
+2.476260E-07	2	0	
+2.492580E-07	2	0	
+2.379300E-07	2	0	
+2.371680E-07	2	0	
+2.405580E-07	2	0	
-2.788680E-06	3	0	
-3.617142E-06	3	8	
-1.300824E-06	3	0	
+2.660880E-07	1	0	
+2.605740E-07	1	0	
+2.591160E-07	1	0	
+2.496660E-07	1	0	
+2.603340E-07	1	0	
+2.577900E-07	1	0	
+2.616060E-07	1	0	
+2.476200E-07	1	0	
+2.491380E-07	1	0	
+2.426280E-07	1	0	
+2.377560E-07	1	0	
+2.366220E-07	1	0	
+2.506080E-07	1	0	
+2.359800E-07	1	0	
+2.497200E-07	1	0	
+2.406180E-07	1	0	
+2.361240E-07	1	0	
+2.406780E-07	1	0	
+2.477220E-07	1	0	
+2.494620E-07	1	0	
+2.301360E-07	1	0	
+2.359020E-07	1	0	
+2.459100E-07	1	0	
+2.595660E-07	1	0	
+2.395080E-07	1	0	
+2.451420E-07	1	0	
+2.521980E-07	1	0	
+2.982456E-06	4	0	
+3.665964E-06	4	8	
+1.669362E-06	4	0	
+2.281200E-07	2	0	
+2.447460E-07	2	0	
+2.562060E-07	2	0	
+2.578740E-07	2	0	
+2.496780E-07	2	0	
+2.642220E-07	2	0	
+2.529360E-07	2	0	
+2.435460E-07	2	0	
+2.513580E-07	2	0	
+2.446800E-07	2	0	
+2.435400E-07	2	0	
+2.412900E-07	2	0	
+2.274300E-07	2	0	
+2.300700E-07	2	0	
+2.232600E-07	2	0	
+2.357220E-07	2	0	
+2.337540E-07	2	0	
+2.180520E-07	2	0	
+2.327940E-07	2	0	
+2.490540E-07	2	0	
+2.221380E-07	2	0	
+2.563740E-07	2	0	
+2.143200E-07	2	0	
+2.136900E-07	2	0	
+2.408580E-07	2	0	
+2.355240E-07	2	0	
+2.412060E-07	2	0	
-2.789958E-06	3	0	
-3.617142E-06	3	8	
