start date: 	2023-08-08
start time: 	16.49.14
stop date: 	2023-08-08
stop time: 	17.10.22
com rel. humid (%):	33.6
com temp (°C):	29.21
cn temp (°C):	31.28
nv temp (°C):	35.50
bvd averages: 	     20
remarks: 	CCC probe connected to GaAs probe, GaAs 8 V+=Red, V-=Wht, I+=Wht, I-=Blk, B = 11.56 T (84.4 A), Psample = 3.0e-3 mbar
R1 Info: 	NIST-QHRGaAs13k-8
R2 Info: 	1216
data filepath: 	M:\MagniconData\CCCViewerData\cccviewer_measure\2023-08-08_CCC\230808_006_1649.txt
config filepath: 	M:\MagniconData\CCCViewerData\cccviewer_measure\2023-08-08_CCC\230808_006_1649_cccdrive.cfg
time base (Hz): 	60
integration time (time base multiples):	60
number of samples per half cycle: 	30
ignored first samples: 	14
ignored last samples: 	0
amplifier gain: 	1000000
delta N1/NA (mTurns): 	21.323870402
delta (I2*R2) (V): 	2.000061037
N1 (Turns):	2065
N2 (Turns):	16
NA (Turns):	1
R1 (Ohm): 	12906.404000
R2 (Ohm): 	100.000000

data(V)	phase	error
+2.632020E-07	1	0	
+2.505180E-07	1	0	
+2.289480E-07	1	0	
+2.585760E-07	1	0	
+2.362020E-07	1	0	
+2.314080E-07	1	0	
+2.798220E-07	1	0	
+2.669220E-07	1	0	
+2.603220E-07	1	0	
+2.757780E-07	1	0	
+2.376540E-07	1	0	
+2.676240E-07	1	0	
+2.414700E-07	1	0	
+2.422920E-07	1	0	
+2.668380E-07	1	0	
+2.568000E-07	1	0	
+2.316060E-07	1	0	
+2.305800E-07	1	0	
+2.415840E-07	1	0	
+2.431800E-07	1	0	
+2.179440E-07	1	0	
+2.225160E-07	1	0	
+2.406120E-07	1	0	
+2.361600E-07	1	0	
+2.623020E-07	1	0	
+2.388480E-07	1	0	
+2.321160E-07	1	0	
+2.558100E-07	1	0	
+3.173574E-06	4	8	
+3.673326E-06	4	8	
+1.871100E-06	4	0	
+1.931760E-07	2	0	
+2.268120E-07	2	0	
+2.878560E-07	2	0	
+2.771520E-07	2	0	
+2.793300E-07	2	0	
+2.775480E-07	2	0	
+2.605200E-07	2	0	
+2.668800E-07	2	0	
+2.679420E-07	2	0	
+2.678760E-07	2	0	
+2.622060E-07	2	0	
+2.679600E-07	2	0	
+2.746680E-07	2	0	
+2.715000E-07	2	0	
+2.731740E-07	2	0	
+2.683920E-07	2	0	
+2.566620E-07	2	0	
+2.478360E-07	2	0	
+2.430900E-07	2	0	
+2.519160E-07	2	0	
+2.606580E-07	2	0	
+2.498280E-07	2	0	
+2.418120E-07	2	0	
+2.532360E-07	2	0	
+2.470320E-07	2	0	
+2.505900E-07	2	0	
+2.362500E-07	2	0	
-3.030948E-06	3	8	
-3.623382E-06	3	8	
-1.542102E-06	3	0	
+3.130440E-07	1	0	
+2.468100E-07	1	0	
+2.399640E-07	1	0	
+2.472600E-07	1	0	
+2.701800E-07	1	0	
+2.585280E-07	1	0	
+2.793720E-07	1	0	
+2.317980E-07	1	0	
+2.268120E-07	1	0	
+2.588280E-07	1	0	
+2.795280E-07	1	0	
+2.703840E-07	1	0	
+2.588940E-07	1	0	
+2.610780E-07	1	0	
+2.503860E-07	1	0	
+2.836140E-07	1	0	
+2.605680E-07	1	0	
+2.468040E-07	1	0	
+2.509140E-07	1	0	
+2.367420E-07	1	0	
+2.382840E-07	1	0	
+2.537340E-07	1	0	
+2.331720E-07	1	0	
+2.205360E-07	1	0	
+2.353020E-07	1	0	
+2.420940E-07	1	0	
+2.349960E-07	1	0	
+3.174102E-06	4	8	
+3.673218E-06	4	8	
+1.865040E-06	4	0	
+1.868400E-07	2	0	
+2.350380E-07	2	0	
+2.507280E-07	2	0	
+2.422680E-07	2	0	
+2.403600E-07	2	0	
+2.369940E-07	2	0	
+2.694780E-07	2	0	
+2.711280E-07	2	0	
+2.287020E-07	2	0	
+2.604180E-07	2	0	
+2.498820E-07	2	0	
+2.509740E-07	2	0	
+2.635320E-07	2	0	
+2.723400E-07	2	0	
+2.676000E-07	2	0	
+2.588700E-07	2	0	
+2.641740E-07	2	0	
+2.704440E-07	2	0	
+2.664780E-07	2	0	
+2.484300E-07	2	0	
+2.393280E-07	2	0	
+2.414820E-07	2	0	
+2.633580E-07	2	0	
+2.384160E-07	2	0	
+2.262480E-07	2	0	
+2.483940E-07	2	0	
+2.158680E-07	2	0	
-3.031596E-06	3	8	
-3.623442E-06	3	8	
-1.582626E-06	3	0	
+2.663040E-07	1	0	
+2.514240E-07	1	0	
+2.450400E-07	1	0	
+2.392200E-07	1	0	
+2.304120E-07	1	0	
+2.182020E-07	1	0	
+2.366760E-07	1	0	
+2.374080E-07	1	0	
+2.441280E-07	1	0	
+2.262840E-07	1	0	
+2.409900E-07	1	0	
+2.565120E-07	1	0	
+2.555460E-07	1	0	
+2.746200E-07	1	0	
+2.503620E-07	1	0	
+2.520120E-07	1	0	
+2.569200E-07	1	0	
+2.389500E-07	1	0	
+2.430180E-07	1	0	
+2.475300E-07	1	0	
+2.464980E-07	1	0	
+2.382600E-07	1	0	
+2.399760E-07	1	0	
+2.385420E-07	1	0	
+2.327160E-07	1	0	
+2.074500E-07	1	0	
+2.039880E-07	1	0	
+3.161694E-06	4	8	
+3.673170E-06	4	8	
+1.863510E-06	4	0	
+1.755300E-07	2	0	
+2.178540E-07	2	0	
+2.389680E-07	2	0	
+2.408460E-07	2	0	
+2.258280E-07	2	0	
+2.194800E-07	2	0	
+2.343540E-07	2	0	
+2.066280E-07	2	0	
+2.203740E-07	2	0	
+2.329080E-07	2	0	
+2.376240E-07	2	0	
+2.234160E-07	2	0	
+2.316120E-07	2	0	
+2.446500E-07	2	0	
+2.402220E-07	2	0	
+2.402460E-07	2	0	
+2.409120E-07	2	0	
+2.335920E-07	2	0	
+2.348220E-07	2	0	
+2.461260E-07	2	0	
+2.348040E-07	2	0	
+2.356680E-07	2	0	
+2.349720E-07	2	0	
+2.423640E-07	2	0	
+2.420520E-07	2	0	
+2.521740E-07	2	0	
+2.293800E-07	2	0	
-3.034098E-06	3	8	
-3.623448E-06	3	8	
-1.581570E-06	3	0	
+2.723820E-07	1	0	
+2.399940E-07	1	0	
+2.179080E-07	1	0	
+2.323740E-07	1	0	
+2.275320E-07	1	0	
+2.345280E-07	1	0	
+2.397480E-07	1	0	
+2.216820E-07	1	0	
+2.276040E-07	1	0	
+2.419680E-07	1	0	
+2.558640E-07	1	0	
+2.102760E-07	1	0	
+2.233560E-07	1	0	
+2.176560E-07	1	0	
+2.276160E-07	1	0	
+2.184120E-07	1	0	
+2.385240E-07	1	0	
+2.433420E-07	1	0	
+2.233080E-07	1	0	
+2.474940E-07	1	0	
+2.350320E-07	1	0	
+2.382780E-07	1	0	
+2.328240E-07	1	0	
+2.333760E-07	1	0	
+2.283240E-07	1	0	
+2.261100E-07	1	0	
+2.404980E-07	1	0	
+3.174564E-06	4	8	
+3.673302E-06	4	8	
+1.858896E-06	4	0	
+1.969920E-07	2	0	
+2.232960E-07	2	0	
+2.286360E-07	2	0	
+2.040960E-07	2	0	
+2.161320E-07	2	0	
+2.097780E-07	2	0	
+2.287020E-07	2	0	
+2.396580E-07	2	0	
+2.365320E-07	2	0	
+2.190660E-07	2	0	
+2.309460E-07	2	0	
+2.003280E-07	2	0	
+2.079180E-07	2	0	
+2.243160E-07	2	0	
+1.963260E-07	2	0	
+2.150340E-07	2	0	
+2.092320E-07	2	0	
+2.001300E-07	2	0	
+2.331720E-07	2	0	
+2.292960E-07	2	0	
+2.385540E-07	2	0	
+2.203800E-07	2	0	
+2.281140E-07	2	0	
+2.308140E-07	2	0	
+2.165400E-07	2	0	
+2.251140E-07	2	0	
+2.349300E-07	2	0	
-3.031122E-06	3	8	
-3.623418E-06	3	8	
-1.564662E-06	3	0	
+2.860260E-07	1	0	
+2.429880E-07	1	0	
+2.376960E-07	1	0	
+2.280540E-07	1	0	
+2.094000E-07	1	0	
+2.294220E-07	1	0	
+2.121960E-07	1	0	
+2.318280E-07	1	0	
+2.044980E-07	1	0	
+2.104800E-07	1	0	
+1.948920E-07	1	0	
+2.413200E-07	1	0	
+2.228400E-07	1	0	
+2.364180E-07	1	0	
+2.257920E-07	1	0	
+2.125800E-07	1	0	
+2.155560E-07	1	0	
+2.213520E-07	1	0	
+2.115480E-07	1	0	
+2.334060E-07	1	0	
+2.130420E-07	1	0	
+2.349540E-07	1	0	
+2.506140E-07	1	0	
+2.311680E-07	1	0	
+2.391180E-07	1	0	
+2.603640E-07	1	0	
+2.339340E-07	1	0	
+3.168660E-06	4	8	
+3.673326E-06	4	8	
+1.857546E-06	4	0	
+2.136660E-07	2	0	
+2.274360E-07	2	0	
+2.239680E-07	2	0	
+2.226000E-07	2	0	
+2.303940E-07	2	0	
+2.400840E-07	2	0	
+2.490480E-07	2	0	
+2.464080E-07	2	0	
+2.294760E-07	2	0	
+2.311200E-07	2	0	
+2.307780E-07	2	0	
+2.255220E-07	2	0	
+2.251080E-07	2	0	
+2.325540E-07	2	0	
+2.369760E-07	2	0	
+2.270760E-07	2	0	
+2.262120E-07	2	0	
+2.385060E-07	2	0	
+2.239860E-07	2	0	
+2.295540E-07	2	0	
+2.288220E-07	2	0	
+2.166720E-07	2	0	
+2.251440E-07	2	0	
+2.322180E-07	2	0	
+2.409000E-07	2	0	
+2.463840E-07	2	0	
+2.502840E-07	2	0	
-3.030102E-06	3	8	
-3.623430E-06	3	8	
-1.552728E-06	3	0	
+2.702820E-07	1	0	
+2.479560E-07	1	0	
+2.471280E-07	1	0	
+2.307420E-07	1	0	
+2.358180E-07	1	0	
+2.461380E-07	1	0	
+2.403060E-07	1	0	
+2.643120E-07	1	0	
+2.586600E-07	1	0	
+2.408400E-07	1	0	
+2.362860E-07	1	0	
+1.921920E-07	1	0	
+2.073540E-07	1	0	
+2.368920E-07	1	0	
+2.023080E-07	1	0	
+2.507580E-07	1	0	
+2.325000E-07	1	0	
+2.246100E-07	1	0	
+1.957080E-07	1	0	
+1.929360E-07	1	0	
+2.071560E-07	1	0	
+2.307900E-07	1	0	
+2.225640E-07	1	0	
+2.282640E-07	1	0	
+2.071500E-07	1	0	
+2.285820E-07	1	0	
+2.161920E-07	1	0	
+3.168720E-06	4	8	
+3.673302E-06	4	8	
+1.871634E-06	4	0	
+2.079060E-07	2	0	
+2.266260E-07	2	0	
+2.072100E-07	2	0	
+2.464320E-07	2	0	
+2.424960E-07	2	0	
+2.373000E-07	2	0	
+2.380860E-07	2	0	
+2.392620E-07	2	0	
+2.529420E-07	2	0	
+2.342460E-07	2	0	
+2.231880E-07	2	0	
+2.620260E-07	2	0	
+2.549280E-07	2	0	
+2.475360E-07	2	0	
+2.482620E-07	2	0	
+2.328780E-07	2	0	
+2.494020E-07	2	0	
+2.216880E-07	2	0	
+2.417760E-07	2	0	
+2.315220E-07	2	0	
+2.388780E-07	2	0	
+2.489280E-07	2	0	
+2.477280E-07	2	0	
+2.553120E-07	2	0	
+2.594100E-07	2	0	
+2.287260E-07	2	0	
+2.293440E-07	2	0	
-3.031578E-06	3	8	
-3.623400E-06	3	8	
-1.556904E-06	3	0	
+2.962500E-07	1	0	
+2.618160E-07	1	0	
+2.624940E-07	1	0	
+2.623680E-07	1	0	
+2.563020E-07	1	0	
+2.516460E-07	1	0	
+2.573220E-07	1	0	
+2.551800E-07	1	0	
+2.622660E-07	1	0	
+2.697900E-07	1	0	
+2.685360E-07	1	0	
+2.322300E-07	1	0	
+2.469720E-07	1	0	
+2.495340E-07	1	0	
+2.499480E-07	1	0	
+2.669100E-07	1	0	
+2.307180E-07	1	0	
+2.534100E-07	1	0	
+2.565000E-07	1	0	
+2.385600E-07	1	0	
+2.253300E-07	1	0	
+2.344680E-07	1	0	
+2.276640E-07	1	0	
+2.379120E-07	1	0	
+2.382300E-07	1	0	
+2.344200E-07	1	0	
+2.175480E-07	1	0	
+3.171780E-06	4	8	
+3.673308E-06	4	8	
+1.855290E-06	4	0	
+1.796940E-07	2	0	
+2.406000E-07	2	0	
+2.403420E-07	2	0	
+2.278320E-07	2	0	
+2.580060E-07	2	0	
+2.561640E-07	2	0	
+2.501160E-07	2	0	
+2.504880E-07	2	0	
+2.104980E-07	2	0	
+2.638140E-07	2	0	
+2.563380E-07	2	0	
+2.503860E-07	2	0	
+2.596260E-07	2	0	
+2.515140E-07	2	0	
+2.558280E-07	2	0	
+2.516760E-07	2	0	
+2.551620E-07	2	0	
+2.399220E-07	2	0	
+2.377860E-07	2	0	
+2.478960E-07	2	0	
+2.472300E-07	2	0	
+2.463540E-07	2	0	
+2.261760E-07	2	0	
+2.293980E-07	2	0	
+2.402100E-07	2	0	
+2.366100E-07	2	0	
+2.286900E-07	2	0	
-3.026520E-06	3	8	
-3.623460E-06	3	8	
-1.557558E-06	3	0	
+2.727060E-07	1	0	
+2.444100E-07	1	0	
+2.348160E-07	1	0	
+2.213700E-07	1	0	
+2.008260E-07	1	0	
+2.320680E-07	1	0	
+2.525400E-07	1	0	
+2.663820E-07	1	0	
+2.454840E-07	1	0	
+2.315700E-07	1	0	
+2.406060E-07	1	0	
+2.466900E-07	1	0	
+2.645220E-07	1	0	
+2.504100E-07	1	0	
+2.336280E-07	1	0	
+2.326140E-07	1	0	
+2.220180E-07	1	0	
+2.433060E-07	1	0	
+2.395560E-07	1	0	
+2.306280E-07	1	0	
+2.474280E-07	1	0	
+2.368680E-07	1	0	
+2.350380E-07	1	0	
+2.385120E-07	1	0	
+2.264460E-07	1	0	
+2.273340E-07	1	0	
+2.241060E-07	1	0	
+3.169188E-06	4	8	
+3.673284E-06	4	8	
+1.853358E-06	4	0	
+1.856760E-07	2	0	
+2.279580E-07	2	0	
+2.293260E-07	2	0	
+2.348040E-07	2	0	
+2.301600E-07	2	0	
+2.269620E-07	2	0	
+2.380260E-07	2	0	
+2.272080E-07	2	0	
+2.299680E-07	2	0	
+2.525400E-07	2	0	
+2.566260E-07	2	0	
+2.544480E-07	2	0	
+2.496300E-07	2	0	
+2.592300E-07	2	0	
+2.587800E-07	2	0	
+2.484540E-07	2	0	
+2.645760E-07	2	0	
+2.558460E-07	2	0	
+2.618940E-07	2	0	
+2.447580E-07	2	0	
+2.579640E-07	2	0	
+2.475540E-07	2	0	
+2.410680E-07	2	0	
+2.480520E-07	2	0	
+2.544120E-07	2	0	
+2.239800E-07	2	0	
+2.484600E-07	2	0	
-3.025044E-06	3	8	
-3.623412E-06	3	8	
-1.556460E-06	3	0	
+2.802420E-07	1	0	
+2.491680E-07	1	0	
+2.528820E-07	1	0	
+2.536560E-07	1	0	
+2.566740E-07	1	0	
+2.385060E-07	1	0	
+2.392860E-07	1	0	
+2.207460E-07	1	0	
+2.477400E-07	1	0	
+2.490540E-07	1	0	
+2.316480E-07	1	0	
+2.346540E-07	1	0	
+2.505540E-07	1	0	
+2.403900E-07	1	0	
+2.462940E-07	1	0	
+2.578800E-07	1	0	
+2.420520E-07	1	0	
+2.376240E-07	1	0	
+2.560980E-07	1	0	
+2.500080E-07	1	0	
+2.539320E-07	1	0	
+2.571240E-07	1	0	
+2.508480E-07	1	0	
+2.569980E-07	1	0	
+2.531100E-07	1	0	
+2.519940E-07	1	0	
+2.665380E-07	1	0	
+3.177030E-06	4	8	
+3.673290E-06	4	8	
+1.849926E-06	4	0	
+2.009700E-07	2	0	
+2.175600E-07	2	0	
+2.277240E-07	2	0	
+2.275140E-07	2	0	
+2.363220E-07	2	0	
+2.398200E-07	2	0	
+2.481780E-07	2	0	
+2.237760E-07	2	0	
+2.298300E-07	2	0	
+2.462580E-07	2	0	
+2.131500E-07	2	0	
+2.449740E-07	2	0	
+2.501940E-07	2	0	
+2.491260E-07	2	0	
+2.416980E-07	2	0	
+2.394360E-07	2	0	
+2.487540E-07	2	0	
+2.301240E-07	2	0	
+2.416200E-07	2	0	
+2.672280E-07	2	0	
+2.534520E-07	2	0	
+2.689320E-07	2	0	
+2.439900E-07	2	0	
+2.397540E-07	2	0	
+2.492160E-07	2	0	
+2.382840E-07	2	0	
+2.535420E-07	2	0	
-3.028620E-06	3	8	
-3.623418E-06	3	8	
-1.550442E-06	3	0	
+2.853180E-07	1	0	
+2.221620E-07	1	0	
+2.571000E-07	1	0	
+2.662080E-07	1	0	
+2.191860E-07	1	0	
+2.305980E-07	1	0	
+2.302800E-07	1	0	
+2.361840E-07	1	0	
+2.370900E-07	1	0	
+2.442420E-07	1	0	
+2.551260E-07	1	0	
+2.456700E-07	1	0	
+2.371680E-07	1	0	
+2.253660E-07	1	0	
+2.113680E-07	1	0	
+2.369400E-07	1	0	
+2.568900E-07	1	0	
+2.660400E-07	1	0	
+2.599860E-07	1	0	
+2.269800E-07	1	0	
+2.420820E-07	1	0	
+2.419980E-07	1	0	
+2.298120E-07	1	0	
+2.495460E-07	1	0	
+2.715300E-07	1	0	
+2.566680E-07	1	0	
+2.581680E-07	1	0	
+3.169932E-06	4	8	
+3.673320E-06	4	8	
+1.862820E-06	4	0	
+1.859640E-07	2	0	
+2.291400E-07	2	0	
+2.290620E-07	2	0	
+2.438880E-07	2	0	
+2.306340E-07	2	0	
+2.067000E-07	2	0	
+2.363040E-07	2	0	
+2.284920E-07	2	0	
+2.330460E-07	2	0	
+2.135580E-07	2	0	
+2.166180E-07	2	0	
+2.372160E-07	2	0	
+2.101860E-07	2	0	
+2.237880E-07	2	0	
+2.297220E-07	2	0	
+2.252280E-07	2	0	
+2.191920E-07	2	0	
+2.329740E-07	2	0	
+2.379480E-07	2	0	
+2.282100E-07	2	0	
+2.394240E-07	2	0	
+2.174460E-07	2	0	
+2.582040E-07	2	0	
+2.675940E-07	2	0	
+2.622600E-07	2	0	
+2.398680E-07	2	0	
+2.215740E-07	2	0	
-3.040788E-06	3	8	
-3.623448E-06	3	8	
-1.548222E-06	3	0	
+2.882580E-07	1	0	
+2.584140E-07	1	0	
+2.470980E-07	1	0	
+2.547900E-07	1	0	
+2.341860E-07	1	0	
+2.505300E-07	1	0	
+2.216580E-07	1	0	
+2.095320E-07	1	0	
+2.078580E-07	1	0	
+2.218980E-07	1	0	
+2.389740E-07	1	0	
+2.325240E-07	1	0	
+2.278860E-07	1	0	
+2.329740E-07	1	0	
+2.157240E-07	1	0	
+2.237400E-07	1	0	
+2.238000E-07	1	0	
+2.361420E-07	1	0	
+2.130360E-07	1	0	
+2.211360E-07	1	0	
+2.150220E-07	1	0	
+1.951440E-07	1	0	
+2.330400E-07	1	0	
+2.393100E-07	1	0	
+2.392260E-07	1	0	
+2.157000E-07	1	0	
+2.423220E-07	1	0	
+3.169722E-06	4	8	
+3.673332E-06	4	8	
+1.878138E-06	4	0	
+1.938300E-07	2	0	
+2.197560E-07	2	0	
+2.173920E-07	2	0	
+2.359680E-07	2	0	
+2.634720E-07	2	0	
+2.388720E-07	2	0	
+2.498880E-07	2	0	
+2.420820E-07	2	0	
+2.511780E-07	2	0	
+2.359860E-07	2	0	
+2.107680E-07	2	0	
+2.032980E-07	2	0	
+2.642280E-07	2	0	
+2.390880E-07	2	0	
+2.362440E-07	2	0	
+2.565600E-07	2	0	
+2.265240E-07	2	0	
+2.249400E-07	2	0	
+2.093100E-07	2	0	
+2.205300E-07	2	0	
+2.439420E-07	2	0	
+2.191680E-07	2	0	
+2.319240E-07	2	0	
+2.232660E-07	2	0	
+2.024160E-07	2	0	
+2.123580E-07	2	0	
+2.320020E-07	2	0	
-3.027468E-06	3	8	
-3.623400E-06	3	8	
-1.568868E-06	3	0	
+2.849100E-07	1	0	
+2.535060E-07	1	0	
+2.302860E-07	1	0	
+2.391180E-07	1	0	
+2.476140E-07	1	0	
+2.309040E-07	1	0	
+2.292120E-07	1	0	
+2.170020E-07	1	0	
+2.435520E-07	1	0	
+2.230680E-07	1	0	
+2.559240E-07	1	0	
+2.401200E-07	1	0	
+2.525460E-07	1	0	
+2.516640E-07	1	0	
+2.095740E-07	1	0	
+2.345580E-07	1	0	
+2.562360E-07	1	0	
+2.487660E-07	1	0	
+2.496000E-07	1	0	
+2.082180E-07	1	0	
+2.471400E-07	1	0	
+2.385540E-07	1	0	
+2.230200E-07	1	0	
+2.273700E-07	1	0	
+2.030760E-07	1	0	
+2.187600E-07	1	0	
+2.274900E-07	1	0	
+3.166104E-06	4	8	
+3.673302E-06	4	8	
+1.868958E-06	4	0	
+1.671900E-07	2	0	
+2.112240E-07	2	0	
+2.333160E-07	2	0	
+2.537220E-07	2	0	
+2.490660E-07	2	0	
+2.694780E-07	2	0	
+2.456820E-07	2	0	
+2.334720E-07	2	0	
+2.677620E-07	2	0	
+2.641980E-07	2	0	
+2.581500E-07	2	0	
+2.583720E-07	2	0	
+2.410980E-07	2	0	
+2.620320E-07	2	0	
+2.942280E-07	2	0	
+2.963160E-07	2	0	
+2.606880E-07	2	0	
+2.698020E-07	2	0	
+2.588880E-07	2	0	
+2.372580E-07	2	0	
+2.528820E-07	2	0	
+2.425920E-07	2	0	
+2.437380E-07	2	0	
+2.358660E-07	2	0	
+2.304420E-07	2	0	
+2.397840E-07	2	0	
+2.450880E-07	2	0	
-3.030150E-06	3	8	
-3.623478E-06	3	8	
-1.570746E-06	3	0	
+2.822460E-07	1	0	
+2.571360E-07	1	0	
+2.312880E-07	1	0	
+2.353020E-07	1	0	
+2.377200E-07	1	0	
+2.604000E-07	1	0	
+2.446260E-07	1	0	
+2.516280E-07	1	0	
+2.562240E-07	1	0	
+2.616780E-07	1	0	
+2.670960E-07	1	0	
+2.522040E-07	1	0	
+2.283720E-07	1	0	
+2.421360E-07	1	0	
+2.538420E-07	1	0	
+2.419860E-07	1	0	
+2.455080E-07	1	0	
+2.175180E-07	1	0	
+2.183520E-07	1	0	
+2.207760E-07	1	0	
+2.167800E-07	1	0	
+2.217480E-07	1	0	
+2.289060E-07	1	0	
+2.185080E-07	1	0	
+2.367120E-07	1	0	
+2.202180E-07	1	0	
+2.317440E-07	1	0	
+3.167448E-06	4	8	
+3.673254E-06	4	8	
+1.844262E-06	4	0	
+1.752240E-07	2	0	
+1.925100E-07	2	0	
+2.184480E-07	2	0	
+2.123820E-07	2	0	
+2.090280E-07	2	0	
+2.322660E-07	2	0	
+2.344500E-07	2	0	
+2.264520E-07	2	0	
+2.204760E-07	2	0	
+2.433540E-07	2	0	
+2.411400E-07	2	0	
+2.338080E-07	2	0	
+2.401320E-07	2	0	
+2.356620E-07	2	0	
+2.216280E-07	2	0	
+2.518140E-07	2	0	
+2.578140E-07	2	0	
+2.429220E-07	2	0	
+2.298660E-07	2	0	
+2.247420E-07	2	0	
+2.192220E-07	2	0	
+2.274840E-07	2	0	
+2.206320E-07	2	0	
+2.106360E-07	2	0	
+2.216100E-07	2	0	
+2.140140E-07	2	0	
+2.231040E-07	2	0	
-3.032760E-06	3	8	
-3.623436E-06	3	8	
-1.567602E-06	3	0	
+2.766480E-07	1	0	
+2.431020E-07	1	0	
+2.416320E-07	1	0	
+2.409720E-07	1	0	
+2.379120E-07	1	0	
+2.398080E-07	1	0	
+2.286480E-07	1	0	
+2.386380E-07	1	0	
+2.536740E-07	1	0	
+2.454240E-07	1	0	
+2.404800E-07	1	0	
+2.443620E-07	1	0	
+2.421360E-07	1	0	
+2.339400E-07	1	0	
+2.505840E-07	1	0	
+2.275440E-07	1	0	
+2.448120E-07	1	0	
+2.358720E-07	1	0	
+2.581680E-07	1	0	
+2.535660E-07	1	0	
+2.508960E-07	1	0	
+2.441460E-07	1	0	
+2.346900E-07	1	0	
+2.318400E-07	1	0	
+2.644440E-07	1	0	
+2.160540E-07	1	0	
+2.296380E-07	1	0	
+3.169656E-06	4	8	
+3.673224E-06	4	8	
+1.859550E-06	4	0	
+1.953900E-07	2	0	
+2.028540E-07	2	0	
+2.062980E-07	2	0	
+2.153340E-07	2	0	
+2.260860E-07	2	0	
+2.286300E-07	2	0	
+1.903080E-07	2	0	
+2.166720E-07	2	0	
+2.167500E-07	2	0	
+2.072520E-07	2	0	
+2.409360E-07	2	0	
+2.433960E-07	2	0	
+2.457900E-07	2	0	
+2.362140E-07	2	0	
+2.403720E-07	2	0	
+2.346120E-07	2	0	
+2.467800E-07	2	0	
+2.351040E-07	2	0	
+2.254740E-07	2	0	
+2.325660E-07	2	0	
+2.613540E-07	2	0	
+2.320380E-07	2	0	
+2.192940E-07	2	0	
+2.088900E-07	2	0	
+2.235420E-07	2	0	
+2.237820E-07	2	0	
+2.456460E-07	2	0	
-3.039270E-06	3	8	
-3.623484E-06	3	8	
-1.567332E-06	3	0	
+2.804280E-07	1	0	
+2.141760E-07	1	0	
+2.128560E-07	1	0	
+2.132940E-07	1	0	
+2.113380E-07	1	0	
+2.104620E-07	1	0	
+2.229900E-07	1	0	
+2.274720E-07	1	0	
+2.105580E-07	1	0	
+2.117880E-07	1	0	
+2.442060E-07	1	0	
+2.196600E-07	1	0	
+2.274360E-07	1	0	
+2.158440E-07	1	0	
+2.344440E-07	1	0	
+2.171340E-07	1	0	
+2.329440E-07	1	0	
+1.990680E-07	1	0	
+2.277540E-07	1	0	
+2.168340E-07	1	0	
+2.408580E-07	1	0	
+2.431380E-07	1	0	
+2.105640E-07	1	0	
+2.210700E-07	1	0	
+2.397900E-07	1	0	
+2.347920E-07	1	0	
+2.290860E-07	1	0	
+3.175284E-06	4	8	
+3.673248E-06	4	8	
+1.862670E-06	4	0	
+1.635660E-07	2	0	
+2.199480E-07	2	0	
+2.161140E-07	2	0	
+2.117580E-07	2	0	
+2.330760E-07	2	0	
+2.349180E-07	2	0	
+2.152800E-07	2	0	
+2.404800E-07	2	0	
+2.297520E-07	2	0	
+2.212200E-07	2	0	
+2.087280E-07	2	0	
+2.340900E-07	2	0	
+2.588340E-07	2	0	
+2.383500E-07	2	0	
+2.201940E-07	2	0	
+2.222040E-07	2	0	
+2.638560E-07	2	0	
+2.342400E-07	2	0	
+2.464560E-07	2	0	
+2.472720E-07	2	0	
+2.616120E-07	2	0	
+2.269680E-07	2	0	
+2.472480E-07	2	0	
+2.464140E-07	2	0	
+2.476080E-07	2	0	
+2.439600E-07	2	0	
+2.431440E-07	2	0	
-3.025134E-06	3	8	
-3.623376E-06	3	8	
-1.546584E-06	3	0	
+3.009540E-07	1	0	
+2.440020E-07	1	0	
+2.625540E-07	1	0	
+2.390220E-07	1	0	
+2.298360E-07	1	0	
+2.202900E-07	1	0	
+2.298840E-07	1	0	
+2.457420E-07	1	0	
+2.388480E-07	1	0	
+2.540820E-07	1	0	
+2.495340E-07	1	0	
+2.365140E-07	1	0	
+2.388780E-07	1	0	
+2.408100E-07	1	0	
+2.595600E-07	1	0	
+2.432340E-07	1	0	
+2.349780E-07	1	0	
+2.331660E-07	1	0	
+2.347200E-07	1	0	
+2.726280E-07	1	0	
+2.717100E-07	1	0	
+2.429400E-07	1	0	
+2.350980E-07	1	0	
+2.448780E-07	1	0	
+2.447880E-07	1	0	
+2.731140E-07	1	0	
+2.506260E-07	1	0	
+3.172608E-06	4	8	
+3.673284E-06	4	8	
+1.852056E-06	4	0	
+1.748460E-07	2	0	
+2.308320E-07	2	0	
+2.290560E-07	2	0	
+2.470680E-07	2	0	
+2.350320E-07	2	0	
+2.294940E-07	2	0	
+2.238120E-07	2	0	
+2.172000E-07	2	0	
+2.157720E-07	2	0	
+2.198460E-07	2	0	
+2.182800E-07	2	0	
+2.250960E-07	2	0	
+2.362020E-07	2	0	
+2.217960E-07	2	0	
+2.410380E-07	2	0	
+2.500800E-07	2	0	
+2.436360E-07	2	0	
+2.226420E-07	2	0	
+2.179500E-07	2	0	
+2.243820E-07	2	0	
+2.276040E-07	2	0	
+2.484360E-07	2	0	
+2.597040E-07	2	0	
+2.475420E-07	2	0	
+2.486280E-07	2	0	
+2.519940E-07	2	0	
+2.565780E-07	2	0	
-3.024168E-06	3	8	
-3.623424E-06	3	8	
-1.557288E-06	3	0	
+2.767560E-07	1	0	
+2.753100E-07	1	0	
+2.652720E-07	1	0	
+2.633760E-07	1	0	
+2.455920E-07	1	0	
+2.610120E-07	1	0	
+2.877540E-07	1	0	
+2.691000E-07	1	0	
+2.881740E-07	1	0	
+2.403600E-07	1	0	
+2.386860E-07	1	0	
+2.438220E-07	1	0	
+2.384760E-07	1	0	
+2.337480E-07	1	0	
+2.276940E-07	1	0	
+2.297640E-07	1	0	
+2.400420E-07	1	0	
+2.602980E-07	1	0	
+2.310540E-07	1	0	
+2.377380E-07	1	0	
+2.471520E-07	1	0	
+2.283000E-07	1	0	
+2.596620E-07	1	0	
+2.245620E-07	1	0	
+2.327580E-07	1	0	
+2.552760E-07	1	0	
+2.595840E-07	1	0	
+3.172278E-06	4	8	
+3.673410E-06	4	8	
+1.873998E-06	4	0	
+2.089920E-07	2	0	
+2.566440E-07	2	0	
+2.573280E-07	2	0	
+2.552280E-07	2	0	
+2.690580E-07	2	0	
+2.565540E-07	2	0	
+2.397000E-07	2	0	
+2.563500E-07	2	0	
+2.535420E-07	2	0	
+2.619240E-07	2	0	
+2.620860E-07	2	0	
+2.610420E-07	2	0	
+2.464140E-07	2	0	
+2.410560E-07	2	0	
+2.544720E-07	2	0	
+2.605200E-07	2	0	
+2.390400E-07	2	0	
+2.368800E-07	2	0	
+2.400300E-07	2	0	
+2.546220E-07	2	0	
+2.585160E-07	2	0	
+2.483580E-07	2	0	
+2.636040E-07	2	0	
+2.550780E-07	2	0	
+2.425620E-07	2	0	
+2.659080E-07	2	0	
+2.444880E-07	2	0	
-3.038250E-06	3	8	
-3.623352E-06	3	8	
-1.551780E-06	3	0	
+3.066000E-07	1	0	
+2.847180E-07	1	0	
+2.884440E-07	1	0	
+2.755740E-07	1	0	
+2.691840E-07	1	0	
+2.608860E-07	1	0	
+2.577720E-07	1	0	
+2.461680E-07	1	0	
+2.765460E-07	1	0	
+2.565720E-07	1	0	
+2.642700E-07	1	0	
+2.602140E-07	1	0	
+2.620140E-07	1	0	
+2.547960E-07	1	0	
+2.461320E-07	1	0	
+2.439600E-07	1	0	
+2.613180E-07	1	0	
+2.436420E-07	1	0	
+2.262840E-07	1	0	
+2.480460E-07	1	0	
+2.659860E-07	1	0	
+2.521500E-07	1	0	
+2.587200E-07	1	0	
+2.394780E-07	1	0	
+2.522880E-07	1	0	
+2.550360E-07	1	0	
+2.392560E-07	1	0	
+3.175962E-06	4	8	
+3.673404E-06	4	8	
+1.855506E-06	4	0	
+2.272860E-07	2	0	
+2.352960E-07	2	0	
+2.455380E-07	2	0	
+2.554260E-07	2	0	
+2.524080E-07	2	0	
+2.349180E-07	2	0	
+2.653860E-07	2	0	
+2.417100E-07	2	0	
+2.407560E-07	2	0	
+2.524740E-07	2	0	
+2.598180E-07	2	0	
+2.477700E-07	2	0	
+2.711100E-07	2	0	
+2.575320E-07	2	0	
+2.703540E-07	2	0	
+2.786400E-07	2	0	
+2.397480E-07	2	0	
+2.580900E-07	2	0	
+2.408160E-07	2	0	
+2.401380E-07	2	0	
+2.267220E-07	2	0	
+2.335560E-07	2	0	
+2.467380E-07	2	0	
+2.626620E-07	2	0	
+2.474760E-07	2	0	
+2.557320E-07	2	0	
+2.446500E-07	2	0	
-3.028980E-06	3	8	
-3.623406E-06	3	8	
-1.536390E-06	3	0	
+3.100980E-07	1	0	
+2.639520E-07	1	0	
+2.560260E-07	1	0	
+2.701800E-07	1	0	
+2.595240E-07	1	0	
+2.723220E-07	1	0	
+2.448240E-07	1	0	
+2.569620E-07	1	0	
+2.262720E-07	1	0	
+2.286360E-07	1	0	
+2.612520E-07	1	0	
+2.641260E-07	1	0	
+2.561880E-07	1	0	
+2.358720E-07	1	0	
+2.294640E-07	1	0	
+2.360880E-07	1	0	
+2.347020E-07	1	0	
+2.005800E-07	1	0	
+2.422740E-07	1	0	
+2.280180E-07	1	0	
+1.935360E-07	1	0	
+2.224620E-07	1	0	
+2.232600E-07	1	0	
+2.165760E-07	1	0	
+2.357340E-07	1	0	
+2.027940E-07	1	0	
+2.214360E-07	1	0	
+3.167352E-06	4	8	
+3.673254E-06	4	8	
+1.830138E-06	4	0	
+1.566120E-07	2	0	
+2.098080E-07	2	0	
+2.143980E-07	2	0	
+2.192640E-07	2	0	
+2.158260E-07	2	0	
+2.080740E-07	2	0	
+2.314440E-07	2	0	
+2.475960E-07	2	0	
+2.240820E-07	2	0	
+2.425380E-07	2	0	
+2.253660E-07	2	0	
+2.333880E-07	2	0	
+2.464980E-07	2	0	
+2.286300E-07	2	0	
+2.283960E-07	2	0	
+2.342820E-07	2	0	
+2.239140E-07	2	0	
+2.218560E-07	2	0	
+2.087340E-07	2	0	
+2.399100E-07	2	0	
+2.485740E-07	2	0	
+2.240400E-07	2	0	
+2.379420E-07	2	0	
+2.087220E-07	2	0	
+2.284440E-07	2	0	
+2.202060E-07	2	0	
+2.219220E-07	2	0	
-3.034896E-06	3	8	
-3.623466E-06	3	8	
-1.568508E-06	3	0	
+2.704380E-07	1	0	
+2.482080E-07	1	0	
+2.251140E-07	1	0	
+2.214960E-07	1	0	
+2.475000E-07	1	0	
+2.259780E-07	1	0	
+2.108700E-07	1	0	
+2.379600E-07	1	0	
+2.044440E-07	1	0	
+2.375280E-07	1	0	
+2.383260E-07	1	0	
+2.408940E-07	1	0	
+2.228100E-07	1	0	
+2.443500E-07	1	0	
+2.571900E-07	1	0	
+2.295300E-07	1	0	
+2.509620E-07	1	0	
+2.353560E-07	1	0	
+2.302800E-07	1	0	
+2.274780E-07	1	0	
+2.347500E-07	1	0	
+2.235420E-07	1	0	
+2.229780E-07	1	0	
+2.343060E-07	1	0	
+2.529660E-07	1	0	
+2.431680E-07	1	0	
+2.317560E-07	1	0	
+3.171486E-06	4	8	
+3.673218E-06	4	8	
+1.845942E-06	4	0	
+1.692600E-07	2	0	
+1.973880E-07	2	0	
+2.164080E-07	2	0	
+2.100480E-07	2	0	
+2.485680E-07	2	0	
+2.358900E-07	2	0	
+2.098020E-07	2	0	
+2.297760E-07	2	0	
+1.902060E-07	2	0	
+2.298420E-07	2	0	
+2.070600E-07	2	0	
+2.238900E-07	2	0	
+2.586900E-07	2	0	
+2.266800E-07	2	0	
+2.205060E-07	2	0	
+2.263680E-07	2	0	
+2.339280E-07	2	0	
+2.292660E-07	2	0	
+2.262300E-07	2	0	
+2.062140E-07	2	0	
+2.302980E-07	2	0	
+2.418900E-07	2	0	
+2.427240E-07	2	0	
+2.388900E-07	2	0	
+2.138100E-07	2	0	
+2.116860E-07	2	0	
+2.278260E-07	2	0	
-3.029052E-06	3	8	
-3.623454E-06	3	8	
-1.593738E-06	3	0	
+2.545980E-07	1	0	
+2.288280E-07	1	0	
+2.440560E-07	1	0	
+2.224980E-07	1	0	
+2.285820E-07	1	0	
+2.190540E-07	1	0	
+2.304180E-07	1	0	
+2.354940E-07	1	0	
+2.362020E-07	1	0	
+2.047140E-07	1	0	
+2.260860E-07	1	0	
+2.256240E-07	1	0	
+2.265060E-07	1	0	
+2.020140E-07	1	0	
+2.034600E-07	1	0	
+2.380680E-07	1	0	
+2.284020E-07	1	0	
+2.235900E-07	1	0	
+2.412300E-07	1	0	
+2.484420E-07	1	0	
+2.302980E-07	1	0	
+2.470800E-07	1	0	
+2.359740E-07	1	0	
+2.209140E-07	1	0	
+2.385120E-07	1	0	
+2.183160E-07	1	0	
+2.274240E-07	1	0	
+3.167262E-06	4	8	
+3.673320E-06	4	8	
+1.865544E-06	4	0	
+1.745940E-07	2	0	
+1.966920E-07	2	0	
+2.073000E-07	2	0	
+2.146500E-07	2	0	
+2.138040E-07	2	0	
+2.003400E-07	2	0	
+1.960440E-07	2	0	
+2.148120E-07	2	0	
+2.147340E-07	2	0	
+2.159280E-07	2	0	
+2.161080E-07	2	0	
+2.124540E-07	2	0	
+2.125980E-07	2	0	
+2.305800E-07	2	0	
+2.301900E-07	2	0	
+2.076660E-07	2	0	
+2.007360E-07	2	0	
+2.076360E-07	2	0	
+2.263500E-07	2	0	
+2.368920E-07	2	0	
+2.158260E-07	2	0	
+2.224800E-07	2	0	
+2.109120E-07	2	0	
+2.337060E-07	2	0	
+2.081940E-07	2	0	
+2.228340E-07	2	0	
+2.029500E-07	2	0	
-3.042090E-06	3	8	
-3.623424E-06	3	8	
