start date: 	2023-08-08
start time: 	21.27.31
stop date: 	2023-08-08
stop time: 	21.48.40
com rel. humid (%):	33.3
com temp (°C):	29.27
cn temp (°C):	31.34
nv temp (°C):	35.44
bvd averages: 	     20
remarks: 	CCC probe connected to GaAs probe, GaAs 8 V+=Yel, V-=Wht, I+=Wht, I-=Blk, B = 11.56 T (84.4 A), Psample = 3.0e-3 mbar
R1 Info: 	NIST-QHRGaAs13k-8
R2 Info: 	1214
data filepath: 	M:\MagniconData\CCCViewerData\cccviewer_measure\2023-08-08_CCC\230808_015_2127.txt
config filepath: 	M:\MagniconData\CCCViewerData\cccviewer_measure\2023-08-08_CCC\230808_015_2127_cccdrive.cfg
time base (Hz): 	60
integration time (time base multiples):	60
number of samples per half cycle: 	30
ignored first samples: 	14
ignored last samples: 	0
amplifier gain: 	1000000
delta N1/NA (mTurns): 	19.675921183
delta (I2*R2) (V): 	2.000061037
N1 (Turns):	2065
N2 (Turns):	16
NA (Turns):	1
R1 (Ohm): 	12906.404000
R2 (Ohm): 	100.000000

data(V)	phase	error
+1.346640E-07	0	0	
+1.339620E-07	0	0	
+2.654238E-06	3	0	
+1.346640E-06	3	0	
+1.194840E-07	1	0	
+1.153080E-07	1	0	
+1.111380E-07	1	0	
+1.059420E-07	1	0	
+1.151460E-07	1	0	
+1.179180E-07	1	0	
+1.127340E-07	1	0	
+1.149900E-07	1	0	
+1.207620E-07	1	0	
+1.221960E-07	1	0	
+1.166580E-07	1	0	
+1.116180E-07	1	0	
+1.087920E-07	1	0	
+1.090500E-07	1	0	
+1.029540E-07	1	0	
+1.123680E-07	1	0	
+1.073040E-07	1	0	
+1.202820E-07	1	0	
+1.043580E-07	1	0	
+1.083420E-07	1	0	
+1.085220E-07	1	0	
+1.160580E-07	1	0	
+1.155780E-07	1	0	
+1.107360E-07	1	0	
+1.056300E-07	1	0	
+1.079520E-07	1	0	
+1.063680E-07	1	0	
+1.058100E-07	1	0	
-2.507274E-06	4	0	
-3.616218E-06	4	8	
-1.186902E-06	4	0	
+1.241280E-07	2	0	
+1.130040E-07	2	0	
+1.097520E-07	2	0	
+1.224780E-07	2	0	
+1.142640E-07	2	0	
+1.124940E-07	2	0	
+1.256400E-07	2	0	
+1.282800E-07	2	0	
+1.164540E-07	2	0	
+1.176180E-07	2	0	
+1.196400E-07	2	0	
+1.301280E-07	2	0	
+1.213320E-07	2	0	
+1.290480E-07	2	0	
+1.239120E-07	2	0	
+1.163880E-07	2	0	
+1.200840E-07	2	0	
+1.285080E-07	2	0	
+1.197840E-07	2	0	
+1.276200E-07	2	0	
+1.151220E-07	2	0	
+1.191540E-07	2	0	
+1.204320E-07	2	0	
+1.236480E-07	2	0	
+1.226100E-07	2	0	
+1.264800E-07	2	0	
+1.148820E-07	2	0	
+2.651268E-06	3	0	
+3.665832E-06	3	8	
+1.390200E-06	3	0	
+1.241400E-07	1	0	
+1.168080E-07	1	0	
+1.185060E-07	1	0	
+1.248900E-07	1	0	
+1.274820E-07	1	0	
+1.147740E-07	1	0	
+1.187880E-07	1	0	
+1.110300E-07	1	0	
+1.216200E-07	1	0	
+1.272900E-07	1	0	
+1.243200E-07	1	0	
+1.337640E-07	1	0	
+1.228980E-07	1	0	
+1.148820E-07	1	0	
+1.332360E-07	1	0	
+1.323180E-07	1	0	
+1.206660E-07	1	0	
+1.248540E-07	1	0	
+1.228560E-07	1	0	
+1.334460E-07	1	0	
+1.300980E-07	1	0	
+1.333860E-07	1	0	
+1.194180E-07	1	0	
+1.240080E-07	1	0	
+1.318260E-07	1	0	
+1.285560E-07	1	0	
+1.272060E-07	1	0	
-2.490852E-06	4	0	
-3.616158E-06	4	8	
-1.160820E-06	4	0	
+1.086540E-07	2	0	
+1.258800E-07	2	0	
+1.303740E-07	2	0	
+1.354260E-07	2	0	
+1.392480E-07	2	0	
+1.372800E-07	2	0	
+1.312500E-07	2	0	
+1.291980E-07	2	0	
+1.337160E-07	2	0	
+1.361580E-07	2	0	
+1.276560E-07	2	0	
+1.420140E-07	2	0	
+1.394760E-07	2	0	
+1.271880E-07	2	0	
+1.387320E-07	2	0	
+1.315320E-07	2	0	
+1.362180E-07	2	0	
+1.305900E-07	2	0	
+1.398180E-07	2	0	
+1.466700E-07	2	0	
+1.343340E-07	2	0	
+1.281480E-07	2	0	
+1.418640E-07	2	0	
+1.229280E-07	2	0	
+1.288320E-07	2	0	
+1.510260E-07	2	0	
+1.265040E-07	2	0	
+2.658426E-06	3	0	
+3.665838E-06	3	8	
+1.403670E-06	3	0	
+1.409820E-07	1	0	
+1.357800E-07	1	0	
+1.404240E-07	1	0	
+1.381920E-07	1	0	
+1.373640E-07	1	0	
+1.393440E-07	1	0	
+1.218600E-07	1	0	
+1.372260E-07	1	0	
+1.307100E-07	1	0	
+1.350840E-07	1	0	
+1.484220E-07	1	0	
+1.481220E-07	1	0	
+1.346580E-07	1	0	
+1.316160E-07	1	0	
+1.331700E-07	1	0	
+1.435020E-07	1	0	
+1.340460E-07	1	0	
+1.308720E-07	1	0	
+1.286640E-07	1	0	
+1.370100E-07	1	0	
+1.253760E-07	1	0	
+1.231020E-07	1	0	
+1.454340E-07	1	0	
+1.441440E-07	1	0	
+1.358460E-07	1	0	
+1.272060E-07	1	0	
+1.449240E-07	1	0	
-2.488092E-06	4	0	
-3.616122E-06	4	8	
-1.168098E-06	4	0	
+1.325640E-07	2	0	
+1.238280E-07	2	0	
+1.319640E-07	2	0	
+1.290120E-07	2	0	
+1.373940E-07	2	0	
+1.398780E-07	2	0	
+1.317300E-07	2	0	
+1.277040E-07	2	0	
+1.279380E-07	2	0	
+1.273020E-07	2	0	
+1.352940E-07	2	0	
+1.163280E-07	2	0	
+1.279320E-07	2	0	
+1.226880E-07	2	0	
+1.241580E-07	2	0	
+1.272840E-07	2	0	
+1.233180E-07	2	0	
+1.249980E-07	2	0	
+1.298700E-07	2	0	
+1.236600E-07	2	0	
+1.248000E-07	2	0	
+1.324500E-07	2	0	
+1.220820E-07	2	0	
+1.182240E-07	2	0	
+1.314060E-07	2	0	
+1.289940E-07	2	0	
+1.237020E-07	2	0	
+2.650086E-06	3	0	
+3.665820E-06	3	8	
+1.390020E-06	3	0	
+1.292220E-07	1	0	
+1.233960E-07	1	0	
+1.268220E-07	1	0	
+1.203840E-07	1	0	
+1.279020E-07	1	0	
+1.177440E-07	1	0	
+1.261260E-07	1	0	
+1.150620E-07	1	0	
+1.081140E-07	1	0	
+1.131600E-07	1	0	
+1.210380E-07	1	0	
+1.101120E-07	1	0	
+1.069500E-07	1	0	
+1.168260E-07	1	0	
+1.165680E-07	1	0	
+1.252200E-07	1	0	
+1.159980E-07	1	0	
+1.260780E-07	1	0	
+1.160460E-07	1	0	
+1.103280E-07	1	0	
+1.192860E-07	1	0	
+1.101960E-07	1	0	
+1.165380E-07	1	0	
+1.163580E-07	1	0	
+1.089540E-07	1	0	
+1.182780E-07	1	0	
+1.244220E-07	1	0	
-2.502684E-06	4	0	
-3.616260E-06	4	8	
-1.188858E-06	4	0	
+1.047120E-07	2	0	
+1.095300E-07	2	0	
+1.059540E-07	2	0	
+1.103820E-07	2	0	
+1.113180E-07	2	0	
+1.077360E-07	2	0	
+1.072080E-07	2	0	
+1.038240E-07	2	0	
+1.172160E-07	2	0	
+1.015800E-07	2	0	
+1.054140E-07	2	0	
+1.001640E-07	2	0	
+1.068780E-07	2	0	
+1.064520E-07	2	0	
+1.072860E-07	2	0	
+1.067880E-07	2	0	
+1.035720E-07	2	0	
+1.111140E-07	2	0	
+1.022940E-07	2	0	
+1.104000E-07	2	0	
+1.117680E-07	2	0	
+1.141020E-07	2	0	
+1.206600E-07	2	0	
+1.168260E-07	2	0	
+1.100040E-07	2	0	
+1.163280E-07	2	0	
+1.120080E-07	2	0	
+2.651166E-06	3	0	
+3.665808E-06	3	8	
+1.378008E-06	3	0	
+1.234260E-07	1	0	
+1.169580E-07	1	0	
+1.240980E-07	1	0	
+1.132740E-07	1	0	
+1.178460E-07	1	0	
+1.219620E-07	1	0	
+1.074240E-07	1	0	
+1.084980E-07	1	0	
+1.057620E-07	1	0	
+1.156320E-07	1	0	
+1.038720E-07	1	0	
+1.106760E-07	1	0	
+1.127520E-07	1	0	
+1.207440E-07	1	0	
+1.277040E-07	1	0	
+1.041900E-07	1	0	
+1.039680E-07	1	0	
+1.231200E-07	1	0	
+1.160580E-07	1	0	
+1.089300E-07	1	0	
+1.171560E-07	1	0	
+1.165020E-07	1	0	
+1.121040E-07	1	0	
+1.158600E-07	1	0	
+1.228740E-07	1	0	
+1.295400E-07	1	0	
+1.249800E-07	1	0	
-2.497164E-06	4	0	
-3.616194E-06	4	8	
-1.182882E-06	4	0	
+1.144020E-07	2	0	
+1.240020E-07	2	0	
+1.336500E-07	2	0	
+1.148220E-07	2	0	
+1.261380E-07	2	0	
+1.298280E-07	2	0	
+1.130640E-07	2	0	
+1.257480E-07	2	0	
+1.236300E-07	2	0	
+1.205340E-07	2	0	
+1.281600E-07	2	0	
+1.191180E-07	2	0	
+1.136760E-07	2	0	
+1.117140E-07	2	0	
+1.090260E-07	2	0	
+1.200960E-07	2	0	
+1.108740E-07	2	0	
+1.175700E-07	2	0	
+1.133880E-07	2	0	
+1.199820E-07	2	0	
+1.214220E-07	2	0	
+1.205040E-07	2	0	
+1.174620E-07	2	0	
+1.206780E-07	2	0	
+1.217760E-07	2	0	
+1.291620E-07	2	0	
+1.176720E-07	2	0	
+2.644410E-06	3	0	
+3.665820E-06	3	8	
+1.383678E-06	3	0	
+1.274100E-07	1	0	
+1.267200E-07	1	0	
+1.331700E-07	1	0	
+1.257120E-07	1	0	
+1.243380E-07	1	0	
+1.272660E-07	1	0	
+1.231260E-07	1	0	
+1.225080E-07	1	0	
+1.230480E-07	1	0	
+1.263960E-07	1	0	
+1.179300E-07	1	0	
+1.258920E-07	1	0	
+1.218480E-07	1	0	
+1.188780E-07	1	0	
+1.168860E-07	1	0	
+1.143840E-07	1	0	
+1.260840E-07	1	0	
+1.201800E-07	1	0	
+1.168860E-07	1	0	
+1.161000E-07	1	0	
+1.179480E-07	1	0	
+1.323840E-07	1	0	
+1.210380E-07	1	0	
+1.254540E-07	1	0	
+1.227360E-07	1	0	
+1.124580E-07	1	0	
+1.331040E-07	1	0	
-2.489988E-06	4	0	
-3.616116E-06	4	8	
-1.165014E-06	4	0	
+1.185540E-07	2	0	
+1.205880E-07	2	0	
+1.193100E-07	2	0	
+1.299840E-07	2	0	
+1.290420E-07	2	0	
+1.219020E-07	2	0	
+1.339260E-07	2	0	
+1.287480E-07	2	0	
+1.215660E-07	2	0	
+1.281960E-07	2	0	
+1.226640E-07	2	0	
+1.341300E-07	2	0	
+1.318020E-07	2	0	
+1.443900E-07	2	0	
+1.314300E-07	2	0	
+1.334760E-07	2	0	
+1.357680E-07	2	0	
+1.293480E-07	2	0	
+1.374660E-07	2	0	
+1.343340E-07	2	0	
+1.416840E-07	2	0	
+1.297260E-07	2	0	
+1.285320E-07	2	0	
+1.291260E-07	2	0	
+1.371780E-07	2	0	
+1.396080E-07	2	0	
+1.346880E-07	2	0	
+2.654712E-06	3	0	
+3.665820E-06	3	8	
+1.402704E-06	3	0	
+1.461960E-07	1	0	
+1.363560E-07	1	0	
+1.389300E-07	1	0	
+1.543680E-07	1	0	
+1.458420E-07	1	0	
+1.299000E-07	1	0	
+1.291980E-07	1	0	
+1.464480E-07	1	0	
+1.396200E-07	1	0	
+1.307340E-07	1	0	
+1.363200E-07	1	0	
+1.434720E-07	1	0	
+1.413840E-07	1	0	
+1.347600E-07	1	0	
+1.296900E-07	1	0	
+1.339560E-07	1	0	
+1.386540E-07	1	0	
+1.332600E-07	1	0	
+1.372380E-07	1	0	
+1.425360E-07	1	0	
+1.380720E-07	1	0	
+1.450800E-07	1	0	
+1.450260E-07	1	0	
+1.334820E-07	1	0	
+1.349880E-07	1	0	
+1.337880E-07	1	0	
+1.359660E-07	1	0	
-2.480298E-06	4	0	
-3.616128E-06	4	8	
-1.164288E-06	4	0	
+1.314600E-07	2	0	
+1.379640E-07	2	0	
+1.456200E-07	2	0	
+1.358160E-07	2	0	
+1.403940E-07	2	0	
+1.493820E-07	2	0	
+1.440180E-07	2	0	
+1.459080E-07	2	0	
+1.383120E-07	2	0	
+1.390920E-07	2	0	
+1.454100E-07	2	0	
+1.359780E-07	2	0	
+1.437900E-07	2	0	
+1.458420E-07	2	0	
+1.365360E-07	2	0	
+1.442160E-07	2	0	
+1.552140E-07	2	0	
+1.610460E-07	2	0	
+1.506300E-07	2	0	
+1.465380E-07	2	0	
+1.469520E-07	2	0	
+1.424580E-07	2	0	
+1.255440E-07	2	0	
+1.358460E-07	2	0	
+1.490040E-07	2	0	
+1.449540E-07	2	0	
+1.503840E-07	2	0	
+2.653758E-06	3	0	
+3.665826E-06	3	8	
+1.401594E-06	3	0	
+1.438740E-07	1	0	
+1.485660E-07	1	0	
+1.440000E-07	1	0	
+1.436460E-07	1	0	
+1.546260E-07	1	0	
+1.600740E-07	1	0	
+1.567380E-07	1	0	
+1.364760E-07	1	0	
+1.557720E-07	1	0	
+1.452900E-07	1	0	
+1.480680E-07	1	0	
+1.517400E-07	1	0	
+1.548840E-07	1	0	
+1.541460E-07	1	0	
+1.495260E-07	1	0	
+1.557540E-07	1	0	
+1.422420E-07	1	0	
+1.378560E-07	1	0	
+1.392120E-07	1	0	
+1.418520E-07	1	0	
+1.540560E-07	1	0	
+1.498800E-07	1	0	
+1.492320E-07	1	0	
+1.434060E-07	1	0	
+1.436340E-07	1	0	
+1.430700E-07	1	0	
+1.527360E-07	1	0	
-2.488650E-06	4	0	
-3.616068E-06	4	8	
-1.154262E-06	4	0	
+1.456620E-07	2	0	
+1.359300E-07	2	0	
+1.388040E-07	2	0	
+1.447440E-07	2	0	
+1.498740E-07	2	0	
+1.332660E-07	2	0	
+1.416240E-07	2	0	
+1.517040E-07	2	0	
+1.560660E-07	2	0	
+1.447740E-07	2	0	
+1.431480E-07	2	0	
+1.459380E-07	2	0	
+1.452900E-07	2	0	
+1.516980E-07	2	0	
+1.320600E-07	2	0	
+1.568580E-07	2	0	
+1.550100E-07	2	0	
+1.473660E-07	2	0	
+1.564380E-07	2	0	
+1.439700E-07	2	0	
+1.481100E-07	2	0	
+1.311720E-07	2	0	
+1.394640E-07	2	0	
+1.500720E-07	2	0	
+1.539000E-07	2	0	
+1.500900E-07	2	0	
+1.531500E-07	2	0	
+2.666514E-06	3	0	
+3.665838E-06	3	8	
+1.407858E-06	3	0	
+1.487700E-07	1	0	
+1.475400E-07	1	0	
+1.566120E-07	1	0	
+1.498320E-07	1	0	
+1.463940E-07	1	0	
+1.624800E-07	1	0	
+1.464000E-07	1	0	
+1.435020E-07	1	0	
+1.401600E-07	1	0	
+1.476120E-07	1	0	
+1.474380E-07	1	0	
+1.395660E-07	1	0	
+1.429380E-07	1	0	
+1.556820E-07	1	0	
+1.679220E-07	1	0	
+1.485900E-07	1	0	
+1.544100E-07	1	0	
+1.602420E-07	1	0	
+1.533420E-07	1	0	
+1.520280E-07	1	0	
+1.548000E-07	1	0	
+1.581120E-07	1	0	
+1.650060E-07	1	0	
+1.495860E-07	1	0	
+1.400400E-07	1	0	
+1.384620E-07	1	0	
+1.428060E-07	1	0	
-2.483928E-06	4	0	
-3.616104E-06	4	8	
-1.165818E-06	4	0	
+1.349640E-07	2	0	
+1.266840E-07	2	0	
+1.352040E-07	2	0	
+1.407660E-07	2	0	
+1.450320E-07	2	0	
+1.451400E-07	2	0	
+1.371540E-07	2	0	
+1.404960E-07	2	0	
+1.321620E-07	2	0	
+1.408020E-07	2	0	
+1.436880E-07	2	0	
+1.437900E-07	2	0	
+1.480200E-07	2	0	
+1.426260E-07	2	0	
+1.549320E-07	2	0	
+1.442340E-07	2	0	
+1.384020E-07	2	0	
+1.370100E-07	2	0	
+1.522500E-07	2	0	
+1.496040E-07	2	0	
+1.508220E-07	2	0	
+1.452900E-07	2	0	
+1.480800E-07	2	0	
+1.528260E-07	2	0	
+1.414920E-07	2	0	
+1.611060E-07	2	0	
+1.554720E-07	2	0	
+2.675358E-06	3	0	
+3.665838E-06	3	8	
+1.409154E-06	3	0	
+1.522020E-07	1	0	
+1.539060E-07	1	0	
+1.463520E-07	1	0	
+1.524180E-07	1	0	
+1.435020E-07	1	0	
+1.436460E-07	1	0	
+1.497120E-07	1	0	
+1.465200E-07	1	0	
+1.249560E-07	1	0	
+1.546740E-07	1	0	
+1.465200E-07	1	0	
+1.433220E-07	1	0	
+1.514940E-07	1	0	
+1.490460E-07	1	0	
+1.332420E-07	1	0	
+1.382760E-07	1	0	
+1.445340E-07	1	0	
+1.617180E-07	1	0	
+1.570860E-07	1	0	
+1.602300E-07	1	0	
+1.528260E-07	1	0	
+1.474260E-07	1	0	
+1.485240E-07	1	0	
+1.466460E-07	1	0	
+1.428420E-07	1	0	
+1.356000E-07	1	0	
+1.570440E-07	1	0	
-2.481444E-06	4	0	
-3.616116E-06	4	8	
-1.152624E-06	4	0	
+1.448280E-07	2	0	
+1.529160E-07	2	0	
+1.416480E-07	2	0	
+1.425780E-07	2	0	
+1.321020E-07	2	0	
+1.406220E-07	2	0	
+1.406880E-07	2	0	
+1.431060E-07	2	0	
+1.404540E-07	2	0	
+1.469040E-07	2	0	
+1.368060E-07	2	0	
+1.447380E-07	2	0	
+1.500960E-07	2	0	
+1.390740E-07	2	0	
+1.465020E-07	2	0	
+1.494960E-07	2	0	
+1.555740E-07	2	0	
+1.392180E-07	2	0	
+1.478940E-07	2	0	
+1.474380E-07	2	0	
+1.547820E-07	2	0	
+1.388700E-07	2	0	
+1.376460E-07	2	0	
+1.413180E-07	2	0	
+1.318980E-07	2	0	
+1.575420E-07	2	0	
+1.563900E-07	2	0	
+2.672028E-06	3	0	
+3.665850E-06	3	8	
+1.421136E-06	3	0	
+1.603620E-07	1	0	
+1.505580E-07	1	0	
+1.514220E-07	1	0	
+1.526760E-07	1	0	
+1.421640E-07	1	0	
+1.498440E-07	1	0	
+1.497420E-07	1	0	
+1.426500E-07	1	0	
+1.453020E-07	1	0	
+1.276620E-07	1	0	
+1.500300E-07	1	0	
+1.405080E-07	1	0	
+1.423860E-07	1	0	
+1.258020E-07	1	0	
+1.330440E-07	1	0	
+1.311120E-07	1	0	
+1.512000E-07	1	0	
+1.389900E-07	1	0	
+1.404180E-07	1	0	
+1.377120E-07	1	0	
+1.520460E-07	1	0	
+1.457460E-07	1	0	
+1.346580E-07	1	0	
+1.442220E-07	1	0	
+1.404540E-07	1	0	
+1.557360E-07	1	0	
+1.538880E-07	1	0	
-2.482890E-06	4	0	
-3.616128E-06	4	8	
-1.162218E-06	4	0	
+1.417680E-07	2	0	
+1.378980E-07	2	0	
+1.409160E-07	2	0	
+1.347180E-07	2	0	
+1.310100E-07	2	0	
+1.405260E-07	2	0	
+1.374060E-07	2	0	
+1.164060E-07	2	0	
+1.318560E-07	2	0	
+1.436340E-07	2	0	
+1.266000E-07	2	0	
+1.499760E-07	2	0	
+1.441260E-07	2	0	
+1.339560E-07	2	0	
+1.278240E-07	2	0	
+1.420680E-07	2	0	
+1.475220E-07	2	0	
+1.408320E-07	2	0	
+1.441620E-07	2	0	
+1.456020E-07	2	0	
+1.358940E-07	2	0	
+1.338300E-07	2	0	
+1.424280E-07	2	0	
+1.451280E-07	2	0	
+1.431420E-07	2	0	
+1.376520E-07	2	0	
+1.401660E-07	2	0	
+2.666208E-06	3	0	
+3.665838E-06	3	8	
+1.405932E-06	3	0	
+1.470120E-07	1	0	
+1.373340E-07	1	0	
+1.419240E-07	1	0	
+1.263060E-07	1	0	
+1.406940E-07	1	0	
+1.304340E-07	1	0	
+1.410960E-07	1	0	
+1.349040E-07	1	0	
+1.536600E-07	1	0	
+1.449480E-07	1	0	
+1.454820E-07	1	0	
+1.409520E-07	1	0	
+1.374300E-07	1	0	
+1.360380E-07	1	0	
+1.396800E-07	1	0	
+1.358280E-07	1	0	
+1.400520E-07	1	0	
+1.304700E-07	1	0	
+1.212600E-07	1	0	
+1.406340E-07	1	0	
+1.356660E-07	1	0	
+1.315920E-07	1	0	
+1.386540E-07	1	0	
+1.387500E-07	1	0	
+1.379880E-07	1	0	
+1.369560E-07	1	0	
+1.329420E-07	1	0	
-2.487534E-06	4	0	
-3.616140E-06	4	8	
-1.180344E-06	4	0	
+1.230660E-07	2	0	
+1.085160E-07	2	0	
+1.240680E-07	2	0	
+1.298640E-07	2	0	
+1.186140E-07	2	0	
+1.088820E-07	2	0	
+1.240980E-07	2	0	
+1.185960E-07	2	0	
+1.182240E-07	2	0	
+1.269180E-07	2	0	
+1.233120E-07	2	0	
+1.288260E-07	2	0	
+1.228680E-07	2	0	
+1.143660E-07	2	0	
+1.150440E-07	2	0	
+1.141800E-07	2	0	
+1.066140E-07	2	0	
+1.237920E-07	2	0	
+1.159200E-07	2	0	
+1.235280E-07	2	0	
+1.244520E-07	2	0	
+1.243920E-07	2	0	
+1.230420E-07	2	0	
+1.145760E-07	2	0	
+1.286040E-07	2	0	
+1.222620E-07	2	0	
+1.300860E-07	2	0	
+2.650368E-06	3	0	
+3.665814E-06	3	8	
+1.397046E-06	3	0	
+1.359420E-07	1	0	
+1.384680E-07	1	0	
+1.346940E-07	1	0	
+1.395000E-07	1	0	
+1.276500E-07	1	0	
+1.266720E-07	1	0	
+1.425720E-07	1	0	
+1.252080E-07	1	0	
+1.436040E-07	1	0	
+1.279020E-07	1	0	
+1.342500E-07	1	0	
+1.383840E-07	1	0	
+1.296720E-07	1	0	
+1.295280E-07	1	0	
+1.238400E-07	1	0	
+1.236480E-07	1	0	
+1.375200E-07	1	0	
+1.398660E-07	1	0	
+1.403280E-07	1	0	
+1.222860E-07	1	0	
+1.298340E-07	1	0	
+1.276980E-07	1	0	
+1.231020E-07	1	0	
+1.294380E-07	1	0	
+1.244880E-07	1	0	
+1.377900E-07	1	0	
+1.463700E-07	1	0	
-2.494278E-06	4	0	
-3.616164E-06	4	8	
-1.162416E-06	4	0	
+1.204980E-07	2	0	
+1.377600E-07	2	0	
+1.308720E-07	2	0	
+1.327680E-07	2	0	
+1.345980E-07	2	0	
+1.320900E-07	2	0	
+1.272900E-07	2	0	
+1.286460E-07	2	0	
+1.383660E-07	2	0	
+1.354740E-07	2	0	
+1.445400E-07	2	0	
+1.314960E-07	2	0	
+1.371060E-07	2	0	
+1.426320E-07	2	0	
+1.424100E-07	2	0	
+1.370580E-07	2	0	
+1.328940E-07	2	0	
+1.321500E-07	2	0	
+1.400460E-07	2	0	
+1.451400E-07	2	0	
+1.319940E-07	2	0	
+1.447560E-07	2	0	
+1.325340E-07	2	0	
+1.578660E-07	2	0	
+1.393860E-07	2	0	
+1.393080E-07	2	0	
+1.288020E-07	2	0	
+2.663454E-06	3	0	
+3.665832E-06	3	8	
+1.399434E-06	3	0	
+1.446900E-07	1	0	
+1.336020E-07	1	0	
+1.337220E-07	1	0	
+1.424940E-07	1	0	
+1.498200E-07	1	0	
+1.389420E-07	1	0	
+1.395660E-07	1	0	
+1.446000E-07	1	0	
+1.406460E-07	1	0	
+1.449120E-07	1	0	
+1.399260E-07	1	0	
+1.425240E-07	1	0	
+1.396860E-07	1	0	
+1.391580E-07	1	0	
+1.430700E-07	1	0	
+1.288380E-07	1	0	
+1.456560E-07	1	0	
+1.238220E-07	1	0	
+1.287840E-07	1	0	
+1.387380E-07	1	0	
+1.320300E-07	1	0	
+1.327860E-07	1	0	
+1.475460E-07	1	0	
+1.406280E-07	1	0	
+1.354680E-07	1	0	
+1.324740E-07	1	0	
+1.404120E-07	1	0	
-2.486772E-06	4	0	
-3.616212E-06	4	8	
-1.158426E-06	4	0	
+1.156200E-07	2	0	
+1.255500E-07	2	0	
+1.281180E-07	2	0	
+1.268160E-07	2	0	
+1.453680E-07	2	0	
+1.437180E-07	2	0	
+1.300320E-07	2	0	
+1.408560E-07	2	0	
+1.300800E-07	2	0	
+1.217520E-07	2	0	
+1.256820E-07	2	0	
+1.295100E-07	2	0	
+1.252380E-07	2	0	
+1.400640E-07	2	0	
+1.339800E-07	2	0	
+1.359840E-07	2	0	
+1.470240E-07	2	0	
+1.505520E-07	2	0	
+1.467240E-07	2	0	
+1.401420E-07	2	0	
+1.509720E-07	2	0	
+1.432800E-07	2	0	
+1.379760E-07	2	0	
+1.435560E-07	2	0	
+1.550640E-07	2	0	
+1.402020E-07	2	0	
+1.410480E-07	2	0	
+2.656038E-06	3	0	
+3.665826E-06	3	8	
+1.404558E-06	3	0	
+1.420140E-07	1	0	
+1.394460E-07	1	0	
+1.534260E-07	1	0	
+1.488480E-07	1	0	
+1.440840E-07	1	0	
+1.474080E-07	1	0	
+1.372260E-07	1	0	
+1.452420E-07	1	0	
+1.424880E-07	1	0	
+1.298340E-07	1	0	
+1.491840E-07	1	0	
+1.453860E-07	1	0	
+1.471500E-07	1	0	
+1.405920E-07	1	0	
+1.523220E-07	1	0	
+1.424580E-07	1	0	
+1.531920E-07	1	0	
+1.386180E-07	1	0	
+1.397040E-07	1	0	
+1.423260E-07	1	0	
+1.521480E-07	1	0	
+1.458720E-07	1	0	
+1.367460E-07	1	0	
+1.511520E-07	1	0	
+1.491240E-07	1	0	
+1.400460E-07	1	0	
+1.341300E-07	1	0	
-2.480004E-06	4	0	
-3.616152E-06	4	8	
-1.169136E-06	4	0	
+1.108140E-07	2	0	
+1.304460E-07	2	0	
+1.220700E-07	2	0	
+1.266780E-07	2	0	
+1.330440E-07	2	0	
+1.237860E-07	2	0	
+1.432020E-07	2	0	
+1.467360E-07	2	0	
+1.488360E-07	2	0	
+1.293420E-07	2	0	
+1.322160E-07	2	0	
+1.361280E-07	2	0	
+1.322160E-07	2	0	
+1.268340E-07	2	0	
+1.138620E-07	2	0	
+1.399260E-07	2	0	
+1.287540E-07	2	0	
+1.375980E-07	2	0	
+1.266600E-07	2	0	
+1.369200E-07	2	0	
+1.376640E-07	2	0	
+1.345800E-07	2	0	
+1.313940E-07	2	0	
+1.358280E-07	2	0	
+1.484580E-07	2	0	
+1.348860E-07	2	0	
+1.379520E-07	2	0	
+2.653254E-06	3	0	
+3.665826E-06	3	8	
+1.409442E-06	3	0	
+1.474380E-07	1	0	
+1.443720E-07	1	0	
+1.483860E-07	1	0	
+1.363320E-07	1	0	
+1.436880E-07	1	0	
+1.265880E-07	1	0	
+1.385160E-07	1	0	
+1.441260E-07	1	0	
+1.365420E-07	1	0	
+1.493340E-07	1	0	
+1.374960E-07	1	0	
+1.330440E-07	1	0	
+1.557060E-07	1	0	
+1.376400E-07	1	0	
+1.400160E-07	1	0	
+1.460160E-07	1	0	
+1.448880E-07	1	0	
+1.388580E-07	1	0	
+1.487220E-07	1	0	
+1.355700E-07	1	0	
+1.480200E-07	1	0	
+1.447980E-07	1	0	
+1.468920E-07	1	0	
+1.481280E-07	1	0	
+1.380600E-07	1	0	
+1.299780E-07	1	0	
+1.354800E-07	1	0	
-2.493702E-06	4	0	
-3.616122E-06	4	8	
-1.176666E-06	4	0	
+1.286940E-07	2	0	
+1.343100E-07	2	0	
+1.421160E-07	2	0	
+1.264620E-07	2	0	
+1.361880E-07	2	0	
+1.319880E-07	2	0	
+1.221600E-07	2	0	
+1.322460E-07	2	0	
+1.284780E-07	2	0	
+1.463160E-07	2	0	
+1.369920E-07	2	0	
+1.476060E-07	2	0	
+1.430340E-07	2	0	
+1.370460E-07	2	0	
+1.412820E-07	2	0	
+1.444380E-07	2	0	
+1.355280E-07	2	0	
+1.420980E-07	2	0	
+1.359180E-07	2	0	
+1.490100E-07	2	0	
+1.509120E-07	2	0	
+1.550460E-07	2	0	
+1.311900E-07	2	0	
+1.443540E-07	2	0	
+1.486560E-07	2	0	
+1.433520E-07	2	0	
+1.524300E-07	2	0	
+2.661810E-06	3	0	
+3.665838E-06	3	8	
+1.412652E-06	3	0	
+1.528440E-07	1	0	
+1.504620E-07	1	0	
+1.475280E-07	1	0	
+1.517340E-07	1	0	
+1.598820E-07	1	0	
+1.449420E-07	1	0	
+1.466460E-07	1	0	
+1.440360E-07	1	0	
+1.436280E-07	1	0	
+1.405740E-07	1	0	
+1.424220E-07	1	0	
+1.416000E-07	1	0	
+1.397700E-07	1	0	
+1.364580E-07	1	0	
+1.385460E-07	1	0	
+1.333260E-07	1	0	
+1.317120E-07	1	0	
+1.530480E-07	1	0	
+1.466160E-07	1	0	
+1.574460E-07	1	0	
+1.386840E-07	1	0	
+1.492260E-07	1	0	
+1.432920E-07	1	0	
+1.485420E-07	1	0	
+1.474440E-07	1	0	
+1.439460E-07	1	0	
+1.404240E-07	1	0	
-2.497770E-06	4	0	
-3.616116E-06	4	8	
-1.167078E-06	4	0	
+1.399860E-07	2	0	
+1.384740E-07	2	0	
+1.374240E-07	2	0	
+1.421760E-07	2	0	
+1.369980E-07	2	0	
+1.266960E-07	2	0	
+1.328580E-07	2	0	
+1.302300E-07	2	0	
+1.357200E-07	2	0	
+1.370880E-07	2	0	
+1.328760E-07	2	0	
+1.439760E-07	2	0	
+1.264380E-07	2	0	
+1.429500E-07	2	0	
+1.544400E-07	2	0	
+1.318020E-07	2	0	
+1.329780E-07	2	0	
+1.433520E-07	2	0	
+1.479780E-07	2	0	
+1.489980E-07	2	0	
+1.444140E-07	2	0	
+1.378740E-07	2	0	
+1.469460E-07	2	0	
+1.441500E-07	2	0	
+1.527240E-07	2	0	
+1.415760E-07	2	0	
+1.439520E-07	2	0	
+2.658444E-06	3	0	
+3.665832E-06	3	8	
+1.417632E-06	3	0	
+1.556820E-07	1	0	
+1.520580E-07	1	0	
+1.588680E-07	1	0	
+1.605720E-07	1	0	
+1.616880E-07	1	0	
+1.590180E-07	1	0	
+1.500360E-07	1	0	
+1.472640E-07	1	0	
+1.488180E-07	1	0	
+1.547400E-07	1	0	
+1.603680E-07	1	0	
+1.539420E-07	1	0	
+1.565520E-07	1	0	
+1.451280E-07	1	0	
+1.587720E-07	1	0	
+1.536660E-07	1	0	
+1.452300E-07	1	0	
+1.401720E-07	1	0	
+1.496460E-07	1	0	
+1.567440E-07	1	0	
+1.563180E-07	1	0	
+1.436700E-07	1	0	
+1.432380E-07	1	0	
+1.385700E-07	1	0	
+1.468380E-07	1	0	
+1.550340E-07	1	0	
+1.437000E-07	1	0	
-2.488200E-06	4	0	
-3.616068E-06	4	8	
-1.156170E-06	4	0	
+1.495260E-07	2	0	
+1.506840E-07	2	0	
+1.490580E-07	2	0	
+1.540020E-07	2	0	
+1.550100E-07	2	0	
+1.540380E-07	2	0	
+1.411740E-07	2	0	
+1.463760E-07	2	0	
+1.642920E-07	2	0	
+1.491900E-07	2	0	
+1.481700E-07	2	0	
+1.542060E-07	2	0	
+1.558560E-07	2	0	
+1.552140E-07	2	0	
+1.453920E-07	2	0	
+1.651080E-07	2	0	
+1.605180E-07	2	0	
+1.422420E-07	2	0	
+1.513260E-07	2	0	
+1.459740E-07	2	0	
+1.545900E-07	2	0	
+1.538040E-07	2	0	
+1.480260E-07	2	0	
+1.506480E-07	2	0	
+1.394340E-07	2	0	
+1.579380E-07	2	0	
+1.582680E-07	2	0	
+2.666472E-06	3	0	
+3.665838E-06	3	8	
+1.423290E-06	3	0	
+1.633500E-07	1	0	
+1.483200E-07	1	0	
+1.525560E-07	1	0	
+1.548960E-07	1	0	
+1.498680E-07	1	0	
+1.588680E-07	1	0	
+1.596600E-07	1	0	
+1.553100E-07	1	0	
+1.408020E-07	1	0	
+1.509540E-07	1	0	
+1.509000E-07	1	0	
+1.452540E-07	1	0	
+1.477260E-07	1	0	
+1.462620E-07	1	0	
+1.598400E-07	1	0	
+1.482060E-07	1	0	
+1.412640E-07	1	0	
+1.414440E-07	1	0	
+1.525080E-07	1	0	
+1.493400E-07	1	0	
+1.461540E-07	1	0	
+1.604100E-07	1	0	
+1.453260E-07	1	0	
+1.365780E-07	1	0	
+1.389840E-07	1	0	
+1.349640E-07	1	0	
+1.389120E-07	1	0	
-2.488536E-06	4	0	
-3.616110E-06	4	8	
-1.173474E-06	4	0	
+1.314420E-07	2	0	
+1.329540E-07	2	0	
+1.265880E-07	2	0	
+1.179840E-07	2	0	
+1.482540E-07	2	0	
+1.403280E-07	2	0	
+1.263900E-07	2	0	
+1.413480E-07	2	0	
+1.348080E-07	2	0	
+1.271400E-07	2	0	
+1.334760E-07	2	0	
+1.432740E-07	2	0	
+1.355520E-07	2	0	
+1.455360E-07	2	0	
+1.418580E-07	2	0	
+1.400580E-07	2	0	
+1.507740E-07	2	0	
+1.301760E-07	2	0	
+1.513020E-07	2	0	
+1.326060E-07	2	0	
+1.558740E-07	2	0	
+1.385520E-07	2	0	
+1.361520E-07	2	0	
+1.354860E-07	2	0	
+1.400460E-07	2	0	
+1.422960E-07	2	0	
+1.414020E-07	2	0	
+2.660220E-06	3	0	
+3.665820E-06	3	8	
+1.405398E-06	3	0	
+1.502400E-07	1	0	
+1.488840E-07	1	0	
+1.496220E-07	1	0	
+1.507560E-07	1	0	
+1.495920E-07	1	0	
+1.539180E-07	1	0	
+1.581960E-07	1	0	
+1.444920E-07	1	0	
+1.663680E-07	1	0	
+1.602540E-07	1	0	
+1.486380E-07	1	0	
+1.464900E-07	1	0	
+1.442100E-07	1	0	
+1.428720E-07	1	0	
+1.423920E-07	1	0	
+1.482600E-07	1	0	
+1.500660E-07	1	0	
+1.499640E-07	1	0	
+1.468620E-07	1	0	
+1.478280E-07	1	0	
+1.423860E-07	1	0	
+1.455300E-07	1	0	
+1.375800E-07	1	0	
+1.503840E-07	1	0	
+1.503000E-07	1	0	
+1.286460E-07	1	0	
+1.395060E-07	1	0	
-2.487930E-06	4	0	
-3.616116E-06	4	8	
-1.159848E-06	4	0	
+1.158600E-07	2	0	
+1.193820E-07	2	0	
+1.252140E-07	2	0	
+1.219380E-07	2	0	
+1.221120E-07	2	0	
+1.183260E-07	2	0	
+1.389060E-07	2	0	
+1.258260E-07	2	0	
+1.216740E-07	2	0	
+1.177740E-07	2	0	
+1.321260E-07	2	0	
+1.257240E-07	2	0	
+1.316880E-07	2	0	
+1.227960E-07	2	0	
+1.252860E-07	2	0	
+1.321980E-07	2	0	
+1.266720E-07	2	0	
+1.280280E-07	2	0	
+1.242960E-07	2	0	
+1.302600E-07	2	0	
+1.288260E-07	2	0	
+1.270440E-07	2	0	
+1.251060E-07	2	0	
+1.177740E-07	2	0	
+1.284240E-07	2	0	
+1.296480E-07	2	0	
+1.260600E-07	2	0	
+2.656194E-06	3	0	
+3.665790E-06	3	8	
+1.400814E-06	3	0	
+1.258380E-07	1	0	
+1.333200E-07	1	0	
+1.275720E-07	1	0	
+1.367700E-07	1	0	
+1.338840E-07	1	0	
+1.197960E-07	1	0	
+1.286700E-07	1	0	
+1.359060E-07	1	0	
+1.404180E-07	1	0	
+1.385700E-07	1	0	
+1.432500E-07	1	0	
+1.408500E-07	1	0	
+1.378620E-07	1	0	
+1.400520E-07	1	0	
+1.383780E-07	1	0	
+1.356960E-07	1	0	
+1.385580E-07	1	0	
+1.470420E-07	1	0	
+1.321440E-07	1	0	
+1.345020E-07	1	0	
+1.392480E-07	1	0	
+1.415880E-07	1	0	
+1.402560E-07	1	0	
+1.358700E-07	1	0	
+1.328100E-07	1	0	
+1.416600E-07	1	0	
+1.308600E-07	1	0	
-2.491098E-06	4	0	
-3.616098E-06	4	8	
-1.162830E-06	4	0	
+1.353060E-07	2	0	
+1.313040E-07	2	0	
+1.323840E-07	2	0	
+1.253640E-07	2	0	
+1.337640E-07	2	0	
+1.295880E-07	2	0	
+1.263660E-07	2	0	
+1.419180E-07	2	0	
+1.345980E-07	2	0	
+1.412400E-07	2	0	
+1.376760E-07	2	0	
+1.331340E-07	2	0	
+1.345260E-07	2	0	
+1.292640E-07	2	0	
+1.363800E-07	2	0	
+1.247760E-07	2	0	
+1.338720E-07	2	0	
+1.430400E-07	2	0	
+1.402020E-07	2	0	
+1.405440E-07	2	0	
+1.459320E-07	2	0	
+1.427220E-07	2	0	
+1.522740E-07	2	0	
+1.555800E-07	2	0	
+1.462440E-07	2	0	
+1.459740E-07	2	0	
+1.563120E-07	2	0	
+2.664312E-06	3	0	
+3.665826E-06	3	8	
