start date: 	2023-08-08
start time: 	13.59.06
stop date: 	2023-08-08
stop time: 	14.20.15
com rel. humid (%):	33.6
com temp (°C):	29.17
cn temp (°C):	31.09
nv temp (°C):	35.31
bvd averages: 	     20
remarks: 	CCC probe connected to GaAs probe, GaAs 8 V+=Red, V-=Wht, I+=Wht, I-=Blk, B = 11.56 T (84.4 A), Psample = 3.3e-3 mbar
R1 Info: 	NIST-QHRGaAs13k-8
R2 Info: 	1214
data filepath: 	M:\MagniconData\CCCViewerData\cccviewer_measure\2023-08-08_CCC\230808_001_1359.txt
config filepath: 	M:\MagniconData\CCCViewerData\cccviewer_measure\2023-08-08_CCC\230808_001_1359_cccdrive.cfg
time base (Hz): 	60
integration time (time base multiples):	60
number of samples per half cycle: 	30
ignored first samples: 	14
ignored last samples: 	0
amplifier gain: 	1000000
delta N1/NA (mTurns): 	19.668291789
delta (I2*R2) (V): 	1.000030519
N1 (Turns):	2065
N2 (Turns):	16
NA (Turns):	1
R1 (Ohm): 	12906.404000
R2 (Ohm): 	100.000000

data(V)	phase	error
+2.802900E-07	1	0	
+2.715420E-07	1	0	
+2.700360E-07	1	0	
+2.632020E-07	1	0	
+2.688600E-07	1	0	
+2.522100E-07	1	0	
+2.520360E-07	1	0	
+2.564100E-07	1	0	
+2.566980E-07	1	0	
+2.529360E-07	1	0	
+2.658540E-07	1	0	
+2.583000E-07	1	0	
+2.493420E-07	1	0	
+2.741100E-07	1	0	
+2.455800E-07	1	0	
+2.696880E-07	1	0	
+2.769780E-07	1	0	
+2.713800E-07	1	0	
+2.693880E-07	1	0	
+2.704620E-07	1	0	
+2.817780E-07	1	0	
+2.620920E-07	1	0	
+2.685600E-07	1	0	
+2.698020E-07	1	0	
+2.787420E-07	1	0	
+2.784540E-07	1	0	
+2.591460E-07	1	0	
+2.685120E-07	1	0	
+2.993082E-06	4	0	
+3.665958E-06	4	8	
+1.693746E-06	4	0	
+2.591880E-07	2	0	
+2.582220E-07	2	0	
+2.587860E-07	2	0	
+2.592060E-07	2	0	
+2.590080E-07	2	0	
+2.718660E-07	2	0	
+2.485200E-07	2	0	
+2.565120E-07	2	0	
+2.599920E-07	2	0	
+2.724540E-07	2	0	
+2.702700E-07	2	0	
+2.593980E-07	2	0	
+2.617320E-07	2	0	
+2.624820E-07	2	0	
+2.661600E-07	2	0	
+2.768460E-07	2	0	
+2.615640E-07	2	0	
+2.669100E-07	2	0	
+2.815200E-07	2	0	
+2.924700E-07	2	0	
+3.143400E-07	2	0	
+3.304740E-07	2	0	
+2.975760E-07	2	0	
+3.201420E-07	2	0	
+3.045780E-07	2	0	
+2.748480E-07	2	0	
+2.951340E-07	2	0	
-2.777514E-06	3	0	
-3.617178E-06	3	8	
-1.283598E-06	3	0	
+2.919420E-07	1	0	
+3.078840E-07	1	0	
+2.749140E-07	1	0	
+2.765460E-07	1	0	
+2.733840E-07	1	0	
+2.614020E-07	1	0	
+2.736960E-07	1	0	
+2.722920E-07	1	0	
+2.556000E-07	1	0	
+2.672880E-07	1	0	
+2.578920E-07	1	0	
+2.749020E-07	1	0	
+2.651460E-07	1	0	
+2.526780E-07	1	0	
+2.622360E-07	1	0	
+2.509200E-07	1	0	
+2.731740E-07	1	0	
+2.634360E-07	1	0	
+2.540940E-07	1	0	
+2.636700E-07	1	0	
+2.676360E-07	1	0	
+2.737500E-07	1	0	
+2.897700E-07	1	0	
+2.728320E-07	1	0	
+2.731380E-07	1	0	
+2.753760E-07	1	0	
+2.714940E-07	1	0	
+2.992056E-06	4	0	
+3.665976E-06	4	8	
+1.687854E-06	4	0	
+2.679780E-07	2	0	
+2.665080E-07	2	0	
+2.740800E-07	2	0	
+2.842980E-07	2	0	
+2.588700E-07	2	0	
+2.704800E-07	2	0	
+2.631600E-07	2	0	
+2.579520E-07	2	0	
+2.575920E-07	2	0	
+2.621220E-07	2	0	
+2.535660E-07	2	0	
+2.739120E-07	2	0	
+2.463900E-07	2	0	
+2.559060E-07	2	0	
+2.611020E-07	2	0	
+2.533980E-07	2	0	
+2.596320E-07	2	0	
+2.569800E-07	2	0	
+2.715660E-07	2	0	
+2.605860E-07	2	0	
+2.669280E-07	2	0	
+2.483760E-07	2	0	
+2.668560E-07	2	0	
+2.787180E-07	2	0	
+2.777160E-07	2	0	
+2.640720E-07	2	0	
+2.842080E-07	2	0	
-2.779620E-06	3	0	
-3.617178E-06	3	8	
-1.292382E-06	3	0	
+2.850660E-07	1	0	
+2.706300E-07	1	0	
+2.648520E-07	1	0	
+2.590980E-07	1	0	
+2.646960E-07	1	0	
+2.595000E-07	1	0	
+2.612520E-07	1	0	
+2.725320E-07	1	0	
+2.571660E-07	1	0	
+2.828100E-07	1	0	
+2.732580E-07	1	0	
+2.586060E-07	1	0	
+2.784600E-07	1	0	
+2.649900E-07	1	0	
+2.798280E-07	1	0	
+2.569680E-07	1	0	
+2.613720E-07	1	0	
+2.698080E-07	1	0	
+2.567760E-07	1	0	
+2.544960E-07	1	0	
+2.785920E-07	1	0	
+2.395920E-07	1	0	
+2.551560E-07	1	0	
+2.733960E-07	1	0	
+2.586360E-07	1	0	
+2.589900E-07	1	0	
+2.701620E-07	1	0	
+2.998950E-06	4	0	
+3.665970E-06	4	8	
+1.703112E-06	4	0	
+2.668560E-07	2	0	
+2.897820E-07	2	0	
+2.903820E-07	2	0	
+2.969940E-07	2	0	
+2.588760E-07	2	0	
+2.684460E-07	2	0	
+2.806560E-07	2	0	
+2.660040E-07	2	0	
+2.675580E-07	2	0	
+2.692320E-07	2	0	
+2.553480E-07	2	0	
+2.926560E-07	2	0	
+2.436180E-07	2	0	
+2.401260E-07	2	0	
+2.618100E-07	2	0	
+2.594760E-07	2	0	
+2.661960E-07	2	0	
+2.515320E-07	2	0	
+2.485260E-07	2	0	
+2.563320E-07	2	0	
+2.475120E-07	2	0	
+2.607960E-07	2	0	
+2.524740E-07	2	0	
+2.372100E-07	2	0	
+2.607180E-07	2	0	
+2.456940E-07	2	0	
+2.537400E-07	2	0	
-2.787216E-06	3	0	
-3.617172E-06	3	8	
-1.292886E-06	3	0	
+2.842920E-07	1	0	
+2.756040E-07	1	0	
+2.771040E-07	1	0	
+2.487180E-07	1	0	
+2.580840E-07	1	0	
+2.811180E-07	1	0	
+3.021360E-07	1	0	
+2.934120E-07	1	0	
+2.627700E-07	1	0	
+2.545200E-07	1	0	
+2.804940E-07	1	0	
+2.704380E-07	1	0	
+2.743020E-07	1	0	
+2.592300E-07	1	0	
+2.748060E-07	1	0	
+2.426940E-07	1	0	
+2.319300E-07	1	0	
+2.596860E-07	1	0	
+2.826120E-07	1	0	
+2.537880E-07	1	0	
+2.702400E-07	1	0	
+2.303460E-07	1	0	
+2.547960E-07	1	0	
+2.754300E-07	1	0	
+2.564640E-07	1	0	
+2.619780E-07	1	0	
+2.529240E-07	1	0	
+2.984178E-06	4	0	
+3.665958E-06	4	8	
+1.686012E-06	4	0	
+2.319960E-07	2	0	
+2.651400E-07	2	0	
+2.801340E-07	2	0	
+2.632800E-07	2	0	
+2.838420E-07	2	0	
+2.729820E-07	2	0	
+2.796240E-07	2	0	
+2.624100E-07	2	0	
+2.685120E-07	2	0	
+2.721480E-07	2	0	
+2.642100E-07	2	0	
+2.629860E-07	2	0	
+2.687280E-07	2	0	
+2.681880E-07	2	0	
+2.619780E-07	2	0	
+2.602440E-07	2	0	
+2.744520E-07	2	0	
+2.687220E-07	2	0	
+2.531400E-07	2	0	
+2.740560E-07	2	0	
+2.606820E-07	2	0	
+2.629440E-07	2	0	
+2.741040E-07	2	0	
+2.678340E-07	2	0	
+2.713920E-07	2	0	
+2.732220E-07	2	0	
+2.564160E-07	2	0	
-2.787738E-06	3	0	
-3.617178E-06	3	8	
-1.293456E-06	3	0	
+3.020640E-07	1	0	
+2.647920E-07	1	0	
+2.630100E-07	1	0	
+2.666280E-07	1	0	
+2.706480E-07	1	0	
+2.747400E-07	1	0	
+2.752440E-07	1	0	
+2.724300E-07	1	0	
+2.823300E-07	1	0	
+2.740860E-07	1	0	
+2.891280E-07	1	0	
+2.724420E-07	1	0	
+2.831880E-07	1	0	
+2.790960E-07	1	0	
+2.753820E-07	1	0	
+2.888640E-07	1	0	
+2.830320E-07	1	0	
+2.735280E-07	1	0	
+2.813400E-07	1	0	
+2.835000E-07	1	0	
+2.678760E-07	1	0	
+2.722080E-07	1	0	
+2.612820E-07	1	0	
+2.546460E-07	1	0	
+2.704560E-07	1	0	
+2.507220E-07	1	0	
+2.636100E-07	1	0	
+2.993670E-06	4	0	
+3.665958E-06	4	8	
+1.702440E-06	4	0	
+2.632500E-07	2	0	
+2.755260E-07	2	0	
+2.680620E-07	2	0	
+2.749260E-07	2	0	
+2.675460E-07	2	0	
+2.682300E-07	2	0	
+2.644140E-07	2	0	
+2.766540E-07	2	0	
+2.751060E-07	2	0	
+2.772420E-07	2	0	
+2.830560E-07	2	0	
+2.826660E-07	2	0	
+2.872080E-07	2	0	
+2.769540E-07	2	0	
+2.805000E-07	2	0	
+2.775720E-07	2	0	
+2.871180E-07	2	0	
+2.749320E-07	2	0	
+2.718360E-07	2	0	
+2.658300E-07	2	0	
+2.679540E-07	2	0	
+2.691540E-07	2	0	
+2.842620E-07	2	0	
+2.767560E-07	2	0	
+2.592480E-07	2	0	
+2.611200E-07	2	0	
+2.519100E-07	2	0	
-2.792208E-06	3	0	
-3.617178E-06	3	8	
-1.306536E-06	3	0	
+2.871180E-07	1	0	
+2.567640E-07	1	0	
+2.632020E-07	1	0	
+2.621940E-07	1	0	
+2.625240E-07	1	0	
+2.691660E-07	1	0	
+2.492280E-07	1	0	
+2.546880E-07	1	0	
+2.712840E-07	1	0	
+2.642400E-07	1	0	
+2.710920E-07	1	0	
+2.813460E-07	1	0	
+2.705160E-07	1	0	
+2.866320E-07	1	0	
+2.757540E-07	1	0	
+2.706780E-07	1	0	
+2.986260E-07	1	0	
+2.839200E-07	1	0	
+2.813040E-07	1	0	
+2.726520E-07	1	0	
+2.713980E-07	1	0	
+2.921220E-07	1	0	
+2.827320E-07	1	0	
+2.823000E-07	1	0	
+2.943000E-07	1	0	
+2.784420E-07	1	0	
+2.878380E-07	1	0	
+2.989896E-06	4	0	
+3.665958E-06	4	8	
+1.689060E-06	4	0	
+2.376600E-07	2	0	
+2.775300E-07	2	0	
+2.619780E-07	2	0	
+2.636940E-07	2	0	
+2.776200E-07	2	0	
+2.637900E-07	2	0	
+2.751420E-07	2	0	
+2.643720E-07	2	0	
+2.735400E-07	2	0	
+2.747220E-07	2	0	
+2.715840E-07	2	0	
+2.620380E-07	2	0	
+2.644380E-07	2	0	
+2.706480E-07	2	0	
+2.704620E-07	2	0	
+2.790360E-07	2	0	
+2.851320E-07	2	0	
+2.751300E-07	2	0	
+2.811540E-07	2	0	
+2.752740E-07	2	0	
+2.912640E-07	2	0	
+2.903640E-07	2	0	
+2.847120E-07	2	0	
+2.749440E-07	2	0	
+2.728680E-07	2	0	
+2.772180E-07	2	0	
+2.752680E-07	2	0	
-2.786148E-06	3	0	
-3.617184E-06	3	8	
-1.303254E-06	3	0	
+2.800620E-07	1	0	
+2.817660E-07	1	0	
+2.568300E-07	1	0	
+2.630880E-07	1	0	
+2.565840E-07	1	0	
+2.660280E-07	1	0	
+2.926080E-07	1	0	
+2.643180E-07	1	0	
+2.679780E-07	1	0	
+2.768040E-07	1	0	
+2.646660E-07	1	0	
+2.795280E-07	1	0	
+2.655300E-07	1	0	
+2.678100E-07	1	0	
+2.542620E-07	1	0	
+2.871420E-07	1	0	
+2.748300E-07	1	0	
+2.689740E-07	1	0	
+2.644500E-07	1	0	
+2.618460E-07	1	0	
+2.574780E-07	1	0	
+2.675820E-07	1	0	
+2.754000E-07	1	0	
+2.671500E-07	1	0	
+2.756040E-07	1	0	
+2.842260E-07	1	0	
+2.789460E-07	1	0	
+2.990502E-06	4	0	
+3.665970E-06	4	8	
+1.693524E-06	4	0	
+2.437560E-07	2	0	
+2.709000E-07	2	0	
+2.850480E-07	2	0	
+2.640780E-07	2	0	
+2.702220E-07	2	0	
+2.569320E-07	2	0	
+2.626080E-07	2	0	
+2.656980E-07	2	0	
+2.509440E-07	2	0	
+2.657160E-07	2	0	
+2.569500E-07	2	0	
+2.519280E-07	2	0	
+2.674740E-07	2	0	
+2.724480E-07	2	0	
+2.651640E-07	2	0	
+2.608920E-07	2	0	
+2.652420E-07	2	0	
+2.495760E-07	2	0	
+2.694780E-07	2	0	
+2.711400E-07	2	0	
+2.771220E-07	2	0	
+2.779320E-07	2	0	
+2.743920E-07	2	0	
+2.796960E-07	2	0	
+2.789460E-07	2	0	
+2.817840E-07	2	0	
+2.794380E-07	2	0	
-2.783502E-06	3	0	
-3.617178E-06	3	8	
-1.297092E-06	3	0	
+2.946360E-07	1	0	
+2.774880E-07	1	0	
+2.533920E-07	1	0	
+2.564220E-07	1	0	
+2.875200E-07	1	0	
+2.574000E-07	1	0	
+2.569980E-07	1	0	
+2.505120E-07	1	0	
+2.498400E-07	1	0	
+2.636700E-07	1	0	
+2.577420E-07	1	0	
+2.585040E-07	1	0	
+2.509080E-07	1	0	
+2.494140E-07	1	0	
+2.709000E-07	1	0	
+2.431560E-07	1	0	
+2.557860E-07	1	0	
+2.506680E-07	1	0	
+2.496240E-07	1	0	
+2.683380E-07	1	0	
+2.556240E-07	1	0	
+2.653560E-07	1	0	
+2.615880E-07	1	0	
+2.727060E-07	1	0	
+2.637960E-07	1	0	
+2.720460E-07	1	0	
+2.711040E-07	1	0	
+2.993490E-06	4	0	
+3.665970E-06	4	8	
+1.687584E-06	4	0	
+2.457840E-07	2	0	
+2.565720E-07	2	0	
+2.788380E-07	2	0	
+2.637720E-07	2	0	
+2.581440E-07	2	0	
+2.727360E-07	2	0	
+2.709540E-07	2	0	
+2.743140E-07	2	0	
+2.684400E-07	2	0	
+2.555040E-07	2	0	
+2.585040E-07	2	0	
+2.642100E-07	2	0	
+2.661180E-07	2	0	
+2.486400E-07	2	0	
+2.587140E-07	2	0	
+2.528640E-07	2	0	
+2.664180E-07	2	0	
+2.518500E-07	2	0	
+2.564520E-07	2	0	
+2.593980E-07	2	0	
+2.753400E-07	2	0	
+2.759640E-07	2	0	
+2.484840E-07	2	0	
+2.581200E-07	2	0	
+2.587500E-07	2	0	
+2.652600E-07	2	0	
+2.812260E-07	2	0	
-2.781840E-06	3	0	
-3.617172E-06	3	8	
-1.293780E-06	3	0	
+3.138180E-07	1	0	
+2.793300E-07	1	0	
+2.870340E-07	1	0	
+2.856720E-07	1	0	
+2.709540E-07	1	0	
+2.752740E-07	1	0	
+2.856840E-07	1	0	
+2.905140E-07	1	0	
+2.815500E-07	1	0	
+2.903760E-07	1	0	
+2.855880E-07	1	0	
+2.527920E-07	1	0	
+2.700360E-07	1	0	
+2.758680E-07	1	0	
+2.762280E-07	1	0	
+2.788740E-07	1	0	
+2.680380E-07	1	0	
+2.733840E-07	1	0	
+2.627340E-07	1	0	
+2.671680E-07	1	0	
+2.590440E-07	1	0	
+2.567880E-07	1	0	
+2.554860E-07	1	0	
+2.724300E-07	1	0	
+2.810880E-07	1	0	
+2.676240E-07	1	0	
+2.648940E-07	1	0	
+2.989632E-06	4	0	
+3.665976E-06	4	8	
+1.706640E-06	4	0	
+2.517780E-07	2	0	
+2.634900E-07	2	0	
+2.696160E-07	2	0	
+2.814660E-07	2	0	
+2.832240E-07	2	0	
+2.801580E-07	2	0	
+2.718360E-07	2	0	
+2.728860E-07	2	0	
+2.912880E-07	2	0	
+2.782440E-07	2	0	
+2.966460E-07	2	0	
+2.846220E-07	2	0	
+2.681340E-07	2	0	
+2.720520E-07	2	0	
+2.733420E-07	2	0	
+2.727360E-07	2	0	
+2.662020E-07	2	0	
+2.602260E-07	2	0	
+2.613420E-07	2	0	
+2.827560E-07	2	0	
+2.813820E-07	2	0	
+2.691480E-07	2	0	
+2.614980E-07	2	0	
+2.618880E-07	2	0	
+2.751000E-07	2	0	
+2.676120E-07	2	0	
+2.676360E-07	2	0	
-2.787246E-06	3	0	
-3.617172E-06	3	8	
-1.288332E-06	3	0	
+2.860740E-07	1	0	
+2.777880E-07	1	0	
+2.712000E-07	1	0	
+2.759940E-07	1	0	
+2.796060E-07	1	0	
+2.823360E-07	1	0	
+2.792280E-07	1	0	
+2.786400E-07	1	0	
+2.765040E-07	1	0	
+2.876040E-07	1	0	
+2.913600E-07	1	0	
+2.855520E-07	1	0	
+2.797740E-07	1	0	
+2.979120E-07	1	0	
+2.961180E-07	1	0	
+2.982660E-07	1	0	
+2.801040E-07	1	0	
+2.828280E-07	1	0	
+2.570280E-07	1	0	
+2.721240E-07	1	0	
+2.635500E-07	1	0	
+2.796120E-07	1	0	
+2.587380E-07	1	0	
+2.682480E-07	1	0	
+2.634000E-07	1	0	
+2.772120E-07	1	0	
+2.657760E-07	1	0	
+2.988744E-06	4	0	
+3.665982E-06	4	8	
+1.681164E-06	4	0	
+2.388720E-07	2	0	
+2.623500E-07	2	0	
+2.555220E-07	2	0	
+2.700180E-07	2	0	
+2.780640E-07	2	0	
+2.665620E-07	2	0	
+2.856600E-07	2	0	
+2.718060E-07	2	0	
+2.817120E-07	2	0	
+2.772120E-07	2	0	
+2.770440E-07	2	0	
+2.743320E-07	2	0	
+2.850300E-07	2	0	
+2.731740E-07	2	0	
+2.797320E-07	2	0	
+2.634420E-07	2	0	
+2.741640E-07	2	0	
+2.751420E-07	2	0	
+2.722200E-07	2	0	
+2.809740E-07	2	0	
+2.562480E-07	2	0	
+2.566800E-07	2	0	
+2.724240E-07	2	0	
+2.536860E-07	2	0	
+2.562540E-07	2	0	
+2.589120E-07	2	0	
+2.565060E-07	2	0	
-2.794044E-06	3	0	
-3.617178E-06	3	8	
-1.296822E-06	3	0	
+2.680560E-07	1	0	
+2.647980E-07	1	0	
+2.485380E-07	1	0	
+2.579640E-07	1	0	
+2.467860E-07	1	0	
+2.450820E-07	1	0	
+2.509440E-07	1	0	
+2.674440E-07	1	0	
+2.697180E-07	1	0	
+2.776320E-07	1	0	
+2.718420E-07	1	0	
+2.673360E-07	1	0	
+2.599200E-07	1	0	
+2.590740E-07	1	0	
+2.610120E-07	1	0	
+2.716980E-07	1	0	
+2.640840E-07	1	0	
+2.576160E-07	1	0	
+2.686980E-07	1	0	
+2.761920E-07	1	0	
+2.591460E-07	1	0	
+2.521440E-07	1	0	
+2.574840E-07	1	0	
+2.588220E-07	1	0	
+2.586900E-07	1	0	
+2.507460E-07	1	0	
+2.491860E-07	1	0	
+2.987496E-06	4	0	
+3.665976E-06	4	8	
+1.690956E-06	4	0	
+2.348880E-07	2	0	
+2.576520E-07	2	0	
+2.612160E-07	2	0	
+2.428440E-07	2	0	
+2.577480E-07	2	0	
+2.570220E-07	2	0	
+2.568000E-07	2	0	
+2.498700E-07	2	0	
+2.492040E-07	2	0	
+2.620800E-07	2	0	
+2.769480E-07	2	0	
+2.636220E-07	2	0	
+2.685180E-07	2	0	
+2.640600E-07	2	0	
+2.609460E-07	2	0	
+2.777640E-07	2	0	
+2.682180E-07	2	0	
+2.610840E-07	2	0	
+2.592720E-07	2	0	
+2.564220E-07	2	0	
+2.828760E-07	2	0	
+2.760720E-07	2	0	
+2.729880E-07	2	0	
+2.670000E-07	2	0	
+2.546400E-07	2	0	
+2.645700E-07	2	0	
+2.747100E-07	2	0	
-2.792958E-06	3	0	
-3.617178E-06	3	8	
-1.300920E-06	3	0	
+2.804280E-07	1	0	
+2.757060E-07	1	0	
+2.582580E-07	1	0	
+2.399400E-07	1	0	
+2.432820E-07	1	0	
+2.478660E-07	1	0	
+2.629200E-07	1	0	
+2.525220E-07	1	0	
+2.517900E-07	1	0	
+2.506380E-07	1	0	
+2.501700E-07	1	0	
+2.586000E-07	1	0	
+2.553600E-07	1	0	
+2.607060E-07	1	0	
+2.571360E-07	1	0	
+2.588040E-07	1	0	
+2.620140E-07	1	0	
+2.727840E-07	1	0	
+2.530320E-07	1	0	
+2.441700E-07	1	0	
+2.636700E-07	1	0	
+2.615280E-07	1	0	
+2.644920E-07	1	0	
+2.582940E-07	1	0	
+2.485980E-07	1	0	
+2.625720E-07	1	0	
+2.520660E-07	1	0	
+2.992212E-06	4	0	
+3.665970E-06	4	8	
+1.677138E-06	4	0	
+2.274120E-07	2	0	
+2.475660E-07	2	0	
+2.847660E-07	2	0	
+2.666700E-07	2	0	
+2.526060E-07	2	0	
+3.054900E-07	2	0	
+2.977380E-07	2	0	
+2.668260E-07	2	0	
+2.773740E-07	2	0	
+2.652060E-07	2	0	
+2.616840E-07	2	0	
+2.700900E-07	2	0	
+2.696340E-07	2	0	
+2.796360E-07	2	0	
+2.724660E-07	2	0	
+2.738160E-07	2	0	
+2.922360E-07	2	0	
+2.751060E-07	2	0	
+2.987280E-07	2	0	
+2.877180E-07	2	0	
+2.880540E-07	2	0	
+2.903760E-07	2	0	
+2.859600E-07	2	0	
+2.901840E-07	2	0	
+2.773320E-07	2	0	
+2.799960E-07	2	0	
+2.813220E-07	2	0	
-2.788956E-06	3	0	
-3.617178E-06	3	8	
-1.293672E-06	3	0	
+2.906340E-07	1	0	
+2.568240E-07	1	0	
+2.588460E-07	1	0	
+2.571180E-07	1	0	
+2.641800E-07	1	0	
+2.507400E-07	1	0	
+2.428020E-07	1	0	
+2.601300E-07	1	0	
+2.461260E-07	1	0	
+2.660700E-07	1	0	
+2.630100E-07	1	0	
+2.515080E-07	1	0	
+2.485740E-07	1	0	
+2.563620E-07	1	0	
+2.579220E-07	1	0	
+2.854920E-07	1	0	
+2.718000E-07	1	0	
+2.602140E-07	1	0	
+2.516640E-07	1	0	
+2.759400E-07	1	0	
+2.697000E-07	1	0	
+2.633520E-07	1	0	
+2.604000E-07	1	0	
+2.515320E-07	1	0	
+2.727600E-07	1	0	
+2.949180E-07	1	0	
+2.703060E-07	1	0	
+2.992488E-06	4	0	
+3.665964E-06	4	8	
+1.690932E-06	4	0	
+2.807880E-07	2	0	
+2.648820E-07	2	0	
+2.632260E-07	2	0	
+2.604660E-07	2	0	
+2.675760E-07	2	0	
+2.718300E-07	2	0	
+2.530620E-07	2	0	
+2.552940E-07	2	0	
+2.515140E-07	2	0	
+2.605920E-07	2	0	
+2.534880E-07	2	0	
+2.772180E-07	2	0	
+2.578500E-07	2	0	
+2.595600E-07	2	0	
+2.594100E-07	2	0	
+2.448300E-07	2	0	
+2.658780E-07	2	0	
+2.606220E-07	2	0	
+2.551560E-07	2	0	
+2.516220E-07	2	0	
+2.613180E-07	2	0	
+2.850900E-07	2	0	
+2.735580E-07	2	0	
+2.837640E-07	2	0	
+2.950380E-07	2	0	
+2.769060E-07	2	0	
+2.878860E-07	2	0	
-2.782188E-06	3	0	
-3.617184E-06	3	8	
-1.287522E-06	3	0	
+3.015360E-07	1	0	
+2.820420E-07	1	0	
+2.941740E-07	1	0	
+2.668320E-07	1	0	
+2.728680E-07	1	0	
+2.839920E-07	1	0	
+2.732820E-07	1	0	
+2.870100E-07	1	0	
+2.984580E-07	1	0	
+2.910300E-07	1	0	
+2.744820E-07	1	0	
+2.802060E-07	1	0	
+2.918040E-07	1	0	
+2.751000E-07	1	0	
+2.587620E-07	1	0	
+2.612040E-07	1	0	
+2.525520E-07	1	0	
+2.605380E-07	1	0	
+2.535660E-07	1	0	
+2.595420E-07	1	0	
+2.550840E-07	1	0	
+2.524080E-07	1	0	
+2.627580E-07	1	0	
+2.752080E-07	1	0	
+2.597580E-07	1	0	
+2.585580E-07	1	0	
+2.847660E-07	1	0	
+2.991354E-06	4	0	
+3.665964E-06	4	8	
+1.681560E-06	4	0	
+2.252700E-07	2	0	
+2.573820E-07	2	0	
+2.755200E-07	2	0	
+2.772360E-07	2	0	
+2.715720E-07	2	0	
+2.717040E-07	2	0	
+2.701680E-07	2	0	
+2.660040E-07	2	0	
+2.749380E-07	2	0	
+2.793720E-07	2	0	
+2.638080E-07	2	0	
+2.729820E-07	2	0	
+2.690760E-07	2	0	
+2.675580E-07	2	0	
+2.738640E-07	2	0	
+2.584440E-07	2	0	
+2.595000E-07	2	0	
+2.568060E-07	2	0	
+2.609820E-07	2	0	
+2.804760E-07	2	0	
+2.642940E-07	2	0	
+2.502000E-07	2	0	
+2.628900E-07	2	0	
+2.534580E-07	2	0	
+2.780580E-07	2	0	
+2.561400E-07	2	0	
+2.470140E-07	2	0	
-2.788278E-06	3	0	
-3.617178E-06	3	8	
-1.288602E-06	3	0	
+2.984640E-07	1	0	
+2.751300E-07	1	0	
+2.693700E-07	1	0	
+2.608200E-07	1	0	
+2.737320E-07	1	0	
+2.845800E-07	1	0	
+2.604180E-07	1	0	
+2.635080E-07	1	0	
+2.750640E-07	1	0	
+2.649120E-07	1	0	
+2.944200E-07	1	0	
+2.714460E-07	1	0	
+2.693280E-07	1	0	
+2.617020E-07	1	0	
+2.597220E-07	1	0	
+2.851020E-07	1	0	
+2.763300E-07	1	0	
+2.659440E-07	1	0	
+2.735580E-07	1	0	
+2.664000E-07	1	0	
+2.755260E-07	1	0	
+2.792400E-07	1	0	
+2.644260E-07	1	0	
+2.678520E-07	1	0	
+2.836140E-07	1	0	
+2.685540E-07	1	0	
+2.866440E-07	1	0	
+2.990958E-06	4	0	
+3.665976E-06	4	8	
+1.694742E-06	4	0	
+2.566500E-07	2	0	
+2.831760E-07	2	0	
+2.749140E-07	2	0	
+2.727060E-07	2	0	
+2.818440E-07	2	0	
+2.750760E-07	2	0	
+2.914500E-07	2	0	
+2.822040E-07	2	0	
+2.911560E-07	2	0	
+2.622420E-07	2	0	
+2.838840E-07	2	0	
+2.815980E-07	2	0	
+3.043680E-07	2	0	
+2.735580E-07	2	0	
+2.688060E-07	2	0	
+2.679900E-07	2	0	
+2.739480E-07	2	0	
+2.895720E-07	2	0	
+2.807100E-07	2	0	
+2.803980E-07	2	0	
+2.756520E-07	2	0	
+2.684580E-07	2	0	
+2.929980E-07	2	0	
+2.824800E-07	2	0	
+2.692860E-07	2	0	
+2.667840E-07	2	0	
+2.735940E-07	2	0	
-2.781270E-06	3	0	
-3.617178E-06	3	8	
-1.294776E-06	3	0	
+2.867580E-07	1	0	
+2.739240E-07	1	0	
+2.586960E-07	1	0	
+2.942940E-07	1	0	
+3.112860E-07	1	0	
+2.903940E-07	1	0	
+2.655180E-07	1	0	
+2.670780E-07	1	0	
+2.913360E-07	1	0	
+2.809440E-07	1	0	
+2.668740E-07	1	0	
+2.766900E-07	1	0	
+2.660640E-07	1	0	
+2.966460E-07	1	0	
+2.817480E-07	1	0	
+2.651760E-07	1	0	
+2.787660E-07	1	0	
+2.716320E-07	1	0	
+2.686200E-07	1	0	
+2.862960E-07	1	0	
+2.763720E-07	1	0	
+2.753160E-07	1	0	
+2.731080E-07	1	0	
+2.735040E-07	1	0	
+2.818620E-07	1	0	
+2.790600E-07	1	0	
+2.712420E-07	1	0	
+2.989440E-06	4	0	
+3.665976E-06	4	8	
+1.720386E-06	4	0	
+2.521020E-07	2	0	
+2.622300E-07	2	0	
+2.854440E-07	2	0	
+2.752860E-07	2	0	
+2.653920E-07	2	0	
+2.817180E-07	2	0	
+2.723400E-07	2	0	
+2.674740E-07	2	0	
+2.470860E-07	2	0	
+2.502720E-07	2	0	
+2.670240E-07	2	0	
+2.543700E-07	2	0	
+2.702220E-07	2	0	
+2.643240E-07	2	0	
+2.731500E-07	2	0	
+2.783400E-07	2	0	
+2.744700E-07	2	0	
+2.858640E-07	2	0	
+2.940660E-07	2	0	
+2.596200E-07	2	0	
+2.531100E-07	2	0	
+2.256180E-07	2	0	
+2.181420E-07	2	0	
+2.268360E-07	2	0	
+2.315340E-07	2	0	
+2.568780E-07	2	0	
+2.814360E-07	2	0	
-2.786568E-06	3	0	
-3.617172E-06	3	8	
-1.308246E-06	3	0	
+2.524860E-07	1	0	
+2.608140E-07	1	0	
+2.767140E-07	1	0	
+2.584620E-07	1	0	
+2.589960E-07	1	0	
+2.392860E-07	1	0	
+2.752020E-07	1	0	
+2.353320E-07	1	0	
+2.232540E-07	1	0	
+2.580060E-07	1	0	
+2.662020E-07	1	0	
+2.450700E-07	1	0	
+2.626620E-07	1	0	
+2.482680E-07	1	0	
+2.256840E-07	1	0	
+2.481780E-07	1	0	
+2.430000E-07	1	0	
+2.520360E-07	1	0	
+2.371620E-07	1	0	
+2.460420E-07	1	0	
+2.106180E-07	1	0	
+2.201820E-07	1	0	
+2.529240E-07	1	0	
+2.390940E-07	1	0	
+2.431320E-07	1	0	
+2.240520E-07	1	0	
+2.250060E-07	1	0	
+2.977998E-06	4	0	
+3.665982E-06	4	8	
+1.679910E-06	4	0	
+2.190300E-07	2	0	
+2.461500E-07	2	0	
+2.461980E-07	2	0	
+2.365680E-07	2	0	
+2.483340E-07	2	0	
+2.455980E-07	2	0	
+2.383380E-07	2	0	
+2.380020E-07	2	0	
+2.652300E-07	2	0	
+2.466060E-07	2	0	
+2.438880E-07	2	0	
+2.539500E-07	2	0	
+2.482080E-07	2	0	
+2.747760E-07	2	0	
+2.569620E-07	2	0	
+2.609100E-07	2	0	
+2.644500E-07	2	0	
+2.511060E-07	2	0	
+2.753340E-07	2	0	
+2.594160E-07	2	0	
+2.571000E-07	2	0	
+2.491560E-07	2	0	
+2.488140E-07	2	0	
+2.479920E-07	2	0	
+2.744280E-07	2	0	
+2.569200E-07	2	0	
+2.530680E-07	2	0	
-2.793108E-06	3	0	
-3.617178E-06	3	8	
-1.299978E-06	3	0	
+2.648940E-07	1	0	
+2.508540E-07	1	0	
+2.551260E-07	1	0	
+2.379240E-07	1	0	
+2.594280E-07	1	0	
+2.490420E-07	1	0	
+2.438220E-07	1	0	
+2.435520E-07	1	0	
+2.515980E-07	1	0	
+2.598480E-07	1	0	
+2.646960E-07	1	0	
+2.343660E-07	1	0	
+2.490000E-07	1	0	
+2.522940E-07	1	0	
+2.593080E-07	1	0	
+2.781120E-07	1	0	
+2.627340E-07	1	0	
+2.773440E-07	1	0	
+2.644740E-07	1	0	
+2.586240E-07	1	0	
+2.706720E-07	1	0	
+2.640240E-07	1	0	
+2.503320E-07	1	0	
+2.642460E-07	1	0	
+2.721720E-07	1	0	
+2.855400E-07	1	0	
+2.681820E-07	1	0	
+2.990292E-06	4	0	
+3.665970E-06	4	8	
+1.691988E-06	4	0	
+2.537100E-07	2	0	
+2.602920E-07	2	0	
+2.585400E-07	2	0	
+2.617440E-07	2	0	
+2.573940E-07	2	0	
+2.682180E-07	2	0	
+2.712240E-07	2	0	
+2.712540E-07	2	0	
+2.647140E-07	2	0	
+2.722680E-07	2	0	
+2.739300E-07	2	0	
+2.837820E-07	2	0	
+2.655180E-07	2	0	
+2.628660E-07	2	0	
+2.638380E-07	2	0	
+2.570580E-07	2	0	
+2.723460E-07	2	0	
+2.574660E-07	2	0	
+2.851800E-07	2	0	
+2.959020E-07	2	0	
+2.945220E-07	2	0	
+2.900220E-07	2	0	
+3.081360E-07	2	0	
+2.832060E-07	2	0	
+2.782020E-07	2	0	
+2.745660E-07	2	0	
+3.085140E-07	2	0	
-2.769948E-06	3	0	
-3.617178E-06	3	8	
-1.291056E-06	3	0	
+2.921880E-07	1	0	
+2.908800E-07	1	0	
+2.961720E-07	1	0	
+2.813520E-07	1	0	
+2.695680E-07	1	0	
+2.764680E-07	1	0	
+2.650320E-07	1	0	
+2.824320E-07	1	0	
+2.704620E-07	1	0	
+2.638740E-07	1	0	
+2.738520E-07	1	0	
+2.641140E-07	1	0	
+2.628360E-07	1	0	
+2.947200E-07	1	0	
+2.859180E-07	1	0	
+2.782260E-07	1	0	
+2.713500E-07	1	0	
+2.841480E-07	1	0	
+2.884920E-07	1	0	
+2.682000E-07	1	0	
+2.697720E-07	1	0	
+2.725080E-07	1	0	
+2.776380E-07	1	0	
+2.758680E-07	1	0	
+2.713560E-07	1	0	
+2.625300E-07	1	0	
+2.579940E-07	1	0	
+2.991156E-06	4	0	
+3.665976E-06	4	8	
+1.682274E-06	4	0	
+2.388360E-07	2	0	
+2.648220E-07	2	0	
+2.687280E-07	2	0	
+2.757660E-07	2	0	
+2.919840E-07	2	0	
+2.889420E-07	2	0	
+2.669880E-07	2	0	
+2.644080E-07	2	0	
+2.532120E-07	2	0	
+2.867700E-07	2	0	
+2.694000E-07	2	0	
+2.687340E-07	2	0	
+2.722980E-07	2	0	
+2.628660E-07	2	0	
+2.649660E-07	2	0	
+2.677140E-07	2	0	
+2.614980E-07	2	0	
+2.653080E-07	2	0	
+2.728440E-07	2	0	
+2.645760E-07	2	0	
+2.754960E-07	2	0	
+2.522640E-07	2	0	
+2.695140E-07	2	0	
+2.654160E-07	2	0	
+2.726040E-07	2	0	
+2.864580E-07	2	0	
+2.622000E-07	2	0	
-2.791278E-06	3	0	
-3.617178E-06	3	8	
-1.296948E-06	3	0	
+3.055800E-07	1	0	
+2.706720E-07	1	0	
+2.638980E-07	1	0	
+2.598840E-07	1	0	
+2.928840E-07	1	0	
+2.766960E-07	1	0	
+2.769240E-07	1	0	
+2.552400E-07	1	0	
+2.653500E-07	1	0	
+2.518800E-07	1	0	
+2.670300E-07	1	0	
+2.793660E-07	1	0	
+2.638380E-07	1	0	
+2.401380E-07	1	0	
+2.521920E-07	1	0	
+2.361660E-07	1	0	
+2.708100E-07	1	0	
+2.443740E-07	1	0	
+2.610420E-07	1	0	
+2.528880E-07	1	0	
+2.593980E-07	1	0	
+2.748900E-07	1	0	
+2.561040E-07	1	0	
+2.596800E-07	1	0	
+2.613120E-07	1	0	
+2.558520E-07	1	0	
+2.673060E-07	1	0	
+2.988282E-06	4	0	
+3.665982E-06	4	8	
+1.688190E-06	4	0	
+2.293560E-07	2	0	
+2.558520E-07	2	0	
+2.766480E-07	2	0	
+2.483100E-07	2	0	
+2.595480E-07	2	0	
+2.578320E-07	2	0	
+2.397720E-07	2	0	
+2.737920E-07	2	0	
+2.616900E-07	2	0	
+2.702820E-07	2	0	
+2.709420E-07	2	0	
+2.697840E-07	2	0	
+2.670600E-07	2	0	
+2.410980E-07	2	0	
+2.543040E-07	2	0	
+2.474400E-07	2	0	
+2.437260E-07	2	0	
+2.570940E-07	2	0	
+2.546280E-07	2	0	
+2.508960E-07	2	0	
+2.418120E-07	2	0	
+2.515020E-07	2	0	
+2.435460E-07	2	0	
+2.768460E-07	2	0	
+2.508540E-07	2	0	
+2.325540E-07	2	0	
+2.443980E-07	2	0	
-2.796762E-06	3	0	
-3.617172E-06	3	8	
-1.306884E-06	3	0	
+2.669340E-07	1	0	
+2.576460E-07	1	0	
+2.690100E-07	1	0	
+2.770380E-07	1	0	
+2.626020E-07	1	0	
+2.534100E-07	1	0	
+2.514000E-07	1	0	
+2.589300E-07	1	0	
+2.473500E-07	1	0	
+2.662140E-07	1	0	
+2.620440E-07	1	0	
+2.482200E-07	1	0	
+2.507280E-07	1	0	
+2.470020E-07	1	0	
+2.554080E-07	1	0	
+2.334120E-07	1	0	
+2.276160E-07	1	0	
+2.174400E-07	1	0	
+2.220900E-07	1	0	
+2.471040E-07	1	0	
+2.235000E-07	1	0	
+2.226360E-07	1	0	
+2.193420E-07	1	0	
+2.103420E-07	1	0	
+2.271720E-07	1	0	
+2.160900E-07	1	0	
+1.989360E-07	1	0	
+2.970324E-06	4	0	
+3.665976E-06	4	8	
+1.656468E-06	4	0	
+2.058360E-07	2	0	
+2.133000E-07	2	0	
+2.079240E-07	2	0	
+2.159400E-07	2	0	
+2.230320E-07	2	0	
+2.453760E-07	2	0	
+2.350860E-07	2	0	
+2.089920E-07	2	0	
+2.303580E-07	2	0	
+2.179740E-07	2	0	
+2.282460E-07	2	0	
+2.377380E-07	2	0	
+2.290800E-07	2	0	
+2.340660E-07	2	0	
+2.353980E-07	2	0	
+2.541300E-07	2	0	
+2.385660E-07	2	0	
+2.227140E-07	2	0	
+2.142360E-07	2	0	
+2.150340E-07	2	0	
+2.180220E-07	2	0	
+2.345640E-07	2	0	
+2.226120E-07	2	0	
+2.164140E-07	2	0	
+2.295060E-07	2	0	
+2.208120E-07	2	0	
+2.317560E-07	2	0	
-2.795838E-06	3	0	
-3.617178E-06	3	8	
