start date: 	2023-08-08
start time: 	17.27.37
stop date: 	2023-08-08
stop time: 	17.48.46
com rel. humid (%):	33.7
com temp (°C):	29.18
cn temp (°C):	31.22
nv temp (°C):	35.41
bvd averages: 	     20
remarks: 	CCC probe connected to GaAs probe, GaAs 8 V+=Red, V-=Wht, I+=Wht, I-=Blk, B = 11.56 T (84.4 A), Psample = 3.0e-3 mbar
R1 Info: 	NIST-QHRGaAs13k-8
R2 Info: 	1218
data filepath: 	M:\MagniconData\CCCViewerData\cccviewer_measure\2023-08-08_CCC\230808_007_1727.txt
config filepath: 	M:\MagniconData\CCCViewerData\cccviewer_measure\2023-08-08_CCC\230808_007_1727_cccdrive.cfg
time base (Hz): 	60
integration time (time base multiples):	60
number of samples per half cycle: 	30
ignored first samples: 	14
ignored last samples: 	0
amplifier gain: 	1000000
delta N1/NA (mTurns): 	-23.254107218
delta (I2*R2) (V): 	2.000061037
N1 (Turns):	2065
N2 (Turns):	16
NA (Turns):	1
R1 (Ohm): 	12906.404000
R2 (Ohm): 	100.000000

data(V)	phase	error
+2.181840E-07	1	0	
+1.894020E-07	1	0	
+1.980600E-07	1	0	
+1.910520E-07	1	0	
+1.675740E-07	1	0	
+1.932840E-07	1	0	
+1.641180E-07	1	0	
+1.612860E-07	1	0	
+2.186160E-07	1	0	
+1.838580E-07	1	0	
+1.820400E-07	1	0	
+2.023920E-07	1	0	
+1.498740E-07	1	0	
+1.598100E-07	1	0	
+1.914840E-07	1	0	
+1.864980E-07	1	0	
+1.647060E-07	1	0	
+1.841220E-07	1	0	
+1.818660E-07	1	0	
+1.828740E-07	1	0	
+1.837020E-07	1	0	
+1.653420E-07	1	0	
+1.919700E-07	1	0	
+1.802160E-07	1	0	
+1.846200E-07	1	0	
+1.695480E-07	1	0	
+1.859160E-07	1	0	
+1.611480E-07	1	0	
+3.154992E-06	4	8	
+3.673284E-06	4	8	
+1.819512E-06	4	0	
+1.469040E-07	2	0	
+1.885800E-07	2	0	
+1.862580E-07	2	0	
+1.703940E-07	2	0	
+1.974360E-07	2	0	
+1.773300E-07	2	0	
+1.993320E-07	2	0	
+1.750560E-07	2	0	
+1.853160E-07	2	0	
+1.822080E-07	2	0	
+1.674180E-07	2	0	
+1.877760E-07	2	0	
+1.795500E-07	2	0	
+1.883640E-07	2	0	
+1.723260E-07	2	0	
+1.614420E-07	2	0	
+1.659420E-07	2	0	
+1.645140E-07	2	0	
+1.405380E-07	2	0	
+1.629720E-07	2	0	
+1.640040E-07	2	0	
+1.674120E-07	2	0	
+1.266180E-07	2	0	
+1.580340E-07	2	0	
+1.602780E-07	2	0	
+1.630440E-07	2	0	
+1.671420E-07	2	0	
-3.041130E-06	3	8	
-3.623772E-06	3	8	
-1.616664E-06	3	0	
+2.177400E-07	1	0	
+1.528260E-07	1	0	
+1.778340E-07	1	0	
+1.699440E-07	1	0	
+1.722840E-07	1	0	
+1.546260E-07	1	0	
+1.736460E-07	1	0	
+1.687380E-07	1	0	
+1.684200E-07	1	0	
+1.864680E-07	1	0	
+1.814040E-07	1	0	
+1.806360E-07	1	0	
+1.749600E-07	1	0	
+1.613940E-07	1	0	
+1.681320E-07	1	0	
+1.644600E-07	1	0	
+1.523280E-07	1	0	
+1.638540E-07	1	0	
+1.543020E-07	1	0	
+1.462380E-07	1	0	
+1.433880E-07	1	0	
+1.565880E-07	1	0	
+1.308000E-07	1	0	
+1.537260E-07	1	0	
+1.564980E-07	1	0	
+1.423380E-07	1	0	
+1.691760E-07	1	0	
+3.156480E-06	4	8	
+3.673254E-06	4	8	
+1.811238E-06	4	0	
+1.054500E-07	2	0	
+1.470240E-07	2	0	
+1.573020E-07	2	0	
+1.626840E-07	2	0	
+1.683120E-07	2	0	
+1.616280E-07	2	0	
+1.668600E-07	2	0	
+1.594980E-07	2	0	
+1.621320E-07	2	0	
+1.683240E-07	2	0	
+1.221360E-07	2	0	
+1.538760E-07	2	0	
+1.302300E-07	2	0	
+1.537080E-07	2	0	
+1.256700E-07	2	0	
+1.407420E-07	2	0	
+1.400760E-07	2	0	
+1.465620E-07	2	0	
+1.321380E-07	2	0	
+1.318680E-07	2	0	
+1.388820E-07	2	0	
+1.230120E-07	2	0	
+1.305480E-07	2	0	
+1.210260E-07	2	0	
+1.245120E-07	2	0	
+1.252380E-07	2	0	
+1.141620E-07	2	0	
-3.057870E-06	3	8	
-3.623832E-06	3	8	
-1.619514E-06	3	0	
+1.573020E-07	1	0	
+1.317180E-07	1	0	
+1.506600E-07	1	0	
+1.475880E-07	1	0	
+1.233900E-07	1	0	
+1.242780E-07	1	0	
+1.304700E-07	1	0	
+1.447260E-07	1	0	
+1.715280E-07	1	0	
+2.102640E-07	1	0	
+1.086360E-07	1	0	
+1.205640E-07	1	0	
+1.284600E-07	1	0	
+1.443060E-07	1	0	
+1.621860E-07	1	0	
+1.434660E-07	1	0	
+1.480200E-07	1	0	
+1.407780E-07	1	0	
+1.570140E-07	1	0	
+1.728300E-07	1	0	
+1.650000E-07	1	0	
+1.743000E-07	1	0	
+1.642560E-07	1	0	
+1.228500E-07	1	0	
+1.358520E-07	1	0	
+1.328640E-07	1	0	
+1.432380E-07	1	0	
+3.157296E-06	4	8	
+3.673110E-06	4	8	
+1.798992E-06	4	0	
+8.923200E-08	2	0	
+1.195860E-07	2	0	
+1.365120E-07	2	0	
+1.105860E-07	2	0	
+1.192500E-07	2	0	
+1.204440E-07	2	0	
+1.284720E-07	2	0	
+1.218960E-07	2	0	
+1.067700E-07	2	0	
+1.209720E-07	2	0	
+1.240260E-07	2	0	
+1.377660E-07	2	0	
+1.368480E-07	2	0	
+1.209780E-07	2	0	
+1.245420E-07	2	0	
+1.324740E-07	2	0	
+1.274700E-07	2	0	
+1.451640E-07	2	0	
+1.350900E-07	2	0	
+1.218180E-07	2	0	
+1.390500E-07	2	0	
+1.428480E-07	2	0	
+1.362240E-07	2	0	
+1.515960E-07	2	0	
+1.181220E-07	2	0	
+1.409700E-07	2	0	
+1.239000E-07	2	0	
-3.054564E-06	3	8	
-3.623832E-06	3	8	
-1.637226E-06	3	0	
+1.688640E-07	1	0	
+1.313460E-07	1	0	
+1.180020E-07	1	0	
+1.385340E-07	1	0	
+1.210560E-07	1	0	
+1.136400E-07	1	0	
+1.167840E-07	1	0	
+1.296420E-07	1	0	
+1.331220E-07	1	0	
+1.192800E-07	1	0	
+1.357980E-07	1	0	
+1.251360E-07	1	0	
+1.159860E-07	1	0	
+1.399860E-07	1	0	
+1.147140E-07	1	0	
+1.068960E-07	1	0	
+1.060440E-07	1	0	
+1.321200E-07	1	0	
+1.290660E-07	1	0	
+1.569720E-07	1	0	
+1.314840E-07	1	0	
+1.225980E-07	1	0	
+1.480260E-07	1	0	
+1.682460E-07	1	0	
+1.275480E-07	1	0	
+1.356780E-07	1	0	
+1.310220E-07	1	0	
+3.152460E-06	4	8	
+3.673122E-06	4	8	
+1.794348E-06	4	0	
+7.658400E-08	2	0	
+1.013040E-07	2	0	
+1.144860E-07	2	0	
+9.285000E-08	2	0	
+1.159560E-07	2	0	
+1.146120E-07	2	0	
+1.108620E-07	2	0	
+1.174860E-07	2	0	
+1.179240E-07	2	0	
+1.232040E-07	2	0	
+1.109880E-07	2	0	
+1.227060E-07	2	0	
+1.231380E-07	2	0	
+1.128360E-07	2	0	
+1.365720E-07	2	0	
+1.308600E-07	2	0	
+1.540740E-07	2	0	
+1.258980E-07	2	0	
+1.399860E-07	2	0	
+1.409700E-07	2	0	
+1.444800E-07	2	0	
+1.402380E-07	2	0	
+1.251960E-07	2	0	
+1.426740E-07	2	0	
+1.103520E-07	2	0	
+1.264380E-07	2	0	
+1.195320E-07	2	0	
-3.053916E-06	3	8	
-3.623814E-06	3	8	
-1.622808E-06	3	0	
+1.834140E-07	1	0	
+1.482780E-07	1	0	
+1.180260E-07	1	0	
+1.536720E-07	1	0	
+1.351920E-07	1	0	
+1.626600E-07	1	0	
+1.480260E-07	1	0	
+1.340280E-07	1	0	
+1.504140E-07	1	0	
+1.788480E-07	1	0	
+1.440960E-07	1	0	
+1.471800E-07	1	0	
+1.616880E-07	1	0	
+1.479480E-07	1	0	
+1.364940E-07	1	0	
+1.321800E-07	1	0	
+1.407360E-07	1	0	
+1.451400E-07	1	0	
+1.231080E-07	1	0	
+1.423740E-07	1	0	
+1.069920E-07	1	0	
+1.437900E-07	1	0	
+1.160400E-07	1	0	
+1.261020E-07	1	0	
+1.162920E-07	1	0	
+1.350420E-07	1	0	
+1.330620E-07	1	0	
+3.149364E-06	4	8	
+3.673104E-06	4	8	
+1.791384E-06	4	0	
+8.173800E-08	2	0	
+1.070700E-07	2	0	
+1.186620E-07	2	0	
+1.173480E-07	2	0	
+1.093380E-07	2	0	
+9.796200E-08	2	0	
+1.033080E-07	2	0	
+1.187160E-07	2	0	
+1.025340E-07	2	0	
+1.074840E-07	2	0	
+1.106520E-07	2	0	
+8.739000E-08	2	0	
+9.842400E-08	2	0	
+9.390600E-08	2	0	
+9.067200E-08	2	0	
+1.067100E-07	2	0	
+9.449400E-08	2	0	
+1.041240E-07	2	0	
+8.557200E-08	2	0	
+9.592200E-08	2	0	
+9.987000E-08	2	0	
+1.184220E-07	2	0	
+1.209300E-07	2	0	
+1.314780E-07	2	0	
+1.252080E-07	2	0	
+1.261920E-07	2	0	
+9.345000E-08	2	0	
-3.063000E-06	3	8	
-3.623808E-06	3	8	
-1.627392E-06	3	0	
+1.576080E-07	1	0	
+1.446900E-07	1	0	
+1.089180E-07	1	0	
+1.120680E-07	1	0	
+1.325280E-07	1	0	
+1.262340E-07	1	0	
+1.350540E-07	1	0	
+1.246080E-07	1	0	
+1.310340E-07	1	0	
+1.302900E-07	1	0	
+1.255320E-07	1	0	
+1.231500E-07	1	0	
+1.056120E-07	1	0	
+1.121820E-07	1	0	
+1.116780E-07	1	0	
+1.260060E-07	1	0	
+1.170300E-07	1	0	
+1.392360E-07	1	0	
+1.250280E-07	1	0	
+1.218420E-07	1	0	
+1.525620E-07	1	0	
+1.567080E-07	1	0	
+1.700700E-07	1	0	
+1.576140E-07	1	0	
+1.853040E-07	1	0	
+1.661880E-07	1	0	
+1.547220E-07	1	0	
+3.154020E-06	4	8	
+3.673212E-06	4	8	
+1.814964E-06	4	0	
+1.344060E-07	2	0	
+1.444080E-07	2	0	
+1.311540E-07	2	0	
+1.271940E-07	2	0	
+1.759560E-07	2	0	
+1.725900E-07	2	0	
+1.560360E-07	2	0	
+1.596720E-07	2	0	
+1.726200E-07	2	0	
+1.688160E-07	2	0	
+1.638840E-07	2	0	
+1.557360E-07	2	0	
+1.819800E-07	2	0	
+1.624020E-07	2	0	
+1.943640E-07	2	0	
+1.725120E-07	2	0	
+1.821960E-07	2	0	
+1.587840E-07	2	0	
+1.927500E-07	2	0	
+1.888620E-07	2	0	
+1.500240E-07	2	0	
+1.861020E-07	2	0	
+1.635480E-07	2	0	
+1.714560E-07	2	0	
+1.599240E-07	2	0	
+1.659360E-07	2	0	
+1.367100E-07	2	0	
-3.052974E-06	3	8	
-3.623772E-06	3	8	
-1.622010E-06	3	0	
+1.917900E-07	1	0	
+1.531500E-07	1	0	
+1.353900E-07	1	0	
+1.196520E-07	1	0	
+1.480320E-07	1	0	
+1.374420E-07	1	0	
+1.334280E-07	1	0	
+1.485600E-07	1	0	
+1.482120E-07	1	0	
+1.499760E-07	1	0	
+1.166460E-07	1	0	
+1.285380E-07	1	0	
+1.554480E-07	1	0	
+1.019340E-07	1	0	
+1.122780E-07	1	0	
+1.129980E-07	1	0	
+1.282020E-07	1	0	
+1.012620E-07	1	0	
+1.038900E-07	1	0	
+1.036740E-07	1	0	
+1.094820E-07	1	0	
+1.431600E-07	1	0	
+1.381380E-07	1	0	
+1.211040E-07	1	0	
+9.718200E-08	1	0	
+1.264080E-07	1	0	
+1.053000E-07	1	0	
+3.146940E-06	4	8	
+3.673182E-06	4	8	
+1.787166E-06	4	0	
+6.381000E-08	2	0	
+1.273740E-07	2	0	
+1.135740E-07	2	0	
+1.237080E-07	2	0	
+1.278420E-07	2	0	
+1.252440E-07	2	0	
+1.246920E-07	2	0	
+1.076520E-07	2	0	
+1.134120E-07	2	0	
+1.320960E-07	2	0	
+1.208280E-07	2	0	
+1.172100E-07	2	0	
+1.137480E-07	2	0	
+1.346820E-07	2	0	
+1.059960E-07	2	0	
+1.216920E-07	2	0	
+1.151340E-07	2	0	
+1.175820E-07	2	0	
+1.229640E-07	2	0	
+1.245660E-07	2	0	
+9.591000E-08	2	0	
+1.175700E-07	2	0	
+1.062960E-07	2	0	
+1.127220E-07	2	0	
+9.760800E-08	2	0	
+1.277340E-07	2	0	
+1.338600E-07	2	0	
-3.054300E-06	3	8	
-3.623760E-06	3	8	
-1.635036E-06	3	0	
+1.629420E-07	1	0	
+1.235220E-07	1	0	
+1.312080E-07	1	0	
+1.387260E-07	1	0	
+1.437720E-07	1	0	
+1.435740E-07	1	0	
+1.417860E-07	1	0	
+1.403520E-07	1	0	
+1.401120E-07	1	0	
+1.104240E-07	1	0	
+1.420320E-07	1	0	
+1.272720E-07	1	0	
+1.368780E-07	1	0	
+1.311180E-07	1	0	
+1.253220E-07	1	0	
+1.543080E-07	1	0	
+1.193460E-07	1	0	
+1.357800E-07	1	0	
+1.420200E-07	1	0	
+1.568100E-07	1	0	
+1.303260E-07	1	0	
+1.147320E-07	1	0	
+1.190400E-07	1	0	
+1.085820E-07	1	0	
+1.015140E-07	1	0	
+1.304580E-07	1	0	
+1.011000E-07	1	0	
+3.147666E-06	4	8	
+3.673110E-06	4	8	
+1.787964E-06	4	0	
+6.756000E-08	2	0	
+1.183320E-07	2	0	
+9.999000E-08	2	0	
+1.046640E-07	2	0	
+1.074060E-07	2	0	
+1.013520E-07	2	0	
+1.171560E-07	2	0	
+1.270560E-07	2	0	
+1.351620E-07	2	0	
+1.241760E-07	2	0	
+1.284000E-07	2	0	
+1.302240E-07	2	0	
+1.527300E-07	2	0	
+1.307040E-07	2	0	
+1.118280E-07	2	0	
+1.241940E-07	2	0	
+1.288440E-07	2	0	
+1.328940E-07	2	0	
+1.158840E-07	2	0	
+1.283700E-07	2	0	
+1.103640E-07	2	0	
+1.211940E-07	2	0	
+1.145280E-07	2	0	
+1.013640E-07	2	0	
+1.300620E-07	2	0	
+1.181280E-07	2	0	
+1.074420E-07	2	0	
-3.061824E-06	3	8	
-3.623814E-06	3	8	
-1.638522E-06	3	0	
+1.512180E-07	1	0	
+1.168560E-07	1	0	
+1.166700E-07	1	0	
+1.155840E-07	1	0	
+9.499800E-08	1	0	
+1.211220E-07	1	0	
+1.217880E-07	1	0	
+9.766200E-08	1	0	
+1.159740E-07	1	0	
+1.149240E-07	1	0	
+1.360740E-07	1	0	
+1.237380E-07	1	0	
+1.319340E-07	1	0	
+1.298100E-07	1	0	
+1.381320E-07	1	0	
+1.426380E-07	1	0	
+8.925000E-08	1	0	
+1.335060E-07	1	0	
+1.320300E-07	1	0	
+1.233000E-07	1	0	
+1.019580E-07	1	0	
+1.186680E-07	1	0	
+1.257840E-07	1	0	
+1.244460E-07	1	0	
+1.130820E-07	1	0	
+1.127040E-07	1	0	
+1.055520E-07	1	0	
+3.144084E-06	4	8	
+3.673068E-06	4	8	
+1.768032E-06	4	0	
+4.563000E-08	2	0	
+1.100880E-07	2	0	
+1.042560E-07	2	0	
+8.894400E-08	2	0	
+1.128660E-07	2	0	
+1.046580E-07	2	0	
+1.017900E-07	2	0	
+1.180920E-07	2	0	
+1.009860E-07	2	0	
+9.931200E-08	2	0	
+1.004940E-07	2	0	
+1.157880E-07	2	0	
+1.132860E-07	2	0	
+1.216740E-07	2	0	
+1.250100E-07	2	0	
+1.204380E-07	2	0	
+1.267080E-07	2	0	
+1.207020E-07	2	0	
+1.274040E-07	2	0	
+1.219800E-07	2	0	
+1.335120E-07	2	0	
+1.079460E-07	2	0	
+1.106520E-07	2	0	
+1.196820E-07	2	0	
+1.232580E-07	2	0	
+1.461600E-07	2	0	
+1.058700E-07	2	0	
-3.056940E-06	3	8	
-3.623826E-06	3	8	
-1.640658E-06	3	0	
+1.727760E-07	1	0	
+1.094520E-07	1	0	
+1.261140E-07	1	0	
+1.220280E-07	1	0	
+1.054620E-07	1	0	
+1.050960E-07	1	0	
+1.043880E-07	1	0	
+1.139100E-07	1	0	
+1.144680E-07	1	0	
+1.134780E-07	1	0	
+1.057560E-07	1	0	
+1.203960E-07	1	0	
+9.318600E-08	1	0	
+1.123020E-07	1	0	
+1.158060E-07	1	0	
+1.333260E-07	1	0	
+1.221060E-07	1	0	
+1.221780E-07	1	0	
+1.271700E-07	1	0	
+1.369080E-07	1	0	
+1.415760E-07	1	0	
+1.267920E-07	1	0	
+1.332660E-07	1	0	
+1.229640E-07	1	0	
+1.186920E-07	1	0	
+1.293840E-07	1	0	
+1.411860E-07	1	0	
+3.149352E-06	4	8	
+3.673098E-06	4	8	
+1.792830E-06	4	0	
+7.491000E-08	2	0	
+7.914600E-08	2	0	
+1.119000E-07	2	0	
+1.121700E-07	2	0	
+1.020900E-07	2	0	
+1.013040E-07	2	0	
+1.236360E-07	2	0	
+1.067220E-07	2	0	
+1.140180E-07	2	0	
+1.416180E-07	2	0	
+1.196940E-07	2	0	
+1.234260E-07	2	0	
+8.986200E-08	2	0	
+9.042600E-08	2	0	
+1.138140E-07	2	0	
+8.299800E-08	2	0	
+1.160940E-07	2	0	
+1.135860E-07	2	0	
+1.203360E-07	2	0	
+1.106460E-07	2	0	
+1.291320E-07	2	0	
+1.325220E-07	2	0	
+1.079700E-07	2	0	
+1.256340E-07	2	0	
+1.303560E-07	2	0	
+1.378560E-07	2	0	
+1.007700E-07	2	0	
-3.053514E-06	3	8	
-3.623790E-06	3	8	
-1.634250E-06	3	0	
+1.897980E-07	1	0	
+1.416060E-07	1	0	
+1.434180E-07	1	0	
+1.406880E-07	1	0	
+1.167900E-07	1	0	
+1.122300E-07	1	0	
+1.157460E-07	1	0	
+1.307280E-07	1	0	
+1.319160E-07	1	0	
+1.173600E-07	1	0	
+1.231920E-07	1	0	
+1.347420E-07	1	0	
+1.311120E-07	1	0	
+1.217160E-07	1	0	
+1.204080E-07	1	0	
+1.211040E-07	1	0	
+1.446900E-07	1	0	
+1.228440E-07	1	0	
+1.228860E-07	1	0	
+1.329300E-07	1	0	
+1.446180E-07	1	0	
+1.329360E-07	1	0	
+1.519980E-07	1	0	
+1.498440E-07	1	0	
+1.583400E-07	1	0	
+1.286100E-07	1	0	
+1.524000E-07	1	0	
+3.149916E-06	4	8	
+3.673188E-06	4	8	
+1.804314E-06	4	0	
+1.051500E-07	2	0	
+1.150920E-07	2	0	
+1.411380E-07	2	0	
+1.273260E-07	2	0	
+1.428180E-07	2	0	
+1.144200E-07	2	0	
+1.085340E-07	2	0	
+1.223940E-07	2	0	
+1.201860E-07	2	0	
+1.138380E-07	2	0	
+1.285140E-07	2	0	
+1.123560E-07	2	0	
+1.313580E-07	2	0	
+9.447000E-08	2	0	
+1.075980E-07	2	0	
+1.299900E-07	2	0	
+1.284480E-07	2	0	
+1.205880E-07	2	0	
+1.344000E-07	2	0	
+1.281540E-07	2	0	
+1.090260E-07	2	0	
+8.779200E-08	2	0	
+9.585600E-08	2	0	
+1.263960E-07	2	0	
+1.490640E-07	2	0	
+1.109100E-07	2	0	
+1.418040E-07	2	0	
-3.058404E-06	3	8	
-3.623736E-06	3	8	
-1.623648E-06	3	0	
+1.673400E-07	1	0	
+1.507800E-07	1	0	
+1.356480E-07	1	0	
+1.434120E-07	1	0	
+1.464360E-07	1	0	
+1.317060E-07	1	0	
+1.712880E-07	1	0	
+1.409700E-07	1	0	
+1.475940E-07	1	0	
+1.427280E-07	1	0	
+1.277760E-07	1	0	
+1.285680E-07	1	0	
+1.205760E-07	1	0	
+1.369080E-07	1	0	
+1.353600E-07	1	0	
+1.336500E-07	1	0	
+1.263960E-07	1	0	
+1.174440E-07	1	0	
+1.374900E-07	1	0	
+1.331820E-07	1	0	
+1.126740E-07	1	0	
+1.275060E-07	1	0	
+1.479540E-07	1	0	
+1.153860E-07	1	0	
+1.238820E-07	1	0	
+1.211040E-07	1	0	
+1.430220E-07	1	0	
+3.154596E-06	4	8	
+3.673152E-06	4	8	
+1.802448E-06	4	0	
+9.609600E-08	2	0	
+1.365480E-07	2	0	
+1.393620E-07	2	0	
+1.254180E-07	2	0	
+1.269420E-07	2	0	
+1.317240E-07	2	0	
+1.294920E-07	2	0	
+1.101660E-07	2	0	
+1.377480E-07	2	0	
+1.387860E-07	2	0	
+1.281960E-07	2	0	
+1.287060E-07	2	0	
+1.108080E-07	2	0	
+1.159080E-07	2	0	
+1.316880E-07	2	0	
+1.259940E-07	2	0	
+1.406880E-07	2	0	
+1.233300E-07	2	0	
+1.264560E-07	2	0	
+1.288800E-07	2	0	
+1.260300E-07	2	0	
+9.949800E-08	2	0	
+1.196940E-07	2	0	
+1.243140E-07	2	0	
+1.130820E-07	2	0	
+1.179060E-07	2	0	
+1.384800E-07	2	0	
-3.056232E-06	3	8	
-3.623784E-06	3	8	
-1.614612E-06	3	0	
+2.055180E-07	1	0	
+1.462620E-07	1	0	
+1.666740E-07	1	0	
+1.613520E-07	1	0	
+1.470660E-07	1	0	
+1.487040E-07	1	0	
+1.671420E-07	1	0	
+1.309260E-07	1	0	
+1.467300E-07	1	0	
+1.525740E-07	1	0	
+1.407840E-07	1	0	
+1.489500E-07	1	0	
+1.335960E-07	1	0	
+1.609620E-07	1	0	
+1.519020E-07	1	0	
+1.289160E-07	1	0	
+1.339980E-07	1	0	
+1.324680E-07	1	0	
+1.299420E-07	1	0	
+1.215180E-07	1	0	
+1.206000E-07	1	0	
+1.183320E-07	1	0	
+1.453380E-07	1	0	
+1.366800E-07	1	0	
+1.497360E-07	1	0	
+1.359000E-07	1	0	
+1.361760E-07	1	0	
+3.148836E-06	4	8	
+3.673134E-06	4	8	
+1.802130E-06	4	0	
+8.065800E-08	2	0	
+1.185660E-07	2	0	
+1.313160E-07	2	0	
+1.299300E-07	2	0	
+1.368120E-07	2	0	
+1.287840E-07	2	0	
+1.405320E-07	2	0	
+1.268280E-07	2	0	
+1.247460E-07	2	0	
+1.490340E-07	2	0	
+1.503780E-07	2	0	
+1.230780E-07	2	0	
+1.282320E-07	2	0	
+1.549560E-07	2	0	
+1.414140E-07	2	0	
+1.459020E-07	2	0	
+1.422240E-07	2	0	
+1.516380E-07	2	0	
+1.383360E-07	2	0	
+1.352280E-07	2	0	
+1.250400E-07	2	0	
+1.178880E-07	2	0	
+1.206180E-07	2	0	
+1.245660E-07	2	0	
+1.176000E-07	2	0	
+1.236660E-07	2	0	
+1.182900E-07	2	0	
-3.050286E-06	3	8	
-3.623772E-06	3	8	
-1.620768E-06	3	0	
+1.541640E-07	1	0	
+1.337280E-07	1	0	
+1.134120E-07	1	0	
+1.081680E-07	1	0	
+1.515180E-07	1	0	
+1.341480E-07	1	0	
+1.287480E-07	1	0	
+1.292520E-07	1	0	
+1.452660E-07	1	0	
+1.254060E-07	1	0	
+1.311600E-07	1	0	
+1.281240E-07	1	0	
+1.344120E-07	1	0	
+1.236900E-07	1	0	
+1.325100E-07	1	0	
+1.242060E-07	1	0	
+1.499280E-07	1	0	
+1.437000E-07	1	0	
+1.248000E-07	1	0	
+1.435080E-07	1	0	
+1.296420E-07	1	0	
+1.375380E-07	1	0	
+1.302060E-07	1	0	
+1.214400E-07	1	0	
+1.158120E-07	1	0	
+1.074660E-07	1	0	
+1.216200E-07	1	0	
+3.136752E-06	4	8	
+3.673056E-06	4	8	
+1.785348E-06	4	0	
+5.624400E-08	2	0	
+1.071360E-07	2	0	
+1.058400E-07	2	0	
+1.039440E-07	2	0	
+8.682000E-08	2	0	
+1.004340E-07	2	0	
+9.133800E-08	2	0	
+1.301400E-07	2	0	
+1.348320E-07	2	0	
+1.307820E-07	2	0	
+1.318020E-07	2	0	
+1.355940E-07	2	0	
+9.811800E-08	2	0	
+1.170780E-07	2	0	
+1.140960E-07	2	0	
+1.321020E-07	2	0	
+1.146360E-07	2	0	
+1.318620E-07	2	0	
+1.435440E-07	2	0	
+1.082100E-07	2	0	
+1.207140E-07	2	0	
+1.208700E-07	2	0	
+9.623400E-08	2	0	
+1.309380E-07	2	0	
+1.011300E-07	2	0	
+8.895600E-08	2	0	
+9.590400E-08	2	0	
-3.066102E-06	3	8	
-3.623862E-06	3	8	
-1.632456E-06	3	0	
+1.525140E-07	1	0	
+1.203180E-07	1	0	
+8.451000E-08	1	0	
+1.255200E-07	1	0	
+1.246920E-07	1	0	
+1.091880E-07	1	0	
+1.008060E-07	1	0	
+1.031580E-07	1	0	
+1.158360E-07	1	0	
+1.180860E-07	1	0	
+1.194120E-07	1	0	
+1.158360E-07	1	0	
+1.135980E-07	1	0	
+1.312080E-07	1	0	
+1.101360E-07	1	0	
+1.425000E-07	1	0	
+1.203480E-07	1	0	
+9.366600E-08	1	0	
+1.430700E-07	1	0	
+1.430880E-07	1	0	
+1.186380E-07	1	0	
+1.260240E-07	1	0	
+1.145460E-07	1	0	
+1.119900E-07	1	0	
+1.389960E-07	1	0	
+1.275960E-07	1	0	
+9.904800E-08	1	0	
+3.134316E-06	4	8	
+3.673044E-06	4	8	
+1.774932E-06	4	0	
+4.733400E-08	2	0	
+7.098000E-08	2	0	
+8.184000E-08	2	0	
+8.588400E-08	2	0	
+8.621400E-08	2	0	
+7.763400E-08	2	0	
+8.591400E-08	2	0	
+8.307600E-08	2	0	
+6.705600E-08	2	0	
+9.085200E-08	2	0	
+1.207680E-07	2	0	
+1.009680E-07	2	0	
+6.888000E-08	2	0	
+7.814400E-08	2	0	
+1.169520E-07	2	0	
+9.498000E-08	2	0	
+1.021680E-07	2	0	
+1.253280E-07	2	0	
+1.141620E-07	2	0	
+1.278180E-07	2	0	
+1.266900E-07	2	0	
+1.182180E-07	2	0	
+1.104900E-07	2	0	
+1.225800E-07	2	0	
+1.252800E-07	2	0	
+1.395300E-07	2	0	
+1.421760E-07	2	0	
-3.057252E-06	3	8	
-3.623790E-06	3	8	
-1.640064E-06	3	0	
+1.323060E-07	1	0	
+1.360680E-07	1	0	
+1.305600E-07	1	0	
+1.960440E-07	1	0	
+1.825800E-07	1	0	
+1.298220E-07	1	0	
+1.287360E-07	1	0	
+1.378860E-07	1	0	
+1.201920E-07	1	0	
+1.198200E-07	1	0	
+1.378560E-07	1	0	
+1.276320E-07	1	0	
+1.371240E-07	1	0	
+1.037820E-07	1	0	
+1.104960E-07	1	0	
+1.015200E-07	1	0	
+1.119780E-07	1	0	
+1.333500E-07	1	0	
+1.183620E-07	1	0	
+1.308720E-07	1	0	
+1.348800E-07	1	0	
+1.316700E-07	1	0	
+1.447200E-07	1	0	
+1.282260E-07	1	0	
+1.400460E-07	1	0	
+1.114380E-07	1	0	
+1.247160E-07	1	0	
+3.148110E-06	4	8	
+3.673134E-06	4	8	
+1.792962E-06	4	0	
+5.227800E-08	2	0	
+1.154880E-07	2	0	
+1.033860E-07	2	0	
+9.847200E-08	2	0	
+1.231320E-07	2	0	
+1.107480E-07	2	0	
+8.108400E-08	2	0	
+1.149420E-07	2	0	
+1.249080E-07	2	0	
+1.290180E-07	2	0	
+1.026060E-07	2	0	
+1.147200E-07	2	0	
+1.148640E-07	2	0	
+1.133940E-07	2	0	
+1.358520E-07	2	0	
+1.314780E-07	2	0	
+1.209120E-07	2	0	
+1.052700E-07	2	0	
+9.953400E-08	2	0	
+1.293600E-07	2	0	
+1.345260E-07	2	0	
+1.253220E-07	2	0	
+1.162860E-07	2	0	
+1.110420E-07	2	0	
+1.185840E-07	2	0	
+1.361520E-07	2	0	
+1.425720E-07	2	0	
-3.049860E-06	3	8	
-3.623802E-06	3	8	
-1.616166E-06	3	0	
+1.604280E-07	1	0	
+1.386000E-07	1	0	
+1.428960E-07	1	0	
+1.497300E-07	1	0	
+1.362240E-07	1	0	
+1.362000E-07	1	0	
+1.338720E-07	1	0	
+1.135200E-07	1	0	
+1.135080E-07	1	0	
+1.181340E-07	1	0	
+1.285560E-07	1	0	
+1.152900E-07	1	0	
+1.263780E-07	1	0	
+1.174920E-07	1	0	
+1.350240E-07	1	0	
+1.122420E-07	1	0	
+1.094700E-07	1	0	
+1.175700E-07	1	0	
+1.256760E-07	1	0	
+1.214820E-07	1	0	
+1.209780E-07	1	0	
+1.154340E-07	1	0	
+1.281000E-07	1	0	
+1.182600E-07	1	0	
+1.403460E-07	1	0	
+1.342380E-07	1	0	
+1.430760E-07	1	0	
+3.151206E-06	4	8	
+3.673152E-06	4	8	
+1.797732E-06	4	0	
+8.523600E-08	2	0	
+1.250220E-07	2	0	
+1.248120E-07	2	0	
+1.223640E-07	2	0	
+1.276620E-07	2	0	
+1.320840E-07	2	0	
+1.251720E-07	2	0	
+1.249260E-07	2	0	
+1.101060E-07	2	0	
+1.144080E-07	2	0	
+1.160340E-07	2	0	
+1.277580E-07	2	0	
+1.127160E-07	2	0	
+1.083660E-07	2	0	
+1.062900E-07	2	0	
+1.231980E-07	2	0	
+1.258500E-07	2	0	
+1.178520E-07	2	0	
+1.094040E-07	2	0	
+1.161540E-07	2	0	
+1.122420E-07	2	0	
+1.101120E-07	2	0	
+1.126440E-07	2	0	
+1.005900E-07	2	0	
+1.152360E-07	2	0	
+1.216140E-07	2	0	
+1.334340E-07	2	0	
-3.050238E-06	3	8	
-3.623820E-06	3	8	
-1.614072E-06	3	0	
+1.873860E-07	1	0	
+1.587960E-07	1	0	
+1.521240E-07	1	0	
+1.388220E-07	1	0	
+1.493640E-07	1	0	
+1.390020E-07	1	0	
+1.387800E-07	1	0	
+1.498920E-07	1	0	
+1.536900E-07	1	0	
+1.472760E-07	1	0	
+1.438800E-07	1	0	
+1.249320E-07	1	0	
+1.138860E-07	1	0	
+1.227240E-07	1	0	
+1.167060E-07	1	0	
+1.339080E-07	1	0	
+1.286700E-07	1	0	
+1.444800E-07	1	0	
+1.672200E-07	1	0	
+1.453320E-07	1	0	
+1.230120E-07	1	0	
+1.302060E-07	1	0	
+1.224780E-07	1	0	
+1.261740E-07	1	0	
+1.176900E-07	1	0	
+1.372320E-07	1	0	
+1.320720E-07	1	0	
+3.149322E-06	4	8	
+3.673170E-06	4	8	
+1.805766E-06	4	0	
+8.072400E-08	2	0	
+1.276380E-07	2	0	
+1.256820E-07	2	0	
+1.307340E-07	2	0	
+1.311600E-07	2	0	
+1.230540E-07	2	0	
+1.245120E-07	2	0	
+1.241760E-07	2	0	
+1.494480E-07	2	0	
+1.549080E-07	2	0	
+1.290300E-07	2	0	
+1.265700E-07	2	0	
+1.328940E-07	2	0	
+1.339020E-07	2	0	
+1.178880E-07	2	0	
+1.196460E-07	2	0	
+1.163520E-07	2	0	
+1.271820E-07	2	0	
+1.155840E-07	2	0	
+1.238820E-07	2	0	
+1.233360E-07	2	0	
+1.128120E-07	2	0	
+1.266900E-07	2	0	
+1.129260E-07	2	0	
+1.164480E-07	2	0	
+1.113240E-07	2	0	
+1.116000E-07	2	0	
-3.057960E-06	3	8	
-3.623784E-06	3	8	
-1.620996E-06	3	0	
+2.018400E-07	1	0	
+1.522320E-07	1	0	
+1.598040E-07	1	0	
+1.322760E-07	1	0	
+1.487820E-07	1	0	
+1.521300E-07	1	0	
+1.487220E-07	1	0	
+1.410720E-07	1	0	
+1.429500E-07	1	0	
+1.540680E-07	1	0	
+1.481280E-07	1	0	
+1.666800E-07	1	0	
+1.581960E-07	1	0	
+1.559160E-07	1	0	
+1.668900E-07	1	0	
+1.575480E-07	1	0	
+1.619100E-07	1	0	
+1.430940E-07	1	0	
+1.525500E-07	1	0	
+1.339620E-07	1	0	
+1.464240E-07	1	0	
+1.293300E-07	1	0	
+1.331760E-07	1	0	
+1.423020E-07	1	0	
+1.402440E-07	1	0	
+1.457100E-07	1	0	
+1.431840E-07	1	0	
+3.153312E-06	4	8	
+3.673158E-06	4	8	
+1.795464E-06	4	0	
+9.057600E-08	2	0	
+1.208580E-07	2	0	
+1.270500E-07	2	0	
+1.437240E-07	2	0	
+1.488360E-07	2	0	
+1.277700E-07	2	0	
+1.563540E-07	2	0	
+1.369380E-07	2	0	
+1.419660E-07	2	0	
+1.458300E-07	2	0	
+1.469580E-07	2	0	
+1.445400E-07	2	0	
+1.589160E-07	2	0	
+1.385640E-07	2	0	
+1.419480E-07	2	0	
+1.407000E-07	2	0	
+1.414800E-07	2	0	
+1.359660E-07	2	0	
+1.385400E-07	2	0	
+1.351260E-07	2	0	
+1.237200E-07	2	0	
+1.253940E-07	2	0	
+1.269480E-07	2	0	
+1.279500E-07	2	0	
+1.176900E-07	2	0	
+1.286880E-07	2	0	
+1.265880E-07	2	0	
-3.054702E-06	3	8	
-3.623808E-06	3	8	
-1.620558E-06	3	0	
+1.801860E-07	1	0	
+1.485360E-07	1	0	
+1.176720E-07	1	0	
+1.451700E-07	1	0	
+1.423260E-07	1	0	
+1.334700E-07	1	0	
+1.377060E-07	1	0	
+1.493160E-07	1	0	
+1.561800E-07	1	0	
+1.551900E-07	1	0	
+1.563120E-07	1	0	
+1.446720E-07	1	0	
+1.531380E-07	1	0	
+1.406160E-07	1	0	
+1.463400E-07	1	0	
+1.455840E-07	1	0	
+1.250940E-07	1	0	
+1.689540E-07	1	0	
+1.633020E-07	1	0	
+1.611060E-07	1	0	
+1.466340E-07	1	0	
+1.487940E-07	1	0	
+1.341720E-07	1	0	
+1.260360E-07	1	0	
+1.847460E-07	1	0	
+1.531080E-07	1	0	
+1.146540E-07	1	0	
+3.148146E-06	4	8	
+3.673170E-06	4	8	
+1.812090E-06	4	0	
+8.771400E-08	2	0	
+1.329840E-07	2	0	
+1.195620E-07	2	0	
+1.436700E-07	2	0	
+1.268520E-07	2	0	
+1.282080E-07	2	0	
+1.203840E-07	2	0	
+1.144560E-07	2	0	
+1.475160E-07	2	0	
+1.350540E-07	2	0	
+1.353060E-07	2	0	
+1.483440E-07	2	0	
+1.561440E-07	2	0	
+1.547040E-07	2	0	
+1.583940E-07	2	0	
+1.475820E-07	2	0	
+1.371300E-07	2	0	
+1.469220E-07	2	0	
+1.581360E-07	2	0	
+1.657560E-07	2	0	
+1.548300E-07	2	0	
+1.405200E-07	2	0	
+1.323600E-07	2	0	
+1.243020E-07	2	0	
+1.404420E-07	2	0	
+1.163400E-07	2	0	
+1.438500E-07	2	0	
-3.048024E-06	3	8	
-3.623682E-06	3	8	
-1.591452E-06	3	0	
+2.021640E-07	1	0	
+1.928880E-07	1	0	
+1.636500E-07	1	0	
+1.817400E-07	1	0	
+1.512840E-07	1	0	
+1.534320E-07	1	0	
+1.557540E-07	1	0	
+1.552200E-07	1	0	
+1.424700E-07	1	0	
+1.470540E-07	1	0	
+1.616880E-07	1	0	
+1.532340E-07	1	0	
+1.266000E-07	1	0	
+1.726080E-07	1	0	
+1.866120E-07	1	0	
+1.188240E-07	1	0	
+1.632600E-07	1	0	
+1.613520E-07	1	0	
+1.793820E-07	1	0	
+1.676940E-07	1	0	
+1.637820E-07	1	0	
+1.578420E-07	1	0	
+1.334040E-07	1	0	
+1.436100E-07	1	0	
+1.425000E-07	1	0	
+1.646700E-07	1	0	
+1.509300E-07	1	0	
+3.156978E-06	4	8	
+3.673098E-06	4	8	
+1.799814E-06	4	0	
+7.469400E-08	2	0	
+1.185480E-07	2	0	
+1.344840E-07	2	0	
+1.273080E-07	2	0	
+1.209720E-07	2	0	
+1.226700E-07	2	0	
+1.157460E-07	2	0	
+1.250880E-07	2	0	
+1.187940E-07	2	0	
+1.057500E-07	2	0	
+1.096320E-07	2	0	
+1.157100E-07	2	0	
+1.217940E-07	2	0	
+9.253200E-08	2	0	
+1.129260E-07	2	0	
+1.256700E-07	2	0	
+1.269900E-07	2	0	
+1.273800E-07	2	0	
+1.119240E-07	2	0	
+1.177620E-07	2	0	
+1.239240E-07	2	0	
+1.062720E-07	2	0	
+1.247520E-07	2	0	
+1.007280E-07	2	0	
+1.126560E-07	2	0	
+1.177920E-07	2	0	
+1.284300E-07	2	0	
-3.050628E-06	3	8	
-3.623844E-06	3	8	
