start date: 	2023-08-14
start time: 	14.40.11
stop date: 	2023-08-14
stop time: 	15.01.20
com rel. humid (%):	33.8
com temp (°C):	29.08
cn temp (°C):	31.12
nv temp (°C):	35.31
bvd averages: 	     20
remarks: 	CCC probe connected to GaAs probe, GaAs 8 V+=Red, V-=Wht, I+=Wht, I-=Blk, B = 11.56 T (84.4 A), Psample = 3.0 - 4.0e-3 mbar, using 4G power supply
R1 Info: 	NIST-QHRGaAs13k-8
R2 Info: 	F005A
data filepath: 	M:\MagniconData\CCCViewerData\cccviewer_measure\2023-08-14_CCC\230814_002_1440.txt
config filepath: 	M:\MagniconData\CCCViewerData\cccviewer_measure\2023-08-14_CCC\230814_002_1440_cccdrive.cfg
time base (Hz): 	60
integration time (time base multiples):	60
number of samples per half cycle: 	30
ignored first samples: 	14
ignored last samples: 	0
amplifier gain: 	1000000
delta N1/NA (mTurns): 	26.084612589
delta (I2*R2) (V): 	1.000030519
N1 (Turns):	2065
N2 (Turns):	16
NA (Turns):	1
R1 (Ohm): 	12906.404000
R2 (Ohm): 	100.000000

data(V)	phase	error
+2.242140E-07	1	0	
+2.224140E-07	1	0	
+2.279460E-07	1	0	
+2.119440E-07	1	0	
+2.180040E-07	1	0	
+2.251680E-07	1	0	
+2.344260E-07	1	0	
+2.265180E-07	1	0	
+2.242560E-07	1	0	
+2.267580E-07	1	0	
+2.375160E-07	1	0	
+2.364900E-07	1	0	
+2.354880E-07	1	0	
+2.364540E-07	1	0	
+2.328120E-07	1	0	
+2.267520E-07	1	0	
+2.254140E-07	1	0	
+2.213160E-07	1	0	
+2.261040E-07	1	0	
+2.240580E-07	1	0	
+2.202600E-07	1	0	
+2.129700E-07	1	0	
+2.068140E-07	1	0	
+2.055180E-07	1	0	
+2.127360E-07	1	0	
+2.107380E-07	1	0	
+2.057100E-07	1	0	
+2.031000E-07	1	0	
+1.015746E-06	4	0	
+1.378002E-06	4	0	
+5.867820E-07	4	0	
+2.091840E-07	2	0	
+2.063520E-07	2	0	
+2.028300E-07	2	0	
+1.875720E-07	2	0	
+1.886280E-07	2	0	
+1.908120E-07	2	0	
+1.888320E-07	2	0	
+1.988940E-07	2	0	
+1.944480E-07	2	0	
+1.863300E-07	2	0	
+1.972440E-07	2	0	
+1.909140E-07	2	0	
+1.913760E-07	2	0	
+2.095320E-07	2	0	
+2.026320E-07	2	0	
+2.056200E-07	2	0	
+2.052360E-07	2	0	
+2.027700E-07	2	0	
+2.147160E-07	2	0	
+2.245500E-07	2	0	
+2.089980E-07	2	0	
+2.177520E-07	2	0	
+2.176620E-07	2	0	
+2.152320E-07	2	0	
+2.097600E-07	2	0	
+2.140620E-07	2	0	
+2.043420E-07	2	0	
-6.068040E-07	3	0	
-9.575760E-07	3	0	
-1.816680E-07	3	0	
+2.184840E-07	1	0	
+2.052420E-07	1	0	
+2.104260E-07	1	0	
+2.166120E-07	1	0	
+2.053800E-07	1	0	
+2.250720E-07	1	0	
+2.185020E-07	1	0	
+2.114220E-07	1	0	
+2.134620E-07	1	0	
+2.127120E-07	1	0	
+2.153220E-07	1	0	
+2.172300E-07	1	0	
+2.093100E-07	1	0	
+2.130240E-07	1	0	
+2.153820E-07	1	0	
+2.188440E-07	1	0	
+2.110560E-07	1	0	
+2.117820E-07	1	0	
+2.090940E-07	1	0	
+2.077140E-07	1	0	
+2.254740E-07	1	0	
+2.154120E-07	1	0	
+2.087220E-07	1	0	
+2.064660E-07	1	0	
+2.144640E-07	1	0	
+2.207940E-07	1	0	
+2.174160E-07	1	0	
+1.026000E-06	4	0	
+1.386072E-06	4	0	
+6.042060E-07	4	0	
+2.176320E-07	2	0	
+2.207040E-07	2	0	
+2.203980E-07	2	0	
+2.274840E-07	2	0	
+2.275620E-07	2	0	
+2.417520E-07	2	0	
+2.331300E-07	2	0	
+2.275020E-07	2	0	
+2.381100E-07	2	0	
+2.431380E-07	2	0	
+2.350920E-07	2	0	
+2.326560E-07	2	0	
+2.359500E-07	2	0	
+2.340960E-07	2	0	
+2.404020E-07	2	0	
+2.485500E-07	2	0	
+2.418720E-07	2	0	
+2.479080E-07	2	0	
+2.485440E-07	2	0	
+2.469240E-07	2	0	
+2.406420E-07	2	0	
+2.425140E-07	2	0	
+2.445000E-07	2	0	
+2.478180E-07	2	0	
+2.559540E-07	2	0	
+2.492340E-07	2	0	
+2.371440E-07	2	0	
-5.563380E-07	3	0	
-9.154680E-07	3	0	
-1.268100E-07	3	0	
+2.463960E-07	1	0	
+2.498040E-07	1	0	
+2.607480E-07	1	0	
+2.632320E-07	1	0	
+2.530740E-07	1	0	
+2.654340E-07	1	0	
+2.523900E-07	1	0	
+2.557020E-07	1	0	
+2.526120E-07	1	0	
+2.402460E-07	1	0	
+2.470620E-07	1	0	
+2.420220E-07	1	0	
+2.485140E-07	1	0	
+2.370120E-07	1	0	
+2.409780E-07	1	0	
+2.570580E-07	1	0	
+2.436960E-07	1	0	
+2.481060E-07	1	0	
+2.294580E-07	1	0	
+2.315700E-07	1	0	
+2.359200E-07	1	0	
+2.134020E-07	1	0	
+2.338440E-07	1	0	
+2.225820E-07	1	0	
+2.243100E-07	1	0	
+2.262420E-07	1	0	
+2.226480E-07	1	0	
+1.037232E-06	4	0	
+1.383852E-06	4	0	
+5.971560E-07	4	0	
+2.190360E-07	2	0	
+2.229960E-07	2	0	
+2.194920E-07	2	0	
+2.068140E-07	2	0	
+2.183100E-07	2	0	
+2.244780E-07	2	0	
+2.203800E-07	2	0	
+2.337120E-07	2	0	
+2.285460E-07	2	0	
+2.340780E-07	2	0	
+2.430180E-07	2	0	
+2.308200E-07	2	0	
+2.323800E-07	2	0	
+2.251080E-07	2	0	
+2.345760E-07	2	0	
+2.386020E-07	2	0	
+2.433060E-07	2	0	
+2.426580E-07	2	0	
+2.339280E-07	2	0	
+2.373780E-07	2	0	
+2.350320E-07	2	0	
+2.431380E-07	2	0	
+2.402400E-07	2	0	
+2.234160E-07	2	0	
+2.409300E-07	2	0	
+2.310780E-07	2	0	
+2.345160E-07	2	0	
-5.754120E-07	3	0	
-9.432000E-07	3	0	
-1.566660E-07	3	0	
+2.200500E-07	1	0	
+2.291280E-07	1	0	
+2.187360E-07	1	0	
+2.202960E-07	1	0	
+2.252100E-07	1	0	
+2.200080E-07	1	0	
+2.311980E-07	1	0	
+2.185260E-07	1	0	
+2.192040E-07	1	0	
+2.309220E-07	1	0	
+2.289780E-07	1	0	
+2.332380E-07	1	0	
+2.274060E-07	1	0	
+2.373420E-07	1	0	
+2.350140E-07	1	0	
+2.310600E-07	1	0	
+2.420880E-07	1	0	
+2.415300E-07	1	0	
+2.525520E-07	1	0	
+2.411640E-07	1	0	
+2.438280E-07	1	0	
+2.510700E-07	1	0	
+2.577000E-07	1	0	
+2.493780E-07	1	0	
+2.523000E-07	1	0	
+2.587860E-07	1	0	
+2.643900E-07	1	0	
+1.071744E-06	4	0	
+1.446960E-06	4	0	
+6.444720E-07	4	0	
+2.755140E-07	2	0	
+2.730180E-07	2	0	
+2.741760E-07	2	0	
+2.758020E-07	2	0	
+2.629500E-07	2	0	
+2.703120E-07	2	0	
+2.662860E-07	2	0	
+2.729400E-07	2	0	
+2.714160E-07	2	0	
+2.752560E-07	2	0	
+2.745540E-07	2	0	
+2.712300E-07	2	0	
+2.721840E-07	2	0	
+2.747220E-07	2	0	
+2.686320E-07	2	0	
+2.739660E-07	2	0	
+2.804040E-07	2	0	
+2.849880E-07	2	0	
+2.786700E-07	2	0	
+2.806560E-07	2	0	
+2.855880E-07	2	0	
+2.754840E-07	2	0	
+2.807220E-07	2	0	
+2.914740E-07	2	0	
+2.869500E-07	2	0	
+2.800080E-07	2	0	
+2.791920E-07	2	0	
-5.340420E-07	3	0	
-9.115500E-07	3	0	
-1.275960E-07	3	0	
+2.659380E-07	1	0	
+2.555700E-07	1	0	
+2.764320E-07	1	0	
+2.545620E-07	1	0	
+2.620980E-07	1	0	
+2.691780E-07	1	0	
+2.627940E-07	1	0	
+2.675640E-07	1	0	
+2.585040E-07	1	0	
+2.776800E-07	1	0	
+2.754240E-07	1	0	
+2.523960E-07	1	0	
+2.645280E-07	1	0	
+2.609520E-07	1	0	
+2.709060E-07	1	0	
+2.640360E-07	1	0	
+2.686440E-07	1	0	
+2.699760E-07	1	0	
+2.748360E-07	1	0	
+2.597280E-07	1	0	
+2.594340E-07	1	0	
+2.625060E-07	1	0	
+2.678760E-07	1	0	
+2.730600E-07	1	0	
+2.741520E-07	1	0	
+2.747160E-07	1	0	
+2.719080E-07	1	0	
+1.084614E-06	4	0	
+1.444620E-06	4	0	
+6.480180E-07	4	0	
+2.755440E-07	2	0	
+2.786940E-07	2	0	
+2.759280E-07	2	0	
+2.732220E-07	2	0	
+2.706060E-07	2	0	
+2.758560E-07	2	0	
+2.754780E-07	2	0	
+2.683560E-07	2	0	
+2.732580E-07	2	0	
+2.818200E-07	2	0	
+2.719380E-07	2	0	
+2.753220E-07	2	0	
+2.792400E-07	2	0	
+2.904720E-07	2	0	
+2.980020E-07	2	0	
+3.105120E-07	2	0	
+3.183540E-07	2	0	
+3.067560E-07	2	0	
+3.137940E-07	2	0	
+3.168300E-07	2	0	
+3.217500E-07	2	0	
+3.170580E-07	2	0	
+3.218400E-07	2	0	
+3.186300E-07	2	0	
+3.166800E-07	2	0	
+3.171120E-07	2	0	
+3.150960E-07	2	0	
-4.902960E-07	3	0	
-8.585400E-07	3	0	
-7.622400E-08	3	0	
+3.162480E-07	1	0	
+3.086340E-07	1	0	
+3.112920E-07	1	0	
+3.106080E-07	1	0	
+3.034680E-07	1	0	
+3.127200E-07	1	0	
+3.196140E-07	1	0	
+3.064740E-07	1	0	
+3.194340E-07	1	0	
+3.060900E-07	1	0	
+3.075180E-07	1	0	
+3.034980E-07	1	0	
+3.118080E-07	1	0	
+2.977860E-07	1	0	
+3.089820E-07	1	0	
+2.979660E-07	1	0	
+3.032580E-07	1	0	
+2.983140E-07	1	0	
+2.922180E-07	1	0	
+3.055080E-07	1	0	
+3.043440E-07	1	0	
+3.113340E-07	1	0	
+3.016860E-07	1	0	
+3.206220E-07	1	0	
+3.227640E-07	1	0	
+3.106560E-07	1	0	
+3.085080E-07	1	0	
+1.124286E-06	4	0	
+1.494504E-06	4	0	
+6.863100E-07	4	0	
+3.166800E-07	2	0	
+3.121620E-07	2	0	
+3.189420E-07	2	0	
+3.169020E-07	2	0	
+3.100380E-07	2	0	
+3.061320E-07	2	0	
+3.091800E-07	2	0	
+3.165780E-07	2	0	
+3.178200E-07	2	0	
+3.183300E-07	2	0	
+3.188880E-07	2	0	
+3.083760E-07	2	0	
+3.165720E-07	2	0	
+3.152400E-07	2	0	
+3.179460E-07	2	0	
+3.172080E-07	2	0	
+3.209040E-07	2	0	
+3.170880E-07	2	0	
+3.290100E-07	2	0	
+3.153180E-07	2	0	
+3.138540E-07	2	0	
+3.062880E-07	2	0	
+3.170520E-07	2	0	
+3.185640E-07	2	0	
+3.040680E-07	2	0	
+3.135480E-07	2	0	
+3.109740E-07	2	0	
-5.031780E-07	3	0	
-8.656020E-07	3	0	
-6.421200E-08	3	0	
+3.096780E-07	1	0	
+3.075480E-07	1	0	
+3.132120E-07	1	0	
+3.075780E-07	1	0	
+3.090660E-07	1	0	
+3.108240E-07	1	0	
+3.068700E-07	1	0	
+2.994960E-07	1	0	
+2.950260E-07	1	0	
+3.126240E-07	1	0	
+2.994540E-07	1	0	
+3.097740E-07	1	0	
+2.987700E-07	1	0	
+2.996040E-07	1	0	
+2.994840E-07	1	0	
+3.046020E-07	1	0	
+2.934780E-07	1	0	
+2.949840E-07	1	0	
+2.904120E-07	1	0	
+2.905740E-07	1	0	
+2.954220E-07	1	0	
+2.936220E-07	1	0	
+2.994000E-07	1	0	
+2.975400E-07	1	0	
+2.915160E-07	1	0	
+2.896380E-07	1	0	
+3.111780E-07	1	0	
+1.119858E-06	4	0	
+1.479270E-06	4	0	
+6.876240E-07	4	0	
+3.164460E-07	2	0	
+2.991600E-07	2	0	
+3.019080E-07	2	0	
+3.125520E-07	2	0	
+3.235740E-07	2	0	
+3.124740E-07	2	0	
+3.081420E-07	2	0	
+3.100320E-07	2	0	
+3.171060E-07	2	0	
+3.088080E-07	2	0	
+2.930460E-07	2	0	
+2.781600E-07	2	0	
+2.920740E-07	2	0	
+2.902080E-07	2	0	
+3.049860E-07	2	0	
+3.053820E-07	2	0	
+2.991600E-07	2	0	
+2.955240E-07	2	0	
+2.895480E-07	2	0	
+2.989320E-07	2	0	
+2.910840E-07	2	0	
+2.822640E-07	2	0	
+2.870280E-07	2	0	
+2.917800E-07	2	0	
+2.790480E-07	2	0	
+2.782800E-07	2	0	
+2.800260E-07	2	0	
-5.348280E-07	3	0	
-9.003360E-07	3	0	
-9.485400E-08	3	0	
+2.896980E-07	1	0	
+2.894760E-07	1	0	
+3.014340E-07	1	0	
+2.885760E-07	1	0	
+2.840160E-07	1	0	
+2.882280E-07	1	0	
+2.845980E-07	1	0	
+2.865960E-07	1	0	
+2.865180E-07	1	0	
+2.858820E-07	1	0	
+2.891400E-07	1	0	
+2.853420E-07	1	0	
+2.987520E-07	1	0	
+2.934720E-07	1	0	
+2.930400E-07	1	0	
+2.926980E-07	1	0	
+2.905740E-07	1	0	
+3.036480E-07	1	0	
+3.003720E-07	1	0	
+2.992680E-07	1	0	
+2.998920E-07	1	0	
+2.940600E-07	1	0	
+2.989680E-07	1	0	
+3.052140E-07	1	0	
+3.003480E-07	1	0	
+2.921760E-07	1	0	
+3.046140E-07	1	0	
+1.106652E-06	4	0	
+1.469826E-06	4	0	
+6.796980E-07	4	0	
+3.035640E-07	2	0	
+3.074280E-07	2	0	
+2.971620E-07	2	0	
+3.075960E-07	2	0	
+2.956320E-07	2	0	
+2.967960E-07	2	0	
+3.125100E-07	2	0	
+3.000120E-07	2	0	
+3.164280E-07	2	0	
+3.019860E-07	2	0	
+2.980740E-07	2	0	
+2.991600E-07	2	0	
+3.018840E-07	2	0	
+3.087720E-07	2	0	
+3.009180E-07	2	0	
+3.148500E-07	2	0	
+2.996580E-07	2	0	
+3.015240E-07	2	0	
+3.076440E-07	2	0	
+3.097020E-07	2	0	
+3.107940E-07	2	0	
+3.148800E-07	2	0	
+3.099840E-07	2	0	
+3.066300E-07	2	0	
+3.148560E-07	2	0	
+3.109800E-07	2	0	
+3.141540E-07	2	0	
-4.872960E-07	3	0	
-8.529060E-07	3	0	
-6.095400E-08	3	0	
+3.150120E-07	1	0	
+3.157980E-07	1	0	
+3.145620E-07	1	0	
+3.198960E-07	1	0	
+3.141360E-07	1	0	
+3.075660E-07	1	0	
+3.226380E-07	1	0	
+3.289800E-07	1	0	
+3.177180E-07	1	0	
+3.122100E-07	1	0	
+3.083400E-07	1	0	
+3.162660E-07	1	0	
+3.085740E-07	1	0	
+3.194100E-07	1	0	
+3.263640E-07	1	0	
+3.213600E-07	1	0	
+3.185640E-07	1	0	
+3.098760E-07	1	0	
+3.127380E-07	1	0	
+3.056400E-07	1	0	
+3.194880E-07	1	0	
+3.055500E-07	1	0	
+3.037860E-07	1	0	
+3.049080E-07	1	0	
+3.155280E-07	1	0	
+3.229560E-07	1	0	
+3.145500E-07	1	0	
+1.135458E-06	4	0	
+1.490022E-06	4	0	
+7.000740E-07	4	0	
+3.219180E-07	2	0	
+3.236280E-07	2	0	
+3.179400E-07	2	0	
+3.258360E-07	2	0	
+3.073020E-07	2	0	
+3.133260E-07	2	0	
+3.195000E-07	2	0	
+3.175980E-07	2	0	
+3.112740E-07	2	0	
+3.142320E-07	2	0	
+3.134880E-07	2	0	
+3.085920E-07	2	0	
+3.113760E-07	2	0	
+3.117420E-07	2	0	
+3.173220E-07	2	0	
+3.120960E-07	2	0	
+3.185880E-07	2	0	
+3.128220E-07	2	0	
+3.213720E-07	2	0	
+3.264060E-07	2	0	
+3.244980E-07	2	0	
+3.314400E-07	2	0	
+3.278460E-07	2	0	
+3.386820E-07	2	0	
+3.330000E-07	2	0	
+3.403800E-07	2	0	
+3.384660E-07	2	0	
-4.759320E-07	3	0	
-8.409660E-07	3	0	
-4.168200E-08	3	0	
+3.375180E-07	1	0	
+3.378900E-07	1	0	
+3.460800E-07	1	0	
+3.361740E-07	1	0	
+3.305340E-07	1	0	
+3.246840E-07	1	0	
+3.322140E-07	1	0	
+3.238740E-07	1	0	
+3.276540E-07	1	0	
+3.234960E-07	1	0	
+3.283620E-07	1	0	
+3.167760E-07	1	0	
+3.214440E-07	1	0	
+3.165300E-07	1	0	
+3.363360E-07	1	0	
+3.378540E-07	1	0	
+3.287640E-07	1	0	
+3.323100E-07	1	0	
+3.346620E-07	1	0	
+3.453780E-07	1	0	
+3.405720E-07	1	0	
+3.470160E-07	1	0	
+3.446460E-07	1	0	
+3.461700E-07	1	0	
+3.465060E-07	1	0	
+3.396060E-07	1	0	
+3.645660E-07	1	0	
+1.166214E-06	4	0	
+1.525200E-06	4	0	
+7.353780E-07	4	0	
+3.537720E-07	2	0	
+3.590220E-07	2	0	
+3.439920E-07	2	0	
+3.556560E-07	2	0	
+3.614220E-07	2	0	
+3.564780E-07	2	0	
+3.477780E-07	2	0	
+3.590460E-07	2	0	
+3.591840E-07	2	0	
+3.566940E-07	2	0	
+3.597120E-07	2	0	
+3.537180E-07	2	0	
+3.480060E-07	2	0	
+3.533940E-07	2	0	
+3.474360E-07	2	0	
+3.582600E-07	2	0	
+3.588840E-07	2	0	
+3.640440E-07	2	0	
+3.613140E-07	2	0	
+3.721980E-07	2	0	
+3.657060E-07	2	0	
+3.702240E-07	2	0	
+3.810120E-07	2	0	
+3.745260E-07	2	0	
+3.772860E-07	2	0	
+3.762540E-07	2	0	
+3.838860E-07	2	0	
-4.401180E-07	3	0	
-7.996320E-07	3	0	
-2.421600E-08	3	0	
+3.547440E-07	1	0	
+3.547320E-07	1	0	
+3.480180E-07	1	0	
+3.386760E-07	1	0	
+3.456360E-07	1	0	
+3.376560E-07	1	0	
+3.500100E-07	1	0	
+3.407820E-07	1	0	
+3.303120E-07	1	0	
+3.295380E-07	1	0	
+3.385140E-07	1	0	
+3.348480E-07	1	0	
+3.175080E-07	1	0	
+3.223200E-07	1	0	
+3.219480E-07	1	0	
+3.071460E-07	1	0	
+3.188100E-07	1	0	
+3.106440E-07	1	0	
+3.179460E-07	1	0	
+3.169260E-07	1	0	
+2.990700E-07	1	0	
+3.030420E-07	1	0	
+3.048540E-07	1	0	
+3.160680E-07	1	0	
+2.932980E-07	1	0	
+3.039060E-07	1	0	
+3.001500E-07	1	0	
+1.113474E-06	4	0	
+1.466814E-06	4	0	
+6.769560E-07	4	0	
+2.883360E-07	2	0	
+2.836440E-07	2	0	
+2.932080E-07	2	0	
+2.808360E-07	2	0	
+2.884980E-07	2	0	
+2.848500E-07	2	0	
+2.910060E-07	2	0	
+2.719800E-07	2	0	
+2.773560E-07	2	0	
+2.709120E-07	2	0	
+2.752500E-07	2	0	
+2.679360E-07	2	0	
+2.775180E-07	2	0	
+2.818260E-07	2	0	
+2.686080E-07	2	0	
+2.890260E-07	2	0	
+2.736180E-07	2	0	
+2.803140E-07	2	0	
+2.895780E-07	2	0	
+2.800860E-07	2	0	
+2.831580E-07	2	0	
+2.763900E-07	2	0	
+2.826660E-07	2	0	
+2.735220E-07	2	0	
+2.879640E-07	2	0	
+2.826540E-07	2	0	
+2.767140E-07	2	0	
-5.307300E-07	3	0	
-8.900760E-07	3	0	
-1.007280E-07	3	0	
+2.831040E-07	1	0	
+2.816520E-07	1	0	
+2.763420E-07	1	0	
+2.768700E-07	1	0	
+2.818680E-07	1	0	
+2.843820E-07	1	0	
+2.934180E-07	1	0	
+2.916840E-07	1	0	
+2.865900E-07	1	0	
+2.840400E-07	1	0	
+2.837940E-07	1	0	
+2.806860E-07	1	0	
+2.791560E-07	1	0	
+2.801160E-07	1	0	
+2.670900E-07	1	0	
+2.672400E-07	1	0	
+2.652300E-07	1	0	
+2.667120E-07	1	0	
+2.696700E-07	1	0	
+2.855340E-07	1	0	
+2.733240E-07	1	0	
+2.835600E-07	1	0	
+2.744940E-07	1	0	
+2.689860E-07	1	0	
+2.851860E-07	1	0	
+2.958600E-07	1	0	
+2.870280E-07	1	0	
+1.098864E-06	4	0	
+1.470888E-06	4	0	
+6.810960E-07	4	0	
+2.970420E-07	2	0	
+2.958120E-07	2	0	
+2.982120E-07	2	0	
+2.779380E-07	2	0	
+2.893860E-07	2	0	
+3.012720E-07	2	0	
+2.930580E-07	2	0	
+2.973420E-07	2	0	
+3.019980E-07	2	0	
+3.034380E-07	2	0	
+2.896920E-07	2	0	
+2.976660E-07	2	0	
+3.116220E-07	2	0	
+3.127860E-07	2	0	
+3.112620E-07	2	0	
+3.005340E-07	2	0	
+3.031800E-07	2	0	
+3.141960E-07	2	0	
+3.005340E-07	2	0	
+3.044220E-07	2	0	
+3.054180E-07	2	0	
+2.958900E-07	2	0	
+2.878140E-07	2	0	
+3.038580E-07	2	0	
+3.011700E-07	2	0	
+2.986440E-07	2	0	
+3.032280E-07	2	0	
-5.077560E-07	3	0	
-8.778600E-07	3	0	
-8.805600E-08	3	0	
+2.936700E-07	1	0	
+2.922360E-07	1	0	
+2.974980E-07	1	0	
+2.865300E-07	1	0	
+2.881560E-07	1	0	
+2.895540E-07	1	0	
+2.862420E-07	1	0	
+3.023580E-07	1	0	
+2.965200E-07	1	0	
+2.905260E-07	1	0	
+2.869800E-07	1	0	
+2.938080E-07	1	0	
+2.855100E-07	1	0	
+2.855160E-07	1	0	
+2.980800E-07	1	0	
+2.992620E-07	1	0	
+3.032340E-07	1	0	
+2.994180E-07	1	0	
+2.889480E-07	1	0	
+2.999640E-07	1	0	
+3.028080E-07	1	0	
+3.145020E-07	1	0	
+3.051360E-07	1	0	
+2.913180E-07	1	0	
+3.015960E-07	1	0	
+3.005100E-07	1	0	
+3.078540E-07	1	0	
+1.116678E-06	4	0	
+1.472076E-06	4	0	
+6.736920E-07	4	0	
+3.009360E-07	2	0	
+3.013440E-07	2	0	
+3.011820E-07	2	0	
+3.059100E-07	2	0	
+2.986800E-07	2	0	
+2.883780E-07	2	0	
+2.861040E-07	2	0	
+3.012840E-07	2	0	
+3.070380E-07	2	0	
+2.965140E-07	2	0	
+3.154740E-07	2	0	
+3.032220E-07	2	0	
+3.201480E-07	2	0	
+3.154320E-07	2	0	
+3.197460E-07	2	0	
+3.147180E-07	2	0	
+3.119340E-07	2	0	
+3.203700E-07	2	0	
+3.095220E-07	2	0	
+3.149340E-07	2	0	
+3.121020E-07	2	0	
+3.153300E-07	2	0	
+2.979000E-07	2	0	
+3.036120E-07	2	0	
+3.025080E-07	2	0	
+3.134760E-07	2	0	
+2.955300E-07	2	0	
-5.248500E-07	3	0	
-8.714220E-07	3	0	
-7.969800E-08	3	0	
+3.115560E-07	1	0	
+3.050580E-07	1	0	
+3.109200E-07	1	0	
+3.025320E-07	1	0	
+3.005100E-07	1	0	
+3.120840E-07	1	0	
+3.174480E-07	1	0	
+3.029340E-07	1	0	
+3.048900E-07	1	0	
+3.056820E-07	1	0	
+3.012360E-07	1	0	
+3.146700E-07	1	0	
+2.935500E-07	1	0	
+2.980380E-07	1	0	
+3.007080E-07	1	0	
+3.070740E-07	1	0	
+3.014640E-07	1	0	
+3.026760E-07	1	0	
+3.034860E-07	1	0	
+3.021720E-07	1	0	
+2.905620E-07	1	0	
+2.915880E-07	1	0	
+2.950860E-07	1	0	
+2.983920E-07	1	0	
+3.039660E-07	1	0	
+3.116400E-07	1	0	
+3.060540E-07	1	0	
+1.128564E-06	4	0	
+1.481844E-06	4	0	
+6.934020E-07	4	0	
+3.190500E-07	2	0	
+3.205980E-07	2	0	
+3.222780E-07	2	0	
+3.293340E-07	2	0	
+3.223740E-07	2	0	
+3.132360E-07	2	0	
+3.300900E-07	2	0	
+3.318660E-07	2	0	
+3.402600E-07	2	0	
+3.272460E-07	2	0	
+3.246480E-07	2	0	
+3.274140E-07	2	0	
+3.184500E-07	2	0	
+3.237300E-07	2	0	
+3.308040E-07	2	0	
+3.349860E-07	2	0	
+3.203880E-07	2	0	
+3.238740E-07	2	0	
+3.183180E-07	2	0	
+3.268380E-07	2	0	
+3.182880E-07	2	0	
+3.258720E-07	2	0	
+3.218880E-07	2	0	
+3.221340E-07	2	0	
+3.226440E-07	2	0	
+3.383460E-07	2	0	
+3.271200E-07	2	0	
-4.745220E-07	3	0	
-8.499600E-07	3	0	
-6.456000E-08	3	0	
+3.294540E-07	1	0	
+3.316980E-07	1	0	
+3.309480E-07	1	0	
+3.245400E-07	1	0	
+3.305820E-07	1	0	
+3.186840E-07	1	0	
+3.225780E-07	1	0	
+3.203160E-07	1	0	
+3.277740E-07	1	0	
+3.241740E-07	1	0	
+3.245220E-07	1	0	
+3.285840E-07	1	0	
+3.244020E-07	1	0	
+3.335460E-07	1	0	
+3.280200E-07	1	0	
+3.304980E-07	1	0	
+3.265860E-07	1	0	
+3.367140E-07	1	0	
+3.321720E-07	1	0	
+3.278220E-07	1	0	
+3.206640E-07	1	0	
+3.232860E-07	1	0	
+3.349500E-07	1	0	
+3.265440E-07	1	0	
+3.377460E-07	1	0	
+3.243420E-07	1	0	
+3.221760E-07	1	0	
+1.144314E-06	4	0	
+1.498290E-06	4	0	
+7.024860E-07	4	0	
+3.217920E-07	2	0	
+3.298620E-07	2	0	
+3.241800E-07	2	0	
+3.246720E-07	2	0	
+3.177960E-07	2	0	
+3.223860E-07	2	0	
+3.160320E-07	2	0	
+3.165600E-07	2	0	
+3.160260E-07	2	0	
+3.171780E-07	2	0	
+3.157800E-07	2	0	
+3.164040E-07	2	0	
+3.240360E-07	2	0	
+3.303300E-07	2	0	
+3.197340E-07	2	0	
+3.183000E-07	2	0	
+3.170460E-07	2	0	
+3.114300E-07	2	0	
+3.172680E-07	2	0	
+3.095160E-07	2	0	
+3.223620E-07	2	0	
+3.208440E-07	2	0	
+3.259560E-07	2	0	
+3.248400E-07	2	0	
+3.147300E-07	2	0	
+3.247260E-07	2	0	
+3.161040E-07	2	0	
-4.981500E-07	3	0	
-8.628300E-07	3	0	
-6.662400E-08	3	0	
+3.206460E-07	1	0	
+3.126540E-07	1	0	
+3.270360E-07	1	0	
+3.313680E-07	1	0	
+3.251160E-07	1	0	
+3.158640E-07	1	0	
+3.222300E-07	1	0	
+3.172440E-07	1	0	
+3.289320E-07	1	0	
+3.172980E-07	1	0	
+3.218460E-07	1	0	
+3.146760E-07	1	0	
+3.149760E-07	1	0	
+3.098700E-07	1	0	
+3.158160E-07	1	0	
+3.231660E-07	1	0	
+3.106920E-07	1	0	
+3.262980E-07	1	0	
+3.227640E-07	1	0	
+3.198660E-07	1	0	
+3.172560E-07	1	0	
+3.207960E-07	1	0	
+3.178020E-07	1	0	
+3.166320E-07	1	0	
+3.183840E-07	1	0	
+2.992860E-07	1	0	
+3.172080E-07	1	0	
+1.126950E-06	4	0	
+1.486782E-06	4	0	
+6.995160E-07	4	0	
+3.080940E-07	2	0	
+3.258300E-07	2	0	
+3.168480E-07	2	0	
+3.249480E-07	2	0	
+3.318780E-07	2	0	
+3.264960E-07	2	0	
+3.144180E-07	2	0	
+3.199680E-07	2	0	
+3.189540E-07	2	0	
+3.126480E-07	2	0	
+3.184740E-07	2	0	
+3.169620E-07	2	0	
+3.100740E-07	2	0	
+3.239280E-07	2	0	
+3.217500E-07	2	0	
+3.151500E-07	2	0	
+3.262980E-07	2	0	
+3.215340E-07	2	0	
+3.263100E-07	2	0	
+3.241440E-07	2	0	
+3.224520E-07	2	0	
+3.118860E-07	2	0	
+3.236460E-07	2	0	
+3.200100E-07	2	0	
+3.158220E-07	2	0	
+3.258720E-07	2	0	
+3.068700E-07	2	0	
-5.030160E-07	3	0	
-8.588760E-07	3	0	
-3.794400E-08	3	0	
+3.359160E-07	1	0	
+3.228180E-07	1	0	
+3.188100E-07	1	0	
+3.227340E-07	1	0	
+3.323640E-07	1	0	
+3.179160E-07	1	0	
+3.158220E-07	1	0	
+3.043020E-07	1	0	
+3.104280E-07	1	0	
+3.193260E-07	1	0	
+3.142380E-07	1	0	
+3.222480E-07	1	0	
+3.106620E-07	1	0	
+3.152220E-07	1	0	
+3.169440E-07	1	0	
+3.070200E-07	1	0	
+3.103380E-07	1	0	
+3.036180E-07	1	0	
+3.117720E-07	1	0	
+3.162120E-07	1	0	
+3.114780E-07	1	0	
+3.049740E-07	1	0	
+3.160500E-07	1	0	
+3.081060E-07	1	0	
+3.156540E-07	1	0	
+3.136680E-07	1	0	
+3.228300E-07	1	0	
+1.127640E-06	4	0	
+1.508034E-06	4	0	
+7.070760E-07	4	0	
+3.213180E-07	2	0	
+3.247740E-07	2	0	
+3.181560E-07	2	0	
+3.261300E-07	2	0	
+3.074760E-07	2	0	
+3.158880E-07	2	0	
+3.246060E-07	2	0	
+3.180420E-07	2	0	
+3.206220E-07	2	0	
+3.153300E-07	2	0	
+3.113880E-07	2	0	
+3.121980E-07	2	0	
+3.093120E-07	2	0	
+3.228480E-07	2	0	
+3.155640E-07	2	0	
+3.174720E-07	2	0	
+3.127860E-07	2	0	
+3.247200E-07	2	0	
+3.171840E-07	2	0	
+3.128100E-07	2	0	
+3.200820E-07	2	0	
+3.061560E-07	2	0	
+3.082920E-07	2	0	
+3.047220E-07	2	0	
+3.071280E-07	2	0	
+3.169020E-07	2	0	
+3.096360E-07	2	0	
-5.053380E-07	3	0	
-8.569680E-07	3	0	
-7.206600E-08	3	0	
+3.092760E-07	1	0	
+3.112500E-07	1	0	
+3.012120E-07	1	0	
+3.167880E-07	1	0	
+3.131400E-07	1	0	
+3.036180E-07	1	0	
+3.093960E-07	1	0	
+3.162420E-07	1	0	
+3.127320E-07	1	0	
+2.999580E-07	1	0	
+2.938080E-07	1	0	
+2.961780E-07	1	0	
+3.055740E-07	1	0	
+3.010440E-07	1	0	
+3.005160E-07	1	0	
+2.908260E-07	1	0	
+2.930340E-07	1	0	
+2.778120E-07	1	0	
+2.795340E-07	1	0	
+2.801280E-07	1	0	
+2.840460E-07	1	0	
+2.841540E-07	1	0	
+2.711220E-07	1	0	
+2.712060E-07	1	0	
+2.854620E-07	1	0	
+2.847180E-07	1	0	
+2.752320E-07	1	0	
+1.091904E-06	4	0	
+1.448646E-06	4	0	
+6.589320E-07	4	0	
+2.819520E-07	2	0	
+2.947500E-07	2	0	
+2.899560E-07	2	0	
+2.835060E-07	2	0	
+2.801220E-07	2	0	
+2.985120E-07	2	0	
+2.891820E-07	2	0	
+3.071460E-07	2	0	
+2.985300E-07	2	0	
+3.024240E-07	2	0	
+3.020040E-07	2	0	
+3.016620E-07	2	0	
+3.068940E-07	2	0	
+3.009120E-07	2	0	
+3.135180E-07	2	0	
+2.981520E-07	2	0	
+3.047040E-07	2	0	
+3.117180E-07	2	0	
+3.102120E-07	2	0	
+3.153180E-07	2	0	
+3.123540E-07	2	0	
+3.064020E-07	2	0	
+2.944080E-07	2	0	
+3.060660E-07	2	0	
+3.056280E-07	2	0	
+3.001980E-07	2	0	
+3.022860E-07	2	0	
-5.019720E-07	3	0	
-8.716080E-07	3	0	
-7.831200E-08	3	0	
+3.053640E-07	1	0	
+3.120000E-07	1	0	
+3.072120E-07	1	0	
+3.126000E-07	1	0	
+3.149940E-07	1	0	
+3.168120E-07	1	0	
+3.217500E-07	1	0	
+3.092340E-07	1	0	
+3.123240E-07	1	0	
+2.997420E-07	1	0	
+3.090840E-07	1	0	
+3.072060E-07	1	0	
+3.231060E-07	1	0	
+3.053760E-07	1	0	
+3.202980E-07	1	0	
+3.257400E-07	1	0	
+3.187020E-07	1	0	
+3.112800E-07	1	0	
+3.123900E-07	1	0	
+3.175680E-07	1	0	
+3.236280E-07	1	0	
+3.224580E-07	1	0	
+3.352500E-07	1	0	
+3.297000E-07	1	0	
+3.304440E-07	1	0	
+3.352080E-07	1	0	
+3.291300E-07	1	0	
+1.145394E-06	4	0	
+1.501866E-06	4	0	
+7.030560E-07	4	0	
+3.133980E-07	2	0	
+2.958960E-07	2	0	
+2.793900E-07	2	0	
+2.869080E-07	2	0	
+2.950440E-07	2	0	
+2.891640E-07	2	0	
+3.036660E-07	2	0	
+2.984460E-07	2	0	
+2.978880E-07	2	0	
+2.958960E-07	2	0	
+2.975040E-07	2	0	
+2.976720E-07	2	0	
+3.055620E-07	2	0	
+2.979960E-07	2	0	
+2.894640E-07	2	0	
+2.810700E-07	2	0	
+2.826120E-07	2	0	
+2.830860E-07	2	0	
+2.763960E-07	2	0	
+2.732700E-07	2	0	
+2.658060E-07	2	0	
+2.912100E-07	2	0	
+2.601120E-07	2	0	
+2.700960E-07	2	0	
+2.736780E-07	2	0	
+2.732520E-07	2	0	
+2.762100E-07	2	0	
-5.542080E-07	3	0	
-8.969280E-07	3	0	
-1.003500E-07	3	0	
+2.805960E-07	1	0	
+2.940300E-07	1	0	
+2.921400E-07	1	0	
+2.844840E-07	1	0	
+2.868060E-07	1	0	
+2.828880E-07	1	0	
+2.889360E-07	1	0	
+2.794860E-07	1	0	
+2.794140E-07	1	0	
+2.801820E-07	1	0	
+2.963520E-07	1	0	
+2.926980E-07	1	0	
+2.848620E-07	1	0	
+2.909280E-07	1	0	
+2.893380E-07	1	0	
+3.111840E-07	1	0	
+3.093480E-07	1	0	
+3.150600E-07	1	0	
+3.146460E-07	1	0	
+3.083940E-07	1	0	
+3.188760E-07	1	0	
+3.153480E-07	1	0	
+3.201600E-07	1	0	
+3.220140E-07	1	0	
+3.200940E-07	1	0	
+3.138180E-07	1	0	
+3.150840E-07	1	0	
+1.125678E-06	4	0	
+1.486662E-06	4	0	
+6.911940E-07	4	0	
+3.316440E-07	2	0	
+3.183420E-07	2	0	
+3.098400E-07	2	0	
+2.959320E-07	2	0	
+3.241200E-07	2	0	
+3.236340E-07	2	0	
+3.272460E-07	2	0	
+3.383280E-07	2	0	
+3.297480E-07	2	0	
+3.244020E-07	2	0	
+3.145980E-07	2	0	
+3.346980E-07	2	0	
+3.298140E-07	2	0	
+3.322800E-07	2	0	
+3.426060E-07	2	0	
+3.443520E-07	2	0	
+3.402480E-07	2	0	
+3.568920E-07	2	0	
+3.637560E-07	2	0	
+3.282000E-07	2	0	
+3.494460E-07	2	0	
+3.460200E-07	2	0	
+3.525000E-07	2	0	
+3.537840E-07	2	0	
+3.522960E-07	2	0	
+3.434820E-07	2	0	
+3.411600E-07	2	0	
-4.691880E-07	3	0	
-8.182260E-07	3	0	
-2.107200E-08	3	0	
+3.594660E-07	1	0	
+3.586560E-07	1	0	
+3.548880E-07	1	0	
+3.583560E-07	1	0	
+3.582600E-07	1	0	
+3.671880E-07	1	0	
+3.398460E-07	1	0	
+3.419220E-07	1	0	
+3.560640E-07	1	0	
+3.618420E-07	1	0	
+3.614100E-07	1	0	
+3.535080E-07	1	0	
+3.576600E-07	1	0	
+3.520680E-07	1	0	
+3.368280E-07	1	0	
+3.516120E-07	1	0	
+3.580080E-07	1	0	
+3.521160E-07	1	0	
+3.452280E-07	1	0	
+3.470220E-07	1	0	
+3.414840E-07	1	0	
+3.294900E-07	1	0	
+3.438900E-07	1	0	
+3.427200E-07	1	0	
+3.429900E-07	1	0	
+3.363540E-07	1	0	
+3.321300E-07	1	0	
+1.134660E-06	4	0	
+1.493250E-06	4	0	
+7.063020E-07	4	0	
+3.123780E-07	2	0	
+3.338880E-07	2	0	
+3.253440E-07	2	0	
+3.362040E-07	2	0	
+3.340380E-07	2	0	
+3.334440E-07	2	0	
+3.379620E-07	2	0	
+3.264840E-07	2	0	
+3.326400E-07	2	0	
+3.191940E-07	2	0	
+3.355620E-07	2	0	
+3.319740E-07	2	0	
+3.245400E-07	2	0	
+3.269460E-07	2	0	
+3.366300E-07	2	0	
+3.185340E-07	2	0	
+3.286200E-07	2	0	
+3.189720E-07	2	0	
+3.206940E-07	2	0	
+3.133920E-07	2	0	
+3.162780E-07	2	0	
+3.242280E-07	2	0	
+2.999820E-07	2	0	
+3.097200E-07	2	0	
+3.103620E-07	2	0	
+3.120120E-07	2	0	
+3.105420E-07	2	0	
-4.993860E-07	3	0	
-8.642220E-07	3	0	
