start date: 	2023-08-14
start time: 	15.09.49
stop date: 	2023-08-14
stop time: 	15.30.58
com rel. humid (%):	33.8
com temp (°C):	29.13
cn temp (°C):	31.09
nv temp (°C):	35.28
bvd averages: 	     20
remarks: 	CCC probe connected to GaAs probe, GaAs 8 V+=Red, V-=Wht, I+=Wht, I-=Blk, B = 11.56 T (84.4 A), Psample = 3.0 - 4.0e-3 mbar, using 4G power supply
R1 Info: 	NIST-QHRGaAs13k-8
R2 Info: 	F005A
data filepath: 	M:\MagniconData\CCCViewerData\cccviewer_measure\2023-08-14_CCC\230814_003_1509.txt
config filepath: 	M:\MagniconData\CCCViewerData\cccviewer_measure\2023-08-14_CCC\230814_003_1509_cccdrive.cfg
time base (Hz): 	60
integration time (time base multiples):	60
number of samples per half cycle: 	30
ignored first samples: 	14
ignored last samples: 	0
amplifier gain: 	1000000
delta N1/NA (mTurns): 	26.092241984
delta (I2*R2) (V): 	1.400067141
N1 (Turns):	2065
N2 (Turns):	16
NA (Turns):	1
R1 (Ohm): 	12906.404000
R2 (Ohm): 	100.000000

data(V)	phase	error
+2.091360E-07	1	0	
+2.006700E-07	1	0	
+2.052420E-07	1	0	
+1.968840E-07	1	0	
+1.948920E-07	1	0	
+1.903320E-07	1	0	
+1.967040E-07	1	0	
+2.009940E-07	1	0	
+1.845180E-07	1	0	
+1.918800E-07	1	0	
+1.837620E-07	1	0	
+1.845300E-07	1	0	
+1.819080E-07	1	0	
+1.905120E-07	1	0	
+1.971060E-07	1	0	
+1.774680E-07	1	0	
+1.895880E-07	1	0	
+1.890180E-07	1	0	
+1.909380E-07	1	0	
+1.927500E-07	1	0	
+1.859160E-07	1	0	
+1.915020E-07	1	0	
+1.931640E-07	1	0	
+1.989120E-07	1	0	
+1.956660E-07	1	0	
+2.005140E-07	1	0	
+1.965300E-07	1	0	
+2.072460E-07	1	0	
+1.364340E-06	4	0	
+1.882446E-06	4	0	
+7.475400E-07	4	0	
+2.070360E-07	2	0	
+2.101500E-07	2	0	
+2.113440E-07	2	0	
+1.991520E-07	2	0	
+2.122980E-07	2	0	
+2.062980E-07	2	0	
+1.997460E-07	2	0	
+2.011320E-07	2	0	
+1.953900E-07	2	0	
+1.912920E-07	2	0	
+1.944420E-07	2	0	
+1.974960E-07	2	0	
+1.785720E-07	2	0	
+1.923900E-07	2	0	
+1.757220E-07	2	0	
+1.726860E-07	2	0	
+1.704060E-07	2	0	
+1.777260E-07	2	0	
+1.795620E-07	2	0	
+1.696080E-07	2	0	
+1.714260E-07	2	0	
+1.731720E-07	2	0	
+1.665240E-07	2	0	
+1.790220E-07	2	0	
+1.762080E-07	2	0	
+1.807380E-07	2	0	
+1.866540E-07	2	0	
-9.872100E-07	3	0	
-1.499058E-06	3	0	
-3.715800E-07	3	0	
+1.831380E-07	1	0	
+1.880400E-07	1	0	
+1.831980E-07	1	0	
+1.863600E-07	1	0	
+1.878240E-07	1	0	
+1.858560E-07	1	0	
+1.895700E-07	1	0	
+1.819260E-07	1	0	
+1.771380E-07	1	0	
+1.737180E-07	1	0	
+1.716720E-07	1	0	
+1.667820E-07	1	0	
+1.686780E-07	1	0	
+1.712460E-07	1	0	
+1.735560E-07	1	0	
+1.648140E-07	1	0	
+1.693020E-07	1	0	
+1.660080E-07	1	0	
+1.816860E-07	1	0	
+1.813620E-07	1	0	
+1.853640E-07	1	0	
+1.806360E-07	1	0	
+1.762500E-07	1	0	
+1.826940E-07	1	0	
+1.775040E-07	1	0	
+1.787040E-07	1	0	
+1.994220E-07	1	0	
+1.374738E-06	4	0	
+1.886934E-06	4	0	
+7.643760E-07	4	0	
+2.232300E-07	2	0	
+2.239800E-07	2	0	
+2.289060E-07	2	0	
+2.417280E-07	2	0	
+2.389320E-07	2	0	
+2.350440E-07	2	0	
+2.332140E-07	2	0	
+2.450100E-07	2	0	
+2.325120E-07	2	0	
+2.410740E-07	2	0	
+2.535840E-07	2	0	
+2.474100E-07	2	0	
+2.453520E-07	2	0	
+2.457300E-07	2	0	
+2.368980E-07	2	0	
+2.543160E-07	2	0	
+2.511060E-07	2	0	
+2.580780E-07	2	0	
+2.626920E-07	2	0	
+2.568780E-07	2	0	
+2.543520E-07	2	0	
+2.533260E-07	2	0	
+2.651400E-07	2	0	
+2.548080E-07	2	0	
+2.519160E-07	2	0	
+2.463180E-07	2	0	
+2.446200E-07	2	0	
-9.444540E-07	3	0	
-1.451166E-06	3	0	
-3.140760E-07	3	0	
+2.373060E-07	1	0	
+2.376060E-07	1	0	
+2.376900E-07	1	0	
+2.292240E-07	1	0	
+2.188380E-07	1	0	
+2.276280E-07	1	0	
+2.198940E-07	1	0	
+2.239020E-07	1	0	
+2.211180E-07	1	0	
+2.189100E-07	1	0	
+2.219820E-07	1	0	
+2.259780E-07	1	0	
+2.322420E-07	1	0	
+2.321460E-07	1	0	
+2.388180E-07	1	0	
+2.280180E-07	1	0	
+2.399460E-07	1	0	
+2.370360E-07	1	0	
+2.377800E-07	1	0	
+2.355780E-07	1	0	
+2.423940E-07	1	0	
+2.312940E-07	1	0	
+2.343900E-07	1	0	
+2.311680E-07	1	0	
+2.333220E-07	1	0	
+2.350980E-07	1	0	
+2.390640E-07	1	0	
+1.407564E-06	4	0	
+1.926642E-06	4	0	
+7.906140E-07	4	0	
+2.422620E-07	2	0	
+2.421420E-07	2	0	
+2.369280E-07	2	0	
+2.398140E-07	2	0	
+2.423700E-07	2	0	
+2.576580E-07	2	0	
+2.665440E-07	2	0	
+2.523120E-07	2	0	
+2.395680E-07	2	0	
+2.534040E-07	2	0	
+2.541060E-07	2	0	
+2.441400E-07	2	0	
+2.419260E-07	2	0	
+2.363700E-07	2	0	
+2.349480E-07	2	0	
+2.232600E-07	2	0	
+2.293080E-07	2	0	
+2.187720E-07	2	0	
+2.246520E-07	2	0	
+2.240340E-07	2	0	
+2.269740E-07	2	0	
+2.150520E-07	2	0	
+2.244300E-07	2	0	
+2.228520E-07	2	0	
+2.315520E-07	2	0	
+2.245020E-07	2	0	
+2.282460E-07	2	0	
-9.443220E-07	3	0	
-1.461876E-06	3	0	
-3.216960E-07	3	0	
+2.279340E-07	1	0	
+2.205720E-07	1	0	
+2.272680E-07	1	0	
+2.330940E-07	1	0	
+2.202000E-07	1	0	
+2.073180E-07	1	0	
+2.048640E-07	1	0	
+2.091240E-07	1	0	
+1.961340E-07	1	0	
+1.937700E-07	1	0	
+2.035020E-07	1	0	
+2.086080E-07	1	0	
+1.944300E-07	1	0	
+1.964700E-07	1	0	
+2.021280E-07	1	0	
+2.146860E-07	1	0	
+2.011680E-07	1	0	
+2.045460E-07	1	0	
+2.038980E-07	1	0	
+2.050440E-07	1	0	
+2.063400E-07	1	0	
+1.982460E-07	1	0	
+2.028600E-07	1	0	
+1.976700E-07	1	0	
+1.987680E-07	1	0	
+2.028540E-07	1	0	
+2.002320E-07	1	0	
+1.375218E-06	4	0	
+1.899306E-06	4	0	
+7.368660E-07	4	0	
+2.147580E-07	2	0	
+2.264100E-07	2	0	
+2.078400E-07	2	0	
+2.059740E-07	2	0	
+2.225040E-07	2	0	
+2.140140E-07	2	0	
+2.170620E-07	2	0	
+2.110500E-07	2	0	
+2.137800E-07	2	0	
+2.163420E-07	2	0	
+2.118240E-07	2	0	
+2.111520E-07	2	0	
+2.012940E-07	2	0	
+2.070480E-07	2	0	
+2.026680E-07	2	0	
+2.163420E-07	2	0	
+1.944420E-07	2	0	
+2.083500E-07	2	0	
+1.956360E-07	2	0	
+1.899900E-07	2	0	
+1.895700E-07	2	0	
+1.982940E-07	2	0	
+2.042280E-07	2	0	
+1.955460E-07	2	0	
+1.931100E-07	2	0	
+2.044560E-07	2	0	
+1.998360E-07	2	0	
-9.789540E-07	3	0	
-1.488030E-06	3	0	
-3.529920E-07	3	0	
+1.914720E-07	1	0	
+1.937820E-07	1	0	
+1.730940E-07	1	0	
+1.823940E-07	1	0	
+1.822260E-07	1	0	
+1.999680E-07	1	0	
+1.937280E-07	1	0	
+1.992120E-07	1	0	
+1.973220E-07	1	0	
+1.983900E-07	1	0	
+2.106900E-07	1	0	
+2.107980E-07	1	0	
+1.995780E-07	1	0	
+2.115780E-07	1	0	
+2.059620E-07	1	0	
+1.929120E-07	1	0	
+1.930980E-07	1	0	
+2.099820E-07	1	0	
+2.040360E-07	1	0	
+1.993380E-07	1	0	
+2.012460E-07	1	0	
+1.984320E-07	1	0	
+2.128920E-07	1	0	
+1.974600E-07	1	0	
+2.045880E-07	1	0	
+1.996980E-07	1	0	
+1.902900E-07	1	0	
+1.359006E-06	4	0	
+1.879608E-06	4	0	
+7.359120E-07	4	0	
+1.915560E-07	2	0	
+1.832700E-07	2	0	
+1.911240E-07	2	0	
+1.831200E-07	2	0	
+1.997460E-07	2	0	
+1.829400E-07	2	0	
+1.905600E-07	2	0	
+1.987680E-07	2	0	
+1.936140E-07	2	0	
+2.054340E-07	2	0	
+2.030640E-07	2	0	
+2.092920E-07	2	0	
+2.107080E-07	2	0	
+2.018820E-07	2	0	
+2.118420E-07	2	0	
+2.080740E-07	2	0	
+2.046120E-07	2	0	
+1.979040E-07	2	0	
+1.870980E-07	2	0	
+1.866840E-07	2	0	
+1.932120E-07	2	0	
+2.020080E-07	2	0	
+2.010540E-07	2	0	
+1.880280E-07	2	0	
+1.882920E-07	2	0	
+1.989300E-07	2	0	
+1.983600E-07	2	0	
-9.704700E-07	3	0	
-1.474896E-06	3	0	
-3.391680E-07	3	0	
+2.075880E-07	1	0	
+2.115720E-07	1	0	
+2.082300E-07	1	0	
+2.051640E-07	1	0	
+1.994280E-07	1	0	
+2.093880E-07	1	0	
+1.943340E-07	1	0	
+2.037900E-07	1	0	
+1.891080E-07	1	0	
+1.968720E-07	1	0	
+1.860900E-07	1	0	
+1.915620E-07	1	0	
+1.737840E-07	1	0	
+1.801440E-07	1	0	
+1.826220E-07	1	0	
+1.756980E-07	1	0	
+1.772340E-07	1	0	
+1.861140E-07	1	0	
+1.935780E-07	1	0	
+1.832820E-07	1	0	
+1.802040E-07	1	0	
+1.751580E-07	1	0	
+1.777140E-07	1	0	
+1.705260E-07	1	0	
+1.705860E-07	1	0	
+1.800180E-07	1	0	
+1.855440E-07	1	0	
+1.348758E-06	4	0	
+1.866624E-06	4	0	
+7.426260E-07	4	0	
+1.972080E-07	2	0	
+1.915680E-07	2	0	
+2.009700E-07	2	0	
+1.815120E-07	2	0	
+1.894140E-07	2	0	
+1.734360E-07	2	0	
+1.688040E-07	2	0	
+1.705620E-07	2	0	
+1.585380E-07	2	0	
+1.555200E-07	2	0	
+1.545180E-07	2	0	
+1.564740E-07	2	0	
+1.577640E-07	2	0	
+1.587840E-07	2	0	
+1.593900E-07	2	0	
+1.589700E-07	2	0	
+1.579020E-07	2	0	
+1.609380E-07	2	0	
+1.695180E-07	2	0	
+1.779480E-07	2	0	
+1.841340E-07	2	0	
+1.856400E-07	2	0	
+1.698600E-07	2	0	
+1.815000E-07	2	0	
+1.824180E-07	2	0	
+1.839600E-07	2	0	
+1.895160E-07	2	0	
-9.790920E-07	3	0	
-1.486398E-06	3	0	
-3.609060E-07	3	0	
+2.098680E-07	1	0	
+2.102940E-07	1	0	
+1.899240E-07	1	0	
+1.929600E-07	1	0	
+1.952340E-07	1	0	
+1.982880E-07	1	0	
+1.948620E-07	1	0	
+1.968240E-07	1	0	
+1.978140E-07	1	0	
+2.103660E-07	1	0	
+2.076840E-07	1	0	
+2.189460E-07	1	0	
+2.077320E-07	1	0	
+2.122740E-07	1	0	
+2.177220E-07	1	0	
+2.130960E-07	1	0	
+2.223840E-07	1	0	
+2.179440E-07	1	0	
+2.224260E-07	1	0	
+2.236200E-07	1	0	
+2.181660E-07	1	0	
+2.134260E-07	1	0	
+2.161620E-07	1	0	
+2.287740E-07	1	0	
+2.201100E-07	1	0	
+2.205960E-07	1	0	
+2.278080E-07	1	0	
+1.401762E-06	4	0	
+1.912038E-06	4	0	
+7.592340E-07	4	0	
+2.212740E-07	2	0	
+2.260560E-07	2	0	
+2.442420E-07	2	0	
+2.264820E-07	2	0	
+2.217720E-07	2	0	
+2.245200E-07	2	0	
+2.232720E-07	2	0	
+2.145180E-07	2	0	
+2.096340E-07	2	0	
+2.059200E-07	2	0	
+2.193000E-07	2	0	
+2.097180E-07	2	0	
+2.207460E-07	2	0	
+2.031120E-07	2	0	
+1.925220E-07	2	0	
+1.955400E-07	2	0	
+1.890600E-07	2	0	
+1.918860E-07	2	0	
+1.936680E-07	2	0	
+1.850100E-07	2	0	
+1.936260E-07	2	0	
+1.860660E-07	2	0	
+1.903740E-07	2	0	
+1.844940E-07	2	0	
+1.814040E-07	2	0	
+1.777200E-07	2	0	
+1.808280E-07	2	0	
-1.004850E-06	3	0	
-1.521822E-06	3	0	
-3.859260E-07	3	0	
+1.610040E-07	1	0	
+1.472460E-07	1	0	
+1.522080E-07	1	0	
+1.467360E-07	1	0	
+1.491180E-07	1	0	
+1.440600E-07	1	0	
+1.563660E-07	1	0	
+1.614600E-07	1	0	
+1.548360E-07	1	0	
+1.657620E-07	1	0	
+1.655460E-07	1	0	
+1.709580E-07	1	0	
+1.614840E-07	1	0	
+1.661040E-07	1	0	
+1.605540E-07	1	0	
+1.661040E-07	1	0	
+1.651560E-07	1	0	
+1.788180E-07	1	0	
+1.792860E-07	1	0	
+1.651980E-07	1	0	
+1.765740E-07	1	0	
+1.830420E-07	1	0	
+1.876080E-07	1	0	
+1.733040E-07	1	0	
+1.656420E-07	1	0	
+1.644600E-07	1	0	
+1.678260E-07	1	0	
+1.341870E-06	4	0	
+1.870926E-06	4	0	
+7.409700E-07	4	0	
+1.882500E-07	2	0	
+1.882500E-07	2	0	
+1.925520E-07	2	0	
+1.856880E-07	2	0	
+1.835400E-07	2	0	
+1.849440E-07	2	0	
+1.815780E-07	2	0	
+1.676100E-07	2	0	
+1.809900E-07	2	0	
+1.774500E-07	2	0	
+1.835220E-07	2	0	
+1.870500E-07	2	0	
+2.077560E-07	2	0	
+1.980900E-07	2	0	
+2.069040E-07	2	0	
+2.076540E-07	2	0	
+2.043480E-07	2	0	
+1.991760E-07	2	0	
+2.123940E-07	2	0	
+2.111460E-07	2	0	
+2.137560E-07	2	0	
+2.172720E-07	2	0	
+2.223600E-07	2	0	
+2.142000E-07	2	0	
+2.238180E-07	2	0	
+2.134740E-07	2	0	
+2.220120E-07	2	0	
-9.448620E-07	3	0	
-1.461558E-06	3	0	
-3.339120E-07	3	0	
+2.156160E-07	1	0	
+2.266500E-07	1	0	
+2.268360E-07	1	0	
+2.151480E-07	1	0	
+2.087520E-07	1	0	
+2.121240E-07	1	0	
+2.052420E-07	1	0	
+2.073900E-07	1	0	
+2.083920E-07	1	0	
+2.104020E-07	1	0	
+2.066400E-07	1	0	
+2.055060E-07	1	0	
+2.028060E-07	1	0	
+2.174280E-07	1	0	
+2.130780E-07	1	0	
+2.057640E-07	1	0	
+2.125680E-07	1	0	
+2.098680E-07	1	0	
+2.232420E-07	1	0	
+2.148240E-07	1	0	
+2.170320E-07	1	0	
+2.130420E-07	1	0	
+2.075760E-07	1	0	
+2.138040E-07	1	0	
+2.040360E-07	1	0	
+2.070840E-07	1	0	
+2.118060E-07	1	0	
+1.380114E-06	4	0	
+1.912920E-06	4	0	
+7.785840E-07	4	0	
+2.196240E-07	2	0	
+2.185620E-07	2	0	
+2.288400E-07	2	0	
+2.243520E-07	2	0	
+2.338740E-07	2	0	
+2.288460E-07	2	0	
+2.170440E-07	2	0	
+2.291580E-07	2	0	
+2.190360E-07	2	0	
+2.314500E-07	2	0	
+2.364600E-07	2	0	
+2.301180E-07	2	0	
+2.290080E-07	2	0	
+2.228040E-07	2	0	
+2.252580E-07	2	0	
+2.348220E-07	2	0	
+2.489040E-07	2	0	
+2.223540E-07	2	0	
+2.203440E-07	2	0	
+2.213460E-07	2	0	
+2.222580E-07	2	0	
+2.281560E-07	2	0	
+2.277240E-07	2	0	
+2.271720E-07	2	0	
+2.145540E-07	2	0	
+2.169120E-07	2	0	
+2.137080E-07	2	0	
-9.420900E-07	3	0	
-1.460046E-06	3	0	
-3.357840E-07	3	0	
+2.140980E-07	1	0	
+2.284500E-07	1	0	
+2.305680E-07	1	0	
+2.217540E-07	1	0	
+2.184900E-07	1	0	
+2.146020E-07	1	0	
+2.194920E-07	1	0	
+2.118360E-07	1	0	
+2.179020E-07	1	0	
+1.995120E-07	1	0	
+1.978980E-07	1	0	
+1.967520E-07	1	0	
+2.032860E-07	1	0	
+2.106900E-07	1	0	
+2.094780E-07	1	0	
+2.148900E-07	1	0	
+2.042160E-07	1	0	
+2.059740E-07	1	0	
+2.223480E-07	1	0	
+2.103480E-07	1	0	
+2.233800E-07	1	0	
+2.225700E-07	1	0	
+2.238120E-07	1	0	
+2.254860E-07	1	0	
+2.256120E-07	1	0	
+2.184840E-07	1	0	
+2.296920E-07	1	0	
+1.383438E-06	4	0	
+1.906050E-06	4	0	
+7.666200E-07	4	0	
+2.105100E-07	2	0	
+2.137320E-07	2	0	
+2.062500E-07	2	0	
+2.088660E-07	2	0	
+2.252580E-07	2	0	
+2.073840E-07	2	0	
+1.970100E-07	2	0	
+2.155740E-07	2	0	
+2.208660E-07	2	0	
+2.214420E-07	2	0	
+2.332980E-07	2	0	
+2.206740E-07	2	0	
+2.294340E-07	2	0	
+2.197020E-07	2	0	
+2.208840E-07	2	0	
+2.295060E-07	2	0	
+2.231820E-07	2	0	
+2.207880E-07	2	0	
+2.193180E-07	2	0	
+2.284380E-07	2	0	
+2.233140E-07	2	0	
+2.160180E-07	2	0	
+2.060160E-07	2	0	
+2.074260E-07	2	0	
+2.107860E-07	2	0	
+2.108220E-07	2	0	
+2.020560E-07	2	0	
-9.637500E-07	3	0	
-1.485468E-06	3	0	
-3.466020E-07	3	0	
+1.992600E-07	1	0	
+2.079660E-07	1	0	
+1.991700E-07	1	0	
+2.088900E-07	1	0	
+2.064420E-07	1	0	
+1.973220E-07	1	0	
+2.078880E-07	1	0	
+2.016300E-07	1	0	
+2.029020E-07	1	0	
+1.988160E-07	1	0	
+2.011380E-07	1	0	
+2.074620E-07	1	0	
+1.935540E-07	1	0	
+1.916640E-07	1	0	
+1.888920E-07	1	0	
+2.008620E-07	1	0	
+1.990740E-07	1	0	
+1.908900E-07	1	0	
+1.886400E-07	1	0	
+1.954800E-07	1	0	
+1.949760E-07	1	0	
+1.869360E-07	1	0	
+1.919520E-07	1	0	
+1.889400E-07	1	0	
+1.947900E-07	1	0	
+1.933680E-07	1	0	
+1.925400E-07	1	0	
+1.361664E-06	4	0	
+1.882230E-06	4	0	
+7.402320E-07	4	0	
+1.949460E-07	2	0	
+2.012460E-07	2	0	
+2.116560E-07	2	0	
+2.131440E-07	2	0	
+1.975980E-07	2	0	
+2.119260E-07	2	0	
+2.016720E-07	2	0	
+2.068320E-07	2	0	
+2.148780E-07	2	0	
+2.131500E-07	2	0	
+2.056680E-07	2	0	
+2.042640E-07	2	0	
+2.157420E-07	2	0	
+2.129040E-07	2	0	
+2.112120E-07	2	0	
+2.110320E-07	2	0	
+2.148600E-07	2	0	
+2.120160E-07	2	0	
+2.203260E-07	2	0	
+1.999980E-07	2	0	
+1.970880E-07	2	0	
+2.003100E-07	2	0	
+2.064060E-07	2	0	
+1.999320E-07	2	0	
+2.063640E-07	2	0	
+2.052660E-07	2	0	
+2.054820E-07	2	0	
-9.619440E-07	3	0	
-1.483986E-06	3	0	
-3.544620E-07	3	0	
+2.015520E-07	1	0	
+1.939800E-07	1	0	
+1.953720E-07	1	0	
+1.957560E-07	1	0	
+2.117220E-07	1	0	
+1.965780E-07	1	0	
+1.945140E-07	1	0	
+1.884060E-07	1	0	
+1.822560E-07	1	0	
+1.918740E-07	1	0	
+1.909620E-07	1	0	
+1.882320E-07	1	0	
+1.926720E-07	1	0	
+1.854000E-07	1	0	
+2.035680E-07	1	0	
+2.035980E-07	1	0	
+1.988160E-07	1	0	
+1.844700E-07	1	0	
+1.930740E-07	1	0	
+2.012100E-07	1	0	
+2.021160E-07	1	0	
+2.104500E-07	1	0	
+1.994280E-07	1	0	
+1.942740E-07	1	0	
+2.016960E-07	1	0	
+2.053980E-07	1	0	
+1.964400E-07	1	0	
+1.363944E-06	4	0	
+1.882824E-06	4	0	
+7.632600E-07	4	0	
+2.122020E-07	2	0	
+1.991460E-07	2	0	
+2.168640E-07	2	0	
+2.173740E-07	2	0	
+2.103720E-07	2	0	
+2.158260E-07	2	0	
+2.167200E-07	2	0	
+2.182320E-07	2	0	
+2.248140E-07	2	0	
+2.334120E-07	2	0	
+2.218860E-07	2	0	
+2.302860E-07	2	0	
+2.231220E-07	2	0	
+2.164200E-07	2	0	
+2.288520E-07	2	0	
+2.242080E-07	2	0	
+2.213580E-07	2	0	
+2.237040E-07	2	0	
+2.312340E-07	2	0	
+2.265240E-07	2	0	
+2.454660E-07	2	0	
+2.178600E-07	2	0	
+2.181540E-07	2	0	
+2.031300E-07	2	0	
+2.152560E-07	2	0	
+1.942800E-07	2	0	
+1.962540E-07	2	0	
-9.732660E-07	3	0	
-1.485090E-06	3	0	
-3.570480E-07	3	0	
+1.857120E-07	1	0	
+1.830600E-07	1	0	
+1.966860E-07	1	0	
+2.001480E-07	1	0	
+1.907940E-07	1	0	
+1.897260E-07	1	0	
+1.934580E-07	1	0	
+1.940160E-07	1	0	
+1.892220E-07	1	0	
+1.927020E-07	1	0	
+1.766700E-07	1	0	
+1.702800E-07	1	0	
+1.794540E-07	1	0	
+1.801500E-07	1	0	
+1.872540E-07	1	0	
+1.929840E-07	1	0	
+1.860720E-07	1	0	
+1.987080E-07	1	0	
+1.934040E-07	1	0	
+1.948380E-07	1	0	
+1.982100E-07	1	0	
+1.897920E-07	1	0	
+1.872600E-07	1	0	
+1.912080E-07	1	0	
+1.906320E-07	1	0	
+1.895400E-07	1	0	
+1.868520E-07	1	0	
+1.352814E-06	4	0	
+1.867752E-06	4	0	
+7.430520E-07	4	0	
+1.876620E-07	2	0	
+1.766460E-07	2	0	
+1.867740E-07	2	0	
+1.786020E-07	2	0	
+1.874160E-07	2	0	
+1.818780E-07	2	0	
+1.682460E-07	2	0	
+1.763100E-07	2	0	
+1.781220E-07	2	0	
+1.854360E-07	2	0	
+1.790760E-07	2	0	
+1.660740E-07	2	0	
+1.649940E-07	2	0	
+1.670220E-07	2	0	
+1.612380E-07	2	0	
+1.543620E-07	2	0	
+1.539840E-07	2	0	
+1.518900E-07	2	0	
+1.576680E-07	2	0	
+1.612980E-07	2	0	
+1.538040E-07	2	0	
+1.582440E-07	2	0	
+1.566480E-07	2	0	
+1.585260E-07	2	0	
+1.663920E-07	2	0	
+1.612200E-07	2	0	
+1.680900E-07	2	0	
-1.006122E-06	3	0	
-1.523586E-06	3	0	
-3.919620E-07	3	0	
+1.533600E-07	1	0	
+1.567800E-07	1	0	
+1.584120E-07	1	0	
+1.458180E-07	1	0	
+1.597020E-07	1	0	
+1.465560E-07	1	0	
+1.520340E-07	1	0	
+1.426860E-07	1	0	
+1.502700E-07	1	0	
+1.458180E-07	1	0	
+1.580820E-07	1	0	
+1.475520E-07	1	0	
+1.391460E-07	1	0	
+1.350720E-07	1	0	
+1.331340E-07	1	0	
+1.355040E-07	1	0	
+1.298220E-07	1	0	
+1.442640E-07	1	0	
+1.360440E-07	1	0	
+1.471620E-07	1	0	
+1.468560E-07	1	0	
+1.583640E-07	1	0	
+1.605780E-07	1	0	
+1.587180E-07	1	0	
+1.576500E-07	1	0	
+1.486800E-07	1	0	
+1.467180E-07	1	0	
+1.339170E-06	4	0	
+1.838238E-06	4	0	
+7.179900E-07	4	0	
+1.710660E-07	2	0	
+1.792560E-07	2	0	
+1.760280E-07	2	0	
+1.837380E-07	2	0	
+1.828020E-07	2	0	
+1.783380E-07	2	0	
+1.881000E-07	2	0	
+1.864860E-07	2	0	
+1.780980E-07	2	0	
+1.898340E-07	2	0	
+1.936920E-07	2	0	
+1.927500E-07	2	0	
+1.891980E-07	2	0	
+1.966140E-07	2	0	
+1.992480E-07	2	0	
+1.959540E-07	2	0	
+1.891740E-07	2	0	
+1.795920E-07	2	0	
+1.768560E-07	2	0	
+1.869300E-07	2	0	
+1.753500E-07	2	0	
+1.820460E-07	2	0	
+1.791960E-07	2	0	
+1.886760E-07	2	0	
+1.914420E-07	2	0	
+1.841700E-07	2	0	
+1.955700E-07	2	0	
-9.867960E-07	3	0	
-1.521318E-06	3	0	
-3.791820E-07	3	0	
+1.749480E-07	1	0	
+1.686900E-07	1	0	
+1.712160E-07	1	0	
+1.639680E-07	1	0	
+1.666860E-07	1	0	
+1.619580E-07	1	0	
+1.570980E-07	1	0	
+1.438860E-07	1	0	
+1.497840E-07	1	0	
+1.362000E-07	1	0	
+1.540380E-07	1	0	
+1.432020E-07	1	0	
+1.542360E-07	1	0	
+1.511520E-07	1	0	
+1.406760E-07	1	0	
+1.436880E-07	1	0	
+1.473300E-07	1	0	
+1.410840E-07	1	0	
+1.446000E-07	1	0	
+1.482120E-07	1	0	
+1.503780E-07	1	0	
+1.564680E-07	1	0	
+1.473180E-07	1	0	
+1.493820E-07	1	0	
+1.530180E-07	1	0	
+1.512360E-07	1	0	
+1.597380E-07	1	0	
+1.319118E-06	4	0	
+1.837272E-06	4	0	
+7.110660E-07	4	0	
+1.656240E-07	2	0	
+1.594920E-07	2	0	
+1.663860E-07	2	0	
+1.664640E-07	2	0	
+1.636260E-07	2	0	
+1.662840E-07	2	0	
+1.594740E-07	2	0	
+1.664760E-07	2	0	
+1.817460E-07	2	0	
+1.646280E-07	2	0	
+1.772760E-07	2	0	
+1.606860E-07	2	0	
+1.657260E-07	2	0	
+1.757220E-07	2	0	
+1.766520E-07	2	0	
+1.853520E-07	2	0	
+1.877640E-07	2	0	
+1.733400E-07	2	0	
+1.754580E-07	2	0	
+1.818600E-07	2	0	
+1.643280E-07	2	0	
+1.725180E-07	2	0	
+1.810320E-07	2	0	
+1.711260E-07	2	0	
+1.802460E-07	2	0	
+1.809840E-07	2	0	
+1.823700E-07	2	0	
-9.845940E-07	3	0	
-1.512738E-06	3	0	
-3.769980E-07	3	0	
+1.836660E-07	1	0	
+1.744740E-07	1	0	
+2.022600E-07	1	0	
+1.926600E-07	1	0	
+1.814880E-07	1	0	
+1.839780E-07	1	0	
+1.782720E-07	1	0	
+1.872540E-07	1	0	
+1.810260E-07	1	0	
+1.852440E-07	1	0	
+1.708920E-07	1	0	
+1.835040E-07	1	0	
+1.796220E-07	1	0	
+1.736580E-07	1	0	
+1.777500E-07	1	0	
+1.763520E-07	1	0	
+1.670820E-07	1	0	
+1.735080E-07	1	0	
+1.601280E-07	1	0	
+1.522020E-07	1	0	
+1.431240E-07	1	0	
+1.416480E-07	1	0	
+1.387140E-07	1	0	
+1.377900E-07	1	0	
+1.495740E-07	1	0	
+1.544040E-07	1	0	
+1.448580E-07	1	0	
+1.302228E-06	4	0	
+1.831674E-06	4	0	
+6.879840E-07	4	0	
+1.466460E-07	2	0	
+1.562400E-07	2	0	
+1.595520E-07	2	0	
+1.606740E-07	2	0	
+1.609860E-07	2	0	
+1.544520E-07	2	0	
+1.593840E-07	2	0	
+1.652280E-07	2	0	
+1.638120E-07	2	0	
+1.537380E-07	2	0	
+1.539660E-07	2	0	
+1.551300E-07	2	0	
+1.567980E-07	2	0	
+1.597320E-07	2	0	
+1.725420E-07	2	0	
+1.583580E-07	2	0	
+1.685400E-07	2	0	
+1.635240E-07	2	0	
+1.563120E-07	2	0	
+1.677840E-07	2	0	
+1.620720E-07	2	0	
+1.621800E-07	2	0	
+1.495680E-07	2	0	
+1.552740E-07	2	0	
+1.609560E-07	2	0	
+1.573980E-07	2	0	
+1.615800E-07	2	0	
-1.006854E-06	3	0	
-1.521570E-06	3	0	
-3.885120E-07	3	0	
+1.622940E-07	1	0	
+1.581960E-07	1	0	
+1.560180E-07	1	0	
+1.531200E-07	1	0	
+1.692000E-07	1	0	
+1.685760E-07	1	0	
+1.611240E-07	1	0	
+1.620660E-07	1	0	
+1.718760E-07	1	0	
+1.654320E-07	1	0	
+1.631520E-07	1	0	
+1.609920E-07	1	0	
+1.547340E-07	1	0	
+1.513500E-07	1	0	
+1.507920E-07	1	0	
+1.566060E-07	1	0	
+1.577400E-07	1	0	
+1.536120E-07	1	0	
+1.521420E-07	1	0	
+1.478460E-07	1	0	
+1.574460E-07	1	0	
+1.520040E-07	1	0	
+1.671360E-07	1	0	
+1.722540E-07	1	0	
+1.651680E-07	1	0	
+1.663980E-07	1	0	
+1.603260E-07	1	0	
+1.334148E-06	4	0	
+1.841376E-06	4	0	
+7.148880E-07	4	0	
+1.656120E-07	2	0	
+1.523880E-07	2	0	
+1.616640E-07	2	0	
+1.531320E-07	2	0	
+1.610820E-07	2	0	
+1.542900E-07	2	0	
+1.437780E-07	2	0	
+1.513080E-07	2	0	
+1.408740E-07	2	0	
+1.437660E-07	2	0	
+1.533060E-07	2	0	
+1.483320E-07	2	0	
+1.344360E-07	2	0	
+1.526280E-07	2	0	
+1.487940E-07	2	0	
+1.402800E-07	2	0	
+1.451280E-07	2	0	
+1.465260E-07	2	0	
+1.602960E-07	2	0	
+1.622100E-07	2	0	
+1.598880E-07	2	0	
+1.504320E-07	2	0	
+1.697340E-07	2	0	
+1.585200E-07	2	0	
+1.639020E-07	2	0	
+1.574040E-07	2	0	
+1.579320E-07	2	0	
-1.011162E-06	3	0	
-1.532658E-06	3	0	
-3.865500E-07	3	0	
+1.632000E-07	1	0	
+1.647000E-07	1	0	
+1.662120E-07	1	0	
+1.714140E-07	1	0	
+1.671060E-07	1	0	
+1.650900E-07	1	0	
+1.639440E-07	1	0	
+1.604640E-07	1	0	
+1.750320E-07	1	0	
+1.623540E-07	1	0	
+1.666140E-07	1	0	
+1.737720E-07	1	0	
+1.710780E-07	1	0	
+1.799880E-07	1	0	
+1.637940E-07	1	0	
+1.776360E-07	1	0	
+1.667220E-07	1	0	
+1.686660E-07	1	0	
+1.779240E-07	1	0	
+1.734720E-07	1	0	
+1.820460E-07	1	0	
+1.680300E-07	1	0	
+1.665840E-07	1	0	
+1.735740E-07	1	0	
+1.819380E-07	1	0	
+1.809360E-07	1	0	
+1.898160E-07	1	0	
+1.360578E-06	4	0	
+1.866618E-06	4	0	
+7.506360E-07	4	0	
+1.981380E-07	2	0	
+1.945020E-07	2	0	
+1.851180E-07	2	0	
+1.775280E-07	2	0	
+1.821780E-07	2	0	
+1.823580E-07	2	0	
+1.750260E-07	2	0	
+1.839480E-07	2	0	
+1.719420E-07	2	0	
+1.736820E-07	2	0	
+1.869660E-07	2	0	
+1.872360E-07	2	0	
+1.773660E-07	2	0	
+1.880160E-07	2	0	
+1.891920E-07	2	0	
+1.842300E-07	2	0	
+1.808220E-07	2	0	
+1.801080E-07	2	0	
+1.837620E-07	2	0	
+1.859640E-07	2	0	
+1.903320E-07	2	0	
+1.916220E-07	2	0	
+2.030940E-07	2	0	
+2.115120E-07	2	0	
+2.057760E-07	2	0	
+2.051700E-07	2	0	
+2.047500E-07	2	0	
-9.624000E-07	3	0	
-1.484934E-06	3	0	
-3.475440E-07	3	0	
+2.028300E-07	1	0	
+2.093340E-07	1	0	
+2.145840E-07	1	0	
+2.003940E-07	1	0	
+2.127660E-07	1	0	
+2.108400E-07	1	0	
+2.226900E-07	1	0	
+2.119200E-07	1	0	
+2.102820E-07	1	0	
+2.149620E-07	1	0	
+2.154000E-07	1	0	
+2.149800E-07	1	0	
+2.073000E-07	1	0	
+2.095380E-07	1	0	
+2.143140E-07	1	0	
+2.072460E-07	1	0	
+2.157300E-07	1	0	
+2.173320E-07	1	0	
+2.198100E-07	1	0	
+2.120280E-07	1	0	
+2.177580E-07	1	0	
+2.118840E-07	1	0	
+2.172600E-07	1	0	
+2.119620E-07	1	0	
+2.093460E-07	1	0	
+2.085960E-07	1	0	
+2.067480E-07	1	0	
+1.368618E-06	4	0	
+1.884402E-06	4	0	
+7.496760E-07	4	0	
+1.883040E-07	2	0	
+1.941000E-07	2	0	
+1.970760E-07	2	0	
+1.907760E-07	2	0	
+1.895580E-07	2	0	
+1.871460E-07	2	0	
+1.824060E-07	2	0	
+1.856640E-07	2	0	
+1.915680E-07	2	0	
+1.949100E-07	2	0	
+1.873440E-07	2	0	
+2.018640E-07	2	0	
+1.893420E-07	2	0	
+2.004300E-07	2	0	
+1.370460E-07	2	0	
+1.788540E-07	2	0	
+1.846020E-07	2	0	
+1.924620E-07	2	0	
+1.822620E-07	2	0	
+1.787460E-07	2	0	
+1.885200E-07	2	0	
+1.726560E-07	2	0	
+1.766760E-07	2	0	
+1.808460E-07	2	0	
+1.824420E-07	2	0	
+1.956600E-07	2	0	
+1.834680E-07	2	0	
-9.811020E-07	3	0	
-1.499994E-06	3	0	
-3.656700E-07	3	0	
+1.963620E-07	1	0	
+1.898040E-07	1	0	
+1.949280E-07	1	0	
+1.850220E-07	1	0	
+1.849620E-07	1	0	
+1.953780E-07	1	0	
+1.843980E-07	1	0	
+1.889160E-07	1	0	
+1.827780E-07	1	0	
+1.889880E-07	1	0	
+1.852320E-07	1	0	
+1.916280E-07	1	0	
+1.901760E-07	1	0	
+1.934880E-07	1	0	
+1.848120E-07	1	0	
+1.805460E-07	1	0	
+1.763940E-07	1	0	
+1.808100E-07	1	0	
+1.818900E-07	1	0	
+1.830000E-07	1	0	
+1.856760E-07	1	0	
+1.738320E-07	1	0	
+1.430940E-07	1	0	
+1.449480E-07	1	0	
+1.575360E-07	1	0	
+1.543560E-07	1	0	
+1.477680E-07	1	0	
+1.324200E-06	4	0	
+1.844364E-06	4	0	
+7.015920E-07	4	0	
+1.464240E-07	2	0	
+1.384320E-07	2	0	
+1.410840E-07	2	0	
+1.474140E-07	2	0	
+1.417860E-07	2	0	
+1.454520E-07	2	0	
+1.486440E-07	2	0	
+1.639320E-07	2	0	
+1.476420E-07	2	0	
+1.385280E-07	2	0	
+1.533900E-07	2	0	
+1.520700E-07	2	0	
+1.515780E-07	2	0	
+1.474860E-07	2	0	
+1.525020E-07	2	0	
+1.574220E-07	2	0	
+1.627740E-07	2	0	
+1.585920E-07	2	0	
+1.507740E-07	2	0	
+1.544880E-07	2	0	
+1.584240E-07	2	0	
+1.585140E-07	2	0	
+1.525980E-07	2	0	
+1.618680E-07	2	0	
+1.632600E-07	2	0	
+1.508280E-07	2	0	
+1.724400E-07	2	0	
-9.993660E-07	3	0	
-1.517688E-06	3	0	
-3.784980E-07	3	0	
+1.493580E-07	1	0	
+1.599420E-07	1	0	
+1.517700E-07	1	0	
+1.550160E-07	1	0	
+1.469940E-07	1	0	
+1.376340E-07	1	0	
+1.575060E-07	1	0	
+1.471860E-07	1	0	
+1.396920E-07	1	0	
+1.467180E-07	1	0	
+1.238400E-07	1	0	
+1.345140E-07	1	0	
+1.397040E-07	1	0	
+1.434240E-07	1	0	
+1.407780E-07	1	0	
+1.501380E-07	1	0	
+1.409100E-07	1	0	
+1.433640E-07	1	0	
+1.439820E-07	1	0	
+1.362960E-07	1	0	
+1.475340E-07	1	0	
+1.427160E-07	1	0	
+1.306740E-07	1	0	
+1.335420E-07	1	0	
+1.327380E-07	1	0	
+1.379580E-07	1	0	
+1.268040E-07	1	0	
+1.307448E-06	4	0	
+1.830948E-06	4	0	
+6.917040E-07	4	0	
+1.408620E-07	2	0	
+1.399560E-07	2	0	
+1.537560E-07	2	0	
+1.484940E-07	2	0	
+1.486200E-07	2	0	
+1.403280E-07	2	0	
+1.503060E-07	2	0	
+1.472340E-07	2	0	
+1.474500E-07	2	0	
+1.438020E-07	2	0	
+1.391940E-07	2	0	
+1.522920E-07	2	0	
+1.501080E-07	2	0	
+1.371300E-07	2	0	
+1.508760E-07	2	0	
+1.454880E-07	2	0	
+1.376520E-07	2	0	
+1.393680E-07	2	0	
+1.397940E-07	2	0	
+1.372800E-07	2	0	
+1.333020E-07	2	0	
+1.370460E-07	2	0	
+1.262760E-07	2	0	
+1.351080E-07	2	0	
+1.434240E-07	2	0	
+1.261440E-07	2	0	
+1.299420E-07	2	0	
-1.037004E-06	3	0	
-1.536840E-06	3	0	
