start date: 	2023-08-10
start time: 	14.39.49
stop date: 	2023-08-10
stop time: 	15.00.58
com rel. humid (%):	34.1
com temp (°C):	28.90
cn temp (°C):	31.00
nv temp (°C):	35.12
bvd averages: 	     20
remarks: 	CCC probe connected to GaAs probe, GaAs 8 V+=Yel, V-=Wht, I+=Wht, I-=Blk, B = 11.56 T (84.4 A), Psample = 3.0e-3 mbar, using 4G power supply, turned off magnet ps
R1 Info: 	NIST-QHRGaAs13k-8
R2 Info: 	1216
data filepath: 	M:\MagniconData\CCCViewerData\cccviewer_measure\2023-08-10_CCC\230810_002_1439.txt
config filepath: 	M:\MagniconData\CCCViewerData\cccviewer_measure\2023-08-10_CCC\230810_002_1439_cccdrive.cfg
time base (Hz): 	60
integration time (time base multiples):	60
number of samples per half cycle: 	30
ignored first samples: 	14
ignored last samples: 	0
amplifier gain: 	1000000
delta N1/NA (mTurns): 	21.323870402
delta (I2*R2) (V): 	2.000061037
N1 (Turns):	2065
N2 (Turns):	16
NA (Turns):	1
R1 (Ohm): 	12906.404000
R2 (Ohm): 	100.000000

data(V)	phase	error
+2.530800E-07	0	0	
+2.580180E-07	0	0	
+2.720058E-06	3	0	
+1.453536E-06	3	0	
+2.351280E-07	1	0	
+2.359680E-07	1	0	
+2.371380E-07	1	0	
+2.373900E-07	1	0	
+2.263620E-07	1	0	
+2.326980E-07	1	0	
+2.360160E-07	1	0	
+2.362020E-07	1	0	
+2.390700E-07	1	0	
+2.342520E-07	1	0	
+2.397060E-07	1	0	
+2.402340E-07	1	0	
+2.376180E-07	1	0	
+2.494680E-07	1	0	
+2.346960E-07	1	0	
+2.454180E-07	1	0	
+2.475900E-07	1	0	
+2.444940E-07	1	0	
+2.445840E-07	1	0	
+2.495640E-07	1	0	
+2.424240E-07	1	0	
+2.571780E-07	1	0	
+2.511060E-07	1	0	
+2.437980E-07	1	0	
+2.501580E-07	1	0	
+2.555460E-07	1	0	
+2.370900E-07	1	0	
+2.501340E-07	1	0	
-2.423682E-06	4	0	
-3.614886E-06	4	8	
-1.061280E-06	4	0	
+2.433300E-07	2	0	
+2.492220E-07	2	0	
+2.523120E-07	2	0	
+2.528880E-07	2	0	
+2.533260E-07	2	0	
+2.491020E-07	2	0	
+2.484780E-07	2	0	
+2.599920E-07	2	0	
+2.593020E-07	2	0	
+2.424840E-07	2	0	
+2.499900E-07	2	0	
+2.498940E-07	2	0	
+2.617020E-07	2	0	
+2.560140E-07	2	0	
+2.562840E-07	2	0	
+2.629740E-07	2	0	
+2.613600E-07	2	0	
+2.443740E-07	2	0	
+2.521020E-07	2	0	
+2.587560E-07	2	0	
+2.569980E-07	2	0	
+2.466360E-07	2	0	
+2.568720E-07	2	0	
+2.615400E-07	2	0	
+2.625660E-07	2	0	
+2.569740E-07	2	0	
+2.556120E-07	2	0	
+2.719098E-06	3	0	
+3.665910E-06	3	8	
+1.508322E-06	3	0	
+2.827860E-07	1	0	
+2.591760E-07	1	0	
+2.547000E-07	1	0	
+2.451600E-07	1	0	
+2.506020E-07	1	0	
+2.449080E-07	1	0	
+2.387400E-07	1	0	
+2.384460E-07	1	0	
+2.345820E-07	1	0	
+2.334180E-07	1	0	
+2.287500E-07	1	0	
+2.322540E-07	1	0	
+2.201100E-07	1	0	
+2.385240E-07	1	0	
+2.335440E-07	1	0	
+2.243520E-07	1	0	
+2.179980E-07	1	0	
+2.108340E-07	1	0	
+2.131200E-07	1	0	
+2.140980E-07	1	0	
+2.179620E-07	1	0	
+2.158740E-07	1	0	
+2.116920E-07	1	0	
+2.155140E-07	1	0	
+2.004840E-07	1	0	
+2.012040E-07	1	0	
+1.986960E-07	1	0	
-2.449626E-06	4	0	
-3.615636E-06	4	8	
-1.111644E-06	4	0	
+1.862940E-07	2	0	
+1.968780E-07	2	0	
+1.845660E-07	2	0	
+1.849920E-07	2	0	
+1.875600E-07	2	0	
+1.826040E-07	2	0	
+1.871460E-07	2	0	
+1.945920E-07	2	0	
+1.940760E-07	2	0	
+1.968660E-07	2	0	
+1.928760E-07	2	0	
+1.846140E-07	2	0	
+1.915920E-07	2	0	
+1.838820E-07	2	0	
+1.883400E-07	2	0	
+1.994520E-07	2	0	
+2.007660E-07	2	0	
+1.975740E-07	2	0	
+1.991580E-07	2	0	
+1.938120E-07	2	0	
+1.967220E-07	2	0	
+2.025720E-07	2	0	
+2.003280E-07	2	0	
+2.076000E-07	2	0	
+2.001180E-07	2	0	
+2.015760E-07	2	0	
+1.983600E-07	2	0	
+2.695572E-06	3	0	
+3.665916E-06	3	8	
+1.468302E-06	3	0	
+2.165460E-07	1	0	
+2.166540E-07	1	0	
+2.038800E-07	1	0	
+2.096760E-07	1	0	
+1.917120E-07	1	0	
+1.930560E-07	1	0	
+1.918620E-07	1	0	
+1.856520E-07	1	0	
+1.864200E-07	1	0	
+1.980300E-07	1	0	
+1.922520E-07	1	0	
+1.934100E-07	1	0	
+1.945800E-07	1	0	
+1.891320E-07	1	0	
+1.930620E-07	1	0	
+1.995840E-07	1	0	
+1.894740E-07	1	0	
+1.861440E-07	1	0	
+1.938480E-07	1	0	
+2.113920E-07	1	0	
+1.957200E-07	1	0	
+1.995480E-07	1	0	
+2.032500E-07	1	0	
+1.956420E-07	1	0	
+2.019480E-07	1	0	
+1.950300E-07	1	0	
+2.012820E-07	1	0	
-2.450874E-06	4	0	
-3.615528E-06	4	8	
-1.107834E-06	4	0	
+1.928340E-07	2	0	
+2.051040E-07	2	0	
+2.080500E-07	2	0	
+1.987800E-07	2	0	
+1.969560E-07	2	0	
+2.136780E-07	2	0	
+2.088960E-07	2	0	
+2.095680E-07	2	0	
+2.012340E-07	2	0	
+1.961820E-07	2	0	
+2.048160E-07	2	0	
+2.096820E-07	2	0	
+2.011860E-07	2	0	
+1.991340E-07	2	0	
+1.932180E-07	2	0	
+2.103420E-07	2	0	
+2.012940E-07	2	0	
+2.036700E-07	2	0	
+2.009760E-07	2	0	
+2.073180E-07	2	0	
+1.968180E-07	2	0	
+2.051940E-07	2	0	
+2.003220E-07	2	0	
+2.031600E-07	2	0	
+2.185800E-07	2	0	
+2.090220E-07	2	0	
+2.022120E-07	2	0	
+2.697828E-06	3	0	
+3.665910E-06	3	8	
+1.467414E-06	3	0	
+2.149620E-07	1	0	
+2.084100E-07	1	0	
+2.043480E-07	1	0	
+2.102160E-07	1	0	
+1.980960E-07	1	0	
+2.023140E-07	1	0	
+2.029980E-07	1	0	
+2.036460E-07	1	0	
+2.051100E-07	1	0	
+2.046600E-07	1	0	
+2.040180E-07	1	0	
+1.924380E-07	1	0	
+2.034780E-07	1	0	
+2.010660E-07	1	0	
+1.988700E-07	1	0	
+2.012280E-07	1	0	
+2.157060E-07	1	0	
+2.045760E-07	1	0	
+2.072700E-07	1	0	
+2.067180E-07	1	0	
+1.947420E-07	1	0	
+2.057040E-07	1	0	
+1.978740E-07	1	0	
+1.981680E-07	1	0	
+1.918800E-07	1	0	
+2.027100E-07	1	0	
+1.952820E-07	1	0	
-2.454078E-06	4	0	
-3.615600E-06	4	8	
-1.112208E-06	4	0	
+1.818600E-07	2	0	
+1.917840E-07	2	0	
+1.796460E-07	2	0	
+1.839420E-07	2	0	
+1.834080E-07	2	0	
+1.969860E-07	2	0	
+1.784460E-07	2	0	
+1.909260E-07	2	0	
+1.852500E-07	2	0	
+1.901580E-07	2	0	
+1.909440E-07	2	0	
+1.937340E-07	2	0	
+1.917480E-07	2	0	
+1.861020E-07	2	0	
+1.985220E-07	2	0	
+1.998660E-07	2	0	
+1.856280E-07	2	0	
+1.827240E-07	2	0	
+1.951920E-07	2	0	
+1.960980E-07	2	0	
+1.936500E-07	2	0	
+1.967760E-07	2	0	
+1.974000E-07	2	0	
+1.927140E-07	2	0	
+1.943460E-07	2	0	
+2.035020E-07	2	0	
+1.897320E-07	2	0	
+2.691234E-06	3	0	
+3.665886E-06	3	8	
+1.465320E-06	3	0	
+2.169780E-07	1	0	
+2.134980E-07	1	0	
+1.913520E-07	1	0	
+2.094660E-07	1	0	
+2.045580E-07	1	0	
+1.953360E-07	1	0	
+1.920060E-07	1	0	
+2.031600E-07	1	0	
+1.999440E-07	1	0	
+1.978500E-07	1	0	
+1.951320E-07	1	0	
+1.982820E-07	1	0	
+2.006580E-07	1	0	
+2.046120E-07	1	0	
+1.947540E-07	1	0	
+1.981020E-07	1	0	
+1.954560E-07	1	0	
+1.962960E-07	1	0	
+1.957500E-07	1	0	
+1.849260E-07	1	0	
+1.946160E-07	1	0	
+1.935180E-07	1	0	
+1.938000E-07	1	0	
+1.952400E-07	1	0	
+1.875420E-07	1	0	
+1.991220E-07	1	0	
+1.939800E-07	1	0	
-2.455998E-06	4	0	
-3.615498E-06	4	8	
-1.113786E-06	4	0	
+1.715580E-07	2	0	
+1.958340E-07	2	0	
+2.028480E-07	2	0	
+1.933020E-07	2	0	
+1.842660E-07	2	0	
+1.853040E-07	2	0	
+1.977900E-07	2	0	
+1.884240E-07	2	0	
+1.954020E-07	2	0	
+1.943220E-07	2	0	
+1.821000E-07	2	0	
+1.950360E-07	2	0	
+2.010660E-07	2	0	
+1.808520E-07	2	0	
+1.905360E-07	2	0	
+1.968240E-07	2	0	
+1.927440E-07	2	0	
+1.982400E-07	2	0	
+1.926780E-07	2	0	
+1.946040E-07	2	0	
+2.002440E-07	2	0	
+1.938240E-07	2	0	
+1.950660E-07	2	0	
+1.891260E-07	2	0	
+1.883640E-07	2	0	
+1.865880E-07	2	0	
+1.935480E-07	2	0	
+2.686830E-06	3	0	
+3.665916E-06	3	8	
+1.456746E-06	3	0	
+2.028120E-07	1	0	
+2.024520E-07	1	0	
+2.075340E-07	1	0	
+1.999680E-07	1	0	
+1.956180E-07	1	0	
+1.798140E-07	1	0	
+1.933380E-07	1	0	
+1.908300E-07	1	0	
+1.987740E-07	1	0	
+1.884600E-07	1	0	
+1.803120E-07	1	0	
+2.061600E-07	1	0	
+1.980060E-07	1	0	
+1.890720E-07	1	0	
+1.829280E-07	1	0	
+1.877520E-07	1	0	
+1.721580E-07	1	0	
+1.793820E-07	1	0	
+1.837980E-07	1	0	
+1.723380E-07	1	0	
+1.699920E-07	1	0	
+1.770300E-07	1	0	
+1.811520E-07	1	0	
+1.852020E-07	1	0	
+1.802100E-07	1	0	
+1.864440E-07	1	0	
+1.810560E-07	1	0	
-2.459958E-06	4	0	
-3.615606E-06	4	8	
-1.118748E-06	4	0	
+1.684980E-07	2	0	
+1.891500E-07	2	0	
+1.828500E-07	2	0	
+1.821360E-07	2	0	
+1.779060E-07	2	0	
+1.695360E-07	2	0	
+1.748700E-07	2	0	
+1.842720E-07	2	0	
+1.727280E-07	2	0	
+1.809480E-07	2	0	
+1.723980E-07	2	0	
+1.806540E-07	2	0	
+1.776480E-07	2	0	
+1.836180E-07	2	0	
+1.678200E-07	2	0	
+1.742400E-07	2	0	
+1.698060E-07	2	0	
+1.818780E-07	2	0	
+1.848240E-07	2	0	
+1.862880E-07	2	0	
+1.822920E-07	2	0	
+1.696680E-07	2	0	
+1.886340E-07	2	0	
+1.762140E-07	2	0	
+1.808580E-07	2	0	
+1.769700E-07	2	0	
+1.991940E-07	2	0	
+2.685348E-06	3	0	
+3.665904E-06	3	8	
+1.455360E-06	3	0	
+1.795380E-07	1	0	
+1.916340E-07	1	0	
+1.894740E-07	1	0	
+1.916160E-07	1	0	
+1.851300E-07	1	0	
+1.952760E-07	1	0	
+2.001360E-07	1	0	
+1.828860E-07	1	0	
+1.972080E-07	1	0	
+1.887840E-07	1	0	
+1.786560E-07	1	0	
+1.907400E-07	1	0	
+1.975740E-07	1	0	
+1.949700E-07	1	0	
+1.990500E-07	1	0	
+1.877520E-07	1	0	
+1.949640E-07	1	0	
+1.969680E-07	1	0	
+1.883460E-07	1	0	
+1.981140E-07	1	0	
+1.892640E-07	1	0	
+1.749840E-07	1	0	
+1.961940E-07	1	0	
+1.941300E-07	1	0	
+1.865040E-07	1	0	
+2.049180E-07	1	0	
+1.805280E-07	1	0	
-2.458530E-06	4	0	
-3.615576E-06	4	8	
-1.113654E-06	4	0	
+1.895460E-07	2	0	
+1.843860E-07	2	0	
+1.918260E-07	2	0	
+1.784880E-07	2	0	
+1.879080E-07	2	0	
+1.865400E-07	2	0	
+1.901100E-07	2	0	
+1.822920E-07	2	0	
+1.978440E-07	2	0	
+1.809480E-07	2	0	
+1.857060E-07	2	0	
+1.882620E-07	2	0	
+1.748220E-07	2	0	
+1.838220E-07	2	0	
+1.750200E-07	2	0	
+1.923420E-07	2	0	
+1.755000E-07	2	0	
+1.811040E-07	2	0	
+1.830000E-07	2	0	
+1.656120E-07	2	0	
+1.702800E-07	2	0	
+1.728120E-07	2	0	
+1.779600E-07	2	0	
+1.785600E-07	2	0	
+1.724700E-07	2	0	
+1.621680E-07	2	0	
+1.547340E-07	2	0	
+2.680416E-06	3	0	
+3.665898E-06	3	8	
+1.437390E-06	3	0	
+1.581360E-07	1	0	
+1.722120E-07	1	0	
+1.781640E-07	1	0	
+1.703160E-07	1	0	
+1.779600E-07	1	0	
+1.620780E-07	1	0	
+1.799700E-07	1	0	
+1.767840E-07	1	0	
+1.605180E-07	1	0	
+1.745340E-07	1	0	
+1.580400E-07	1	0	
+1.715880E-07	1	0	
+1.726080E-07	1	0	
+1.773240E-07	1	0	
+1.723440E-07	1	0	
+1.645320E-07	1	0	
+1.779360E-07	1	0	
+1.746240E-07	1	0	
+1.719060E-07	1	0	
+1.733100E-07	1	0	
+1.544940E-07	1	0	
+1.563600E-07	1	0	
+1.597560E-07	1	0	
+1.520820E-07	1	0	
+1.621320E-07	1	0	
+1.500780E-07	1	0	
+1.432500E-07	1	0	
-2.474700E-06	4	0	
-3.615720E-06	4	8	
-1.141146E-06	4	0	
+1.499040E-07	2	0	
+1.561080E-07	2	0	
+1.456620E-07	2	0	
+1.496160E-07	2	0	
+1.541040E-07	2	0	
+1.557120E-07	2	0	
+1.577940E-07	2	0	
+1.491780E-07	2	0	
+1.453800E-07	2	0	
+1.563000E-07	2	0	
+1.507140E-07	2	0	
+1.729080E-07	2	0	
+1.538280E-07	2	0	
+1.473900E-07	2	0	
+1.508520E-07	2	0	
+1.503540E-07	2	0	
+1.612320E-07	2	0	
+1.546380E-07	2	0	
+1.616760E-07	2	0	
+1.569960E-07	2	0	
+1.609860E-07	2	0	
+1.682880E-07	2	0	
+1.653300E-07	2	0	
+1.641240E-07	2	0	
+1.673820E-07	2	0	
+1.633860E-07	2	0	
+1.713000E-07	2	0	
+2.680260E-06	3	0	
+3.665910E-06	3	8	
+1.443498E-06	3	0	
+1.885560E-07	1	0	
+1.667580E-07	1	0	
+1.742580E-07	1	0	
+1.687440E-07	1	0	
+1.698180E-07	1	0	
+1.800060E-07	1	0	
+1.762620E-07	1	0	
+1.701900E-07	1	0	
+1.680660E-07	1	0	
+1.742220E-07	1	0	
+1.645920E-07	1	0	
+1.704000E-07	1	0	
+1.668900E-07	1	0	
+1.755180E-07	1	0	
+1.754340E-07	1	0	
+1.766100E-07	1	0	
+1.809780E-07	1	0	
+1.771140E-07	1	0	
+1.894440E-07	1	0	
+1.697100E-07	1	0	
+1.798680E-07	1	0	
+1.903440E-07	1	0	
+1.770360E-07	1	0	
+1.725780E-07	1	0	
+1.771500E-07	1	0	
+1.784040E-07	1	0	
+1.720620E-07	1	0	
-2.462322E-06	4	0	
-3.615444E-06	4	8	
-1.128330E-06	4	0	
+1.775820E-07	2	0	
+1.766040E-07	2	0	
+1.636500E-07	2	0	
+1.797420E-07	2	0	
+1.842900E-07	2	0	
+1.754160E-07	2	0	
+1.710420E-07	2	0	
+1.648080E-07	2	0	
+1.644240E-07	2	0	
+1.783920E-07	2	0	
+1.703760E-07	2	0	
+1.610640E-07	2	0	
+1.701060E-07	2	0	
+1.669740E-07	2	0	
+1.624320E-07	2	0	
+1.676940E-07	2	0	
+1.688640E-07	2	0	
+1.550640E-07	2	0	
+1.726140E-07	2	0	
+1.629300E-07	2	0	
+1.657380E-07	2	0	
+1.748700E-07	2	0	
+1.670100E-07	2	0	
+1.613040E-07	2	0	
+1.738680E-07	2	0	
+1.702680E-07	2	0	
+1.511520E-07	2	0	
+2.671584E-06	3	0	
+3.665910E-06	3	8	
+1.439076E-06	3	0	
+1.843500E-07	1	0	
+1.780920E-07	1	0	
+1.705560E-07	1	0	
+1.663020E-07	1	0	
+1.736220E-07	1	0	
+1.630380E-07	1	0	
+1.578900E-07	1	0	
+1.559940E-07	1	0	
+1.630860E-07	1	0	
+1.606920E-07	1	0	
+1.544460E-07	1	0	
+1.481160E-07	1	0	
+1.500000E-07	1	0	
+1.519200E-07	1	0	
+1.488120E-07	1	0	
+1.457820E-07	1	0	
+1.505400E-07	1	0	
+1.473000E-07	1	0	
+1.494420E-07	1	0	
+1.566240E-07	1	0	
+1.509840E-07	1	0	
+1.563720E-07	1	0	
+1.510620E-07	1	0	
+1.549080E-07	1	0	
+1.338000E-07	1	0	
+1.525080E-07	1	0	
+1.490100E-07	1	0	
-2.474034E-06	4	0	
-3.615756E-06	4	8	
-1.154376E-06	4	0	
+1.404780E-07	2	0	
+1.513260E-07	2	0	
+1.472880E-07	2	0	
+1.476180E-07	2	0	
+1.522740E-07	2	0	
+1.482900E-07	2	0	
+1.496700E-07	2	0	
+1.539180E-07	2	0	
+1.490760E-07	2	0	
+1.494240E-07	2	0	
+1.657440E-07	2	0	
+1.602360E-07	2	0	
+1.585380E-07	2	0	
+1.557420E-07	2	0	
+1.634940E-07	2	0	
+1.487280E-07	2	0	
+1.584120E-07	2	0	
+1.565520E-07	2	0	
+1.568400E-07	2	0	
+1.545900E-07	2	0	
+1.616100E-07	2	0	
+1.552920E-07	2	0	
+1.505400E-07	2	0	
+1.575120E-07	2	0	
+1.503000E-07	2	0	
+1.603140E-07	2	0	
+1.519200E-07	2	0	
+2.668644E-06	3	0	
+3.665904E-06	3	8	
+1.425444E-06	3	0	
+1.601040E-07	1	0	
+1.614480E-07	1	0	
+1.548060E-07	1	0	
+1.545180E-07	1	0	
+1.563240E-07	1	0	
+1.582560E-07	1	0	
+1.533240E-07	1	0	
+1.481880E-07	1	0	
+1.465140E-07	1	0	
+1.416180E-07	1	0	
+1.396680E-07	1	0	
+1.355580E-07	1	0	
+1.385880E-07	1	0	
+1.372560E-07	1	0	
+1.286580E-07	1	0	
+1.229160E-07	1	0	
+1.278360E-07	1	0	
+1.278120E-07	1	0	
+1.166340E-07	1	0	
+1.261560E-07	1	0	
+1.157580E-07	1	0	
+1.144980E-07	1	0	
+1.305780E-07	1	0	
+1.208700E-07	1	0	
+1.130340E-07	1	0	
+1.156920E-07	1	0	
+1.228260E-07	1	0	
-2.495088E-06	4	0	
-3.615924E-06	4	8	
-1.168350E-06	4	0	
+9.918600E-08	2	0	
+1.101900E-07	2	0	
+1.160400E-07	2	0	
+9.462600E-08	2	0	
+1.168860E-07	2	0	
+1.060620E-07	2	0	
+1.248660E-07	2	0	
+1.192380E-07	2	0	
+1.133640E-07	2	0	
+1.137840E-07	2	0	
+1.243500E-07	2	0	
+1.104300E-07	2	0	
+1.079280E-07	2	0	
+1.139160E-07	2	0	
+1.065900E-07	2	0	
+1.210380E-07	2	0	
+1.244460E-07	2	0	
+1.178460E-07	2	0	
+1.129860E-07	2	0	
+1.228560E-07	2	0	
+1.162980E-07	2	0	
+1.165380E-07	2	0	
+1.275300E-07	2	0	
+1.216140E-07	2	0	
+1.137480E-07	2	0	
+1.261620E-07	2	0	
+1.377660E-07	2	0	
+2.665032E-06	3	0	
+3.665892E-06	3	8	
+1.413732E-06	3	0	
+1.410600E-07	1	0	
+1.428360E-07	1	0	
+1.371120E-07	1	0	
+1.539960E-07	1	0	
+1.532880E-07	1	0	
+1.506600E-07	1	0	
+1.522320E-07	1	0	
+1.553280E-07	1	0	
+1.555140E-07	1	0	
+1.498500E-07	1	0	
+1.630320E-07	1	0	
+1.602600E-07	1	0	
+1.632900E-07	1	0	
+1.515720E-07	1	0	
+1.553160E-07	1	0	
+1.551180E-07	1	0	
+1.590900E-07	1	0	
+1.564080E-07	1	0	
+1.602360E-07	1	0	
+1.639800E-07	1	0	
+1.617900E-07	1	0	
+1.623960E-07	1	0	
+1.540200E-07	1	0	
+1.510620E-07	1	0	
+1.525260E-07	1	0	
+1.655280E-07	1	0	
+1.532580E-07	1	0	
-2.483904E-06	4	0	
-3.615714E-06	4	8	
-1.146510E-06	4	0	
+1.461420E-07	2	0	
+1.448460E-07	2	0	
+1.310580E-07	2	0	
+1.385760E-07	2	0	
+1.529880E-07	2	0	
+1.425840E-07	2	0	
+1.458240E-07	2	0	
+1.529460E-07	2	0	
+1.547520E-07	2	0	
+1.399260E-07	2	0	
+1.528080E-07	2	0	
+1.467780E-07	2	0	
+1.429920E-07	2	0	
+1.527180E-07	2	0	
+1.471140E-07	2	0	
+1.407120E-07	2	0	
+1.415400E-07	2	0	
+1.486260E-07	2	0	
+1.455720E-07	2	0	
+1.455000E-07	2	0	
+1.559040E-07	2	0	
+1.498740E-07	2	0	
+1.492140E-07	2	0	
+1.486680E-07	2	0	
+1.473960E-07	2	0	
+1.512000E-07	2	0	
+1.478880E-07	2	0	
+2.665632E-06	3	0	
+3.665904E-06	3	8	
+1.422666E-06	3	0	
+1.614240E-07	1	0	
+1.693980E-07	1	0	
+1.563540E-07	1	0	
+1.609080E-07	1	0	
+1.547160E-07	1	0	
+1.565220E-07	1	0	
+1.496280E-07	1	0	
+1.526280E-07	1	0	
+1.614240E-07	1	0	
+1.516620E-07	1	0	
+1.411680E-07	1	0	
+1.457760E-07	1	0	
+1.454340E-07	1	0	
+1.469640E-07	1	0	
+1.455960E-07	1	0	
+1.459620E-07	1	0	
+1.416060E-07	1	0	
+1.474800E-07	1	0	
+1.370160E-07	1	0	
+1.462860E-07	1	0	
+1.468680E-07	1	0	
+1.354380E-07	1	0	
+1.367940E-07	1	0	
+1.480620E-07	1	0	
+1.359180E-07	1	0	
+1.432620E-07	1	0	
+1.378140E-07	1	0	
-2.481576E-06	4	0	
-3.615666E-06	4	8	
-1.152168E-06	4	0	
+1.405800E-07	2	0	
+1.410000E-07	2	0	
+1.389240E-07	2	0	
+1.282560E-07	2	0	
+1.357080E-07	2	0	
+1.495740E-07	2	0	
+1.482180E-07	2	0	
+1.479060E-07	2	0	
+1.456200E-07	2	0	
+1.555080E-07	2	0	
+1.447980E-07	2	0	
+1.410720E-07	2	0	
+1.501020E-07	2	0	
+1.566600E-07	2	0	
+1.398660E-07	2	0	
+1.519560E-07	2	0	
+1.503360E-07	2	0	
+1.527300E-07	2	0	
+1.448520E-07	2	0	
+1.504980E-07	2	0	
+1.480380E-07	2	0	
+1.597800E-07	2	0	
+1.532880E-07	2	0	
+1.478640E-07	2	0	
+1.531380E-07	2	0	
+1.469580E-07	2	0	
+1.518300E-07	2	0	
+2.675910E-06	3	0	
+3.665910E-06	3	8	
+1.430904E-06	3	0	
+1.623480E-07	1	0	
+1.574220E-07	1	0	
+1.677780E-07	1	0	
+1.537440E-07	1	0	
+1.502580E-07	1	0	
+1.485060E-07	1	0	
+1.471020E-07	1	0	
+1.688820E-07	1	0	
+1.636620E-07	1	0	
+1.618440E-07	1	0	
+1.646100E-07	1	0	
+1.531920E-07	1	0	
+1.630020E-07	1	0	
+1.641300E-07	1	0	
+1.618560E-07	1	0	
+1.496640E-07	1	0	
+1.556220E-07	1	0	
+1.581660E-07	1	0	
+1.594080E-07	1	0	
+1.546380E-07	1	0	
+1.624080E-07	1	0	
+1.604460E-07	1	0	
+1.691820E-07	1	0	
+1.672200E-07	1	0	
+1.610220E-07	1	0	
+1.656720E-07	1	0	
+1.572720E-07	1	0	
-2.473542E-06	4	0	
-3.615426E-06	4	8	
-1.135530E-06	4	0	
+1.469220E-07	2	0	
+1.555980E-07	2	0	
+1.571820E-07	2	0	
+1.574160E-07	2	0	
+1.533300E-07	2	0	
+1.651080E-07	2	0	
+1.457220E-07	2	0	
+1.586940E-07	2	0	
+1.656420E-07	2	0	
+1.627920E-07	2	0	
+1.498200E-07	2	0	
+1.640460E-07	2	0	
+1.520880E-07	2	0	
+1.493160E-07	2	0	
+1.692360E-07	2	0	
+1.473180E-07	2	0	
+1.542240E-07	2	0	
+1.623540E-07	2	0	
+1.533900E-07	2	0	
+1.491420E-07	2	0	
+1.524180E-07	2	0	
+1.516140E-07	2	0	
+1.620360E-07	2	0	
+1.654800E-07	2	0	
+1.620480E-07	2	0	
+1.673040E-07	2	0	
+1.519680E-07	2	0	
+2.672718E-06	3	0	
+3.665904E-06	3	8	
+1.433364E-06	3	0	
+1.716960E-07	1	0	
+1.592220E-07	1	0	
+1.624980E-07	1	0	
+1.518240E-07	1	0	
+1.576500E-07	1	0	
+1.673220E-07	1	0	
+1.548540E-07	1	0	
+1.628520E-07	1	0	
+1.520400E-07	1	0	
+1.588980E-07	1	0	
+1.539360E-07	1	0	
+1.490640E-07	1	0	
+1.492320E-07	1	0	
+1.487100E-07	1	0	
+1.605900E-07	1	0	
+1.584480E-07	1	0	
+1.709040E-07	1	0	
+1.561080E-07	1	0	
+1.593480E-07	1	0	
+1.646340E-07	1	0	
+1.639920E-07	1	0	
+1.622100E-07	1	0	
+1.423620E-07	1	0	
+1.586040E-07	1	0	
+1.646940E-07	1	0	
+1.561620E-07	1	0	
+1.610520E-07	1	0	
-2.479074E-06	4	0	
-3.615690E-06	4	8	
-1.145748E-06	4	0	
+1.472340E-07	2	0	
+1.457160E-07	2	0	
+1.396080E-07	2	0	
+1.402980E-07	2	0	
+1.375140E-07	2	0	
+1.368660E-07	2	0	
+1.389180E-07	2	0	
+1.369260E-07	2	0	
+1.445520E-07	2	0	
+1.453920E-07	2	0	
+1.352820E-07	2	0	
+1.400520E-07	2	0	
+1.305660E-07	2	0	
+1.311240E-07	2	0	
+1.339080E-07	2	0	
+1.319580E-07	2	0	
+1.349820E-07	2	0	
+1.356600E-07	2	0	
+1.393680E-07	2	0	
+1.409040E-07	2	0	
+1.271640E-07	2	0	
+1.273920E-07	2	0	
+1.330560E-07	2	0	
+1.445640E-07	2	0	
+1.399260E-07	2	0	
+1.379700E-07	2	0	
+1.388760E-07	2	0	
+2.658234E-06	3	0	
+3.665910E-06	3	8	
+1.425984E-06	3	0	
+1.515720E-07	1	0	
+1.579020E-07	1	0	
+1.612680E-07	1	0	
+1.573080E-07	1	0	
+1.536300E-07	1	0	
+1.513800E-07	1	0	
+1.499160E-07	1	0	
+1.496820E-07	1	0	
+1.561440E-07	1	0	
+1.465620E-07	1	0	
+1.549560E-07	1	0	
+1.603080E-07	1	0	
+1.441980E-07	1	0	
+1.521720E-07	1	0	
+1.453260E-07	1	0	
+1.500180E-07	1	0	
+1.481580E-07	1	0	
+1.515420E-07	1	0	
+1.493760E-07	1	0	
+1.423980E-07	1	0	
+1.391940E-07	1	0	
+1.289880E-07	1	0	
+1.395780E-07	1	0	
+1.261380E-07	1	0	
+1.400580E-07	1	0	
+1.394100E-07	1	0	
+1.354260E-07	1	0	
-2.485248E-06	4	0	
-3.615786E-06	4	8	
-1.155072E-06	4	0	
+1.150740E-07	2	0	
+1.226760E-07	2	0	
+1.368060E-07	2	0	
+1.171080E-07	2	0	
+1.213920E-07	2	0	
+1.156260E-07	2	0	
+1.193760E-07	2	0	
+1.145220E-07	2	0	
+1.217100E-07	2	0	
+1.189740E-07	2	0	
+1.162860E-07	2	0	
+1.094940E-07	2	0	
+1.122180E-07	2	0	
+1.125420E-07	2	0	
+1.052760E-07	2	0	
+1.077840E-07	2	0	
+1.061880E-07	2	0	
+1.016700E-07	2	0	
+1.007160E-07	2	0	
+8.964000E-08	2	0	
+9.571200E-08	2	0	
+9.696000E-08	2	0	
+8.989200E-08	2	0	
+9.368400E-08	2	0	
+1.027860E-07	2	0	
+9.672000E-08	2	0	
+8.837400E-08	2	0	
+2.639346E-06	3	0	
+3.665880E-06	3	8	
+1.387476E-06	3	0	
+1.140120E-07	1	0	
+1.146540E-07	1	0	
+1.027920E-07	1	0	
+1.073760E-07	1	0	
+1.122180E-07	1	0	
+1.206300E-07	1	0	
+1.150140E-07	1	0	
+1.060440E-07	1	0	
+1.182840E-07	1	0	
+1.317420E-07	1	0	
+1.069260E-07	1	0	
+1.187100E-07	1	0	
+1.175760E-07	1	0	
+1.191600E-07	1	0	
+1.226940E-07	1	0	
+1.262280E-07	1	0	
+1.193160E-07	1	0	
+1.143300E-07	1	0	
+1.167000E-07	1	0	
+1.268100E-07	1	0	
+1.231020E-07	1	0	
+1.281000E-07	1	0	
+1.166280E-07	1	0	
+1.168260E-07	1	0	
+1.135380E-07	1	0	
+1.088820E-07	1	0	
+1.274700E-07	1	0	
-2.491200E-06	4	0	
-3.615978E-06	4	8	
-1.171080E-06	4	0	
+1.005300E-07	2	0	
+9.675000E-08	2	0	
+1.009320E-07	2	0	
+1.128540E-07	2	0	
+9.661200E-08	2	0	
+1.067040E-07	2	0	
+1.195620E-07	2	0	
+1.145760E-07	2	0	
+1.101780E-07	2	0	
+1.110960E-07	2	0	
+1.117140E-07	2	0	
+1.108920E-07	2	0	
+1.088640E-07	2	0	
+1.059540E-07	2	0	
+9.808200E-08	2	0	
+1.342380E-07	2	0	
+1.375380E-07	2	0	
+1.321200E-07	2	0	
+1.483500E-07	2	0	
+1.310280E-07	2	0	
+1.300020E-07	2	0	
+1.322760E-07	2	0	
+1.283700E-07	2	0	
+1.203720E-07	2	0	
+1.190340E-07	2	0	
+1.707660E-07	2	0	
+1.731840E-07	2	0	
+2.673522E-06	3	0	
+3.665886E-06	3	8	
+1.441326E-06	3	0	
+1.860300E-07	1	0	
+1.744800E-07	1	0	
+1.728600E-07	1	0	
+1.810260E-07	1	0	
+1.927080E-07	1	0	
+1.891980E-07	1	0	
+1.865700E-07	1	0	
+1.841700E-07	1	0	
+1.884000E-07	1	0	
+1.855740E-07	1	0	
+1.890660E-07	1	0	
+1.761600E-07	1	0	
+1.847880E-07	1	0	
+1.811220E-07	1	0	
+1.889220E-07	1	0	
+1.795140E-07	1	0	
+1.794300E-07	1	0	
+1.709880E-07	1	0	
+1.739940E-07	1	0	
+1.780740E-07	1	0	
+1.927380E-07	1	0	
+1.716480E-07	1	0	
+1.847760E-07	1	0	
+1.791300E-07	1	0	
+1.867800E-07	1	0	
+1.697760E-07	1	0	
+1.773600E-07	1	0	
-2.459676E-06	4	0	
-3.615804E-06	4	8	
-1.138842E-06	4	0	
+1.666200E-07	2	0	
+1.740360E-07	2	0	
+1.683360E-07	2	0	
+1.743900E-07	2	0	
+1.713660E-07	2	0	
+1.732020E-07	2	0	
+1.735560E-07	2	0	
+1.720980E-07	2	0	
+1.706280E-07	2	0	
+1.617180E-07	2	0	
+1.637880E-07	2	0	
+1.815300E-07	2	0	
+1.681080E-07	2	0	
+1.620540E-07	2	0	
+1.743360E-07	2	0	
+1.701120E-07	2	0	
+1.766460E-07	2	0	
+1.698120E-07	2	0	
+1.705920E-07	2	0	
+1.686960E-07	2	0	
+1.696500E-07	2	0	
+1.812420E-07	2	0	
+1.724520E-07	2	0	
+1.793040E-07	2	0	
+1.780560E-07	2	0	
+1.807200E-07	2	0	
+1.807020E-07	2	0	
+2.681832E-06	3	0	
+3.665892E-06	3	8	
+1.436502E-06	3	0	
+1.956180E-07	1	0	
+1.812060E-07	1	0	
+1.868880E-07	1	0	
+1.838580E-07	1	0	
+1.941300E-07	1	0	
+1.979520E-07	1	0	
+1.891620E-07	1	0	
+1.783500E-07	1	0	
+1.847760E-07	1	0	
+1.846440E-07	1	0	
+1.865940E-07	1	0	
+1.820640E-07	1	0	
+1.805640E-07	1	0	
+1.944240E-07	1	0	
+1.905840E-07	1	0	
+1.854900E-07	1	0	
+1.857420E-07	1	0	
+1.973820E-07	1	0	
+1.904040E-07	1	0	
+1.910940E-07	1	0	
+2.016300E-07	1	0	
+1.957740E-07	1	0	
+2.057520E-07	1	0	
+2.074200E-07	1	0	
+1.991700E-07	1	0	
+2.002080E-07	1	0	
+1.993680E-07	1	0	
-2.453412E-06	4	0	
-3.615684E-06	4	8	
-1.100934E-06	4	0	
+1.808220E-07	2	0	
+1.931580E-07	2	0	
+1.959000E-07	2	0	
+2.007360E-07	2	0	
+1.834980E-07	2	0	
+1.865160E-07	2	0	
+1.882260E-07	2	0	
+1.896180E-07	2	0	
+2.011140E-07	2	0	
+2.019480E-07	2	0	
+2.096520E-07	2	0	
+2.065320E-07	2	0	
+2.023320E-07	2	0	
+1.999920E-07	2	0	
+2.098500E-07	2	0	
+1.958700E-07	2	0	
+2.027580E-07	2	0	
+2.019840E-07	2	0	
+1.971960E-07	2	0	
+2.005320E-07	2	0	
+1.938540E-07	2	0	
+1.923000E-07	2	0	
+1.986660E-07	2	0	
+2.073780E-07	2	0	
+2.050680E-07	2	0	
+2.078820E-07	2	0	
+2.145180E-07	2	0	
+2.693250E-06	3	0	
+3.665892E-06	3	8	
+1.471836E-06	3	0	
+2.222160E-07	1	0	
+2.170620E-07	1	0	
+2.173200E-07	1	0	
+2.154540E-07	1	0	
+2.165340E-07	1	0	
+2.294280E-07	1	0	
+2.175060E-07	1	0	
+2.144760E-07	1	0	
+2.130120E-07	1	0	
+2.161800E-07	1	0	
+2.115780E-07	1	0	
+2.060820E-07	1	0	
+2.146920E-07	1	0	
+2.229540E-07	1	0	
+2.272860E-07	1	0	
+2.266140E-07	1	0	
+2.251740E-07	1	0	
+2.147460E-07	1	0	
+2.299920E-07	1	0	
+2.214480E-07	1	0	
+2.289660E-07	1	0	
+2.277360E-07	1	0	
+2.149560E-07	1	0	
+2.171520E-07	1	0	
+2.230440E-07	1	0	
+2.292120E-07	1	0	
+2.132280E-07	1	0	
-2.436204E-06	4	0	
-3.615450E-06	4	8	
-1.089930E-06	4	0	
+2.127900E-07	2	0	
+2.061300E-07	2	0	
+2.111520E-07	2	0	
+2.206080E-07	2	0	
+2.185020E-07	2	0	
+2.141340E-07	2	0	
+2.138760E-07	2	0	
+2.109060E-07	2	0	
+2.145120E-07	2	0	
+2.074140E-07	2	0	
+2.180160E-07	2	0	
+2.176920E-07	2	0	
+2.182620E-07	2	0	
+2.087160E-07	2	0	
+2.144580E-07	2	0	
+2.055240E-07	2	0	
+2.128380E-07	2	0	
+2.159700E-07	2	0	
+2.156280E-07	2	0	
+2.085900E-07	2	0	
+2.106540E-07	2	0	
+2.042100E-07	2	0	
+2.137680E-07	2	0	
+2.218380E-07	2	0	
+2.086440E-07	2	0	
+2.210700E-07	2	0	
+2.099160E-07	2	0	
+2.694516E-06	3	0	
+3.665910E-06	3	8	
+1.466226E-06	3	0	
+2.202960E-07	1	0	
+2.266260E-07	1	0	
+2.154240E-07	1	0	
+2.272260E-07	1	0	
+2.210460E-07	1	0	
+2.068740E-07	1	0	
+2.232060E-07	1	0	
+2.181240E-07	1	0	
+2.135940E-07	1	0	
+2.297520E-07	1	0	
+2.220360E-07	1	0	
+2.175780E-07	1	0	
+2.289000E-07	1	0	
+2.243040E-07	1	0	
+2.311800E-07	1	0	
+2.147220E-07	1	0	
+2.144160E-07	1	0	
+2.248320E-07	1	0	
+2.107500E-07	1	0	
+2.183880E-07	1	0	
+2.159880E-07	1	0	
+2.044860E-07	1	0	
+2.220000E-07	1	0	
+2.311740E-07	1	0	
+2.112960E-07	1	0	
+2.133660E-07	1	0	
+2.167140E-07	1	0	
-2.441586E-06	4	0	
-3.615522E-06	4	8	
-1.106022E-06	4	0	
+1.977240E-07	2	0	
+2.006340E-07	2	0	
+2.038260E-07	2	0	
+2.059920E-07	2	0	
+2.153160E-07	2	0	
+2.022000E-07	2	0	
+2.075700E-07	2	0	
+2.049300E-07	2	0	
+1.937880E-07	2	0	
+2.048940E-07	2	0	
+2.028840E-07	2	0	
+2.014440E-07	2	0	
+2.113560E-07	2	0	
+2.111400E-07	2	0	
+2.116320E-07	2	0	
+2.023380E-07	2	0	
+1.973880E-07	2	0	
+2.044560E-07	2	0	
+2.045100E-07	2	0	
+2.077680E-07	2	0	
+1.903500E-07	2	0	
+2.089680E-07	2	0	
+1.975440E-07	2	0	
+2.013000E-07	2	0	
+2.043540E-07	2	0	
+1.953480E-07	2	0	
+2.121180E-07	2	0	
+2.691828E-06	3	0	
+3.665904E-06	3	8	
