start date: 	2023-08-10
start time: 	19.04.14
stop date: 	2023-08-10
stop time: 	19.25.23
com rel. humid (%):	34.0
com temp (°C):	29.16
cn temp (°C):	31.22
nv temp (°C):	35.31
bvd averages: 	     20
remarks: 	CCC probe connected to GaAs probe, GaAs 8 V+=Red, V-=Wht, I+=Wht, I-=Blk, B = 11.56 T (84.4 A), Psample = 3.0 - 4.0e-3 mbar, using 4G power supply, turned off magnet ps
R1 Info: 	NIST-QHRGaAs13k-8
R2 Info: 	1215
data filepath: 	M:\MagniconData\CCCViewerData\cccviewer_measure\2023-08-10_CCC\230810_010_1904.txt
config filepath: 	M:\MagniconData\CCCViewerData\cccviewer_measure\2023-08-10_CCC\230810_010_1904_cccdrive.cfg
time base (Hz): 	60
integration time (time base multiples):	60
number of samples per half cycle: 	30
ignored first samples: 	14
ignored last samples: 	0
amplifier gain: 	1000000
delta N1/NA (mTurns): 	24.459551554
delta (I2*R2) (V): 	2.000061037
N1 (Turns):	2065
N2 (Turns):	16
NA (Turns):	1
R1 (Ohm): 	12906.404000
R2 (Ohm): 	100.000000

data(V)	phase	error
+2.073660E-07	1	0	
+2.032020E-07	1	0	
+1.840500E-07	1	0	
+1.982940E-07	1	0	
+2.091360E-07	1	0	
+1.990860E-07	1	0	
+2.012640E-07	1	0	
+1.950840E-07	1	0	
+1.867980E-07	1	0	
+2.084040E-07	1	0	
+1.941060E-07	1	0	
+2.059680E-07	1	0	
+1.945380E-07	1	0	
+1.978740E-07	1	0	
+2.003580E-07	1	0	
+2.000700E-07	1	0	
+2.109960E-07	1	0	
+1.926000E-07	1	0	
+1.884960E-07	1	0	
+1.900080E-07	1	0	
+2.095380E-07	1	0	
+1.912920E-07	1	0	
+2.074260E-07	1	0	
+1.962120E-07	1	0	
+2.004300E-07	1	0	
+2.025540E-07	1	0	
+2.011980E-07	1	0	
+2.069280E-07	1	0	
+1.914264E-06	4	0	
+2.666736E-06	4	0	
+1.010910E-06	4	0	
+1.949940E-07	2	0	
+1.962720E-07	2	0	
+1.967880E-07	2	0	
+1.948560E-07	2	0	
+1.916640E-07	2	0	
+1.865160E-07	2	0	
+1.968660E-07	2	0	
+1.915320E-07	2	0	
+2.060400E-07	2	0	
+1.934220E-07	2	0	
+1.969680E-07	2	0	
+1.910580E-07	2	0	
+1.955400E-07	2	0	
+1.844040E-07	2	0	
+1.968540E-07	2	0	
+1.979400E-07	2	0	
+2.033760E-07	2	0	
+2.018460E-07	2	0	
+1.867980E-07	2	0	
+2.099040E-07	2	0	
+1.917060E-07	2	0	
+1.909380E-07	2	0	
+1.907880E-07	2	0	
+1.834560E-07	2	0	
+1.977900E-07	2	0	
+1.931460E-07	2	0	
+1.918800E-07	2	0	
-1.530480E-06	3	0	
-2.287842E-06	3	0	
-6.020280E-07	3	0	
+2.022360E-07	1	0	
+1.839540E-07	1	0	
+1.951140E-07	1	0	
+2.055600E-07	1	0	
+1.986360E-07	1	0	
+1.966500E-07	1	0	
+1.997640E-07	1	0	
+1.997220E-07	1	0	
+2.125980E-07	1	0	
+2.084520E-07	1	0	
+2.029140E-07	1	0	
+1.876980E-07	1	0	
+1.920240E-07	1	0	
+2.104080E-07	1	0	
+2.022840E-07	1	0	
+1.953660E-07	1	0	
+2.067900E-07	1	0	
+1.912500E-07	1	0	
+1.976580E-07	1	0	
+2.133540E-07	1	0	
+1.994880E-07	1	0	
+1.996980E-07	1	0	
+1.916280E-07	1	0	
+1.883460E-07	1	0	
+2.054580E-07	1	0	
+1.984140E-07	1	0	
+1.963020E-07	1	0	
+1.918368E-06	4	0	
+2.676084E-06	4	0	
+1.008426E-06	4	0	
+1.966800E-07	2	0	
+1.869900E-07	2	0	
+1.951140E-07	2	0	
+1.923180E-07	2	0	
+2.060520E-07	2	0	
+2.003220E-07	2	0	
+2.064840E-07	2	0	
+1.965000E-07	2	0	
+2.001660E-07	2	0	
+2.152680E-07	2	0	
+2.085360E-07	2	0	
+2.196840E-07	2	0	
+1.949520E-07	2	0	
+2.068080E-07	2	0	
+1.917960E-07	2	0	
+2.003040E-07	2	0	
+2.023620E-07	2	0	
+1.957260E-07	2	0	
+2.116740E-07	2	0	
+1.902900E-07	2	0	
+1.898820E-07	2	0	
+1.973100E-07	2	0	
+1.895640E-07	2	0	
+1.857540E-07	2	0	
+1.978200E-07	2	0	
+1.947840E-07	2	0	
+1.938600E-07	2	0	
-1.528086E-06	3	0	
-2.281566E-06	3	0	
-6.072720E-07	3	0	
+1.839240E-07	1	0	
+1.996920E-07	1	0	
+1.999200E-07	1	0	
+1.964760E-07	1	0	
+1.989480E-07	1	0	
+1.929720E-07	1	0	
+1.970340E-07	1	0	
+1.935360E-07	1	0	
+1.978080E-07	1	0	
+1.892160E-07	1	0	
+1.982580E-07	1	0	
+1.952940E-07	1	0	
+1.903080E-07	1	0	
+2.002080E-07	1	0	
+1.943280E-07	1	0	
+1.838040E-07	1	0	
+1.950900E-07	1	0	
+1.946100E-07	1	0	
+1.973640E-07	1	0	
+1.888020E-07	1	0	
+1.954500E-07	1	0	
+1.847100E-07	1	0	
+2.046060E-07	1	0	
+2.019720E-07	1	0	
+1.909440E-07	1	0	
+1.885920E-07	1	0	
+1.964880E-07	1	0	
+1.909362E-06	4	0	
+2.664462E-06	4	0	
+9.939600E-07	4	0	
+1.705380E-07	2	0	
+1.869540E-07	2	0	
+1.882680E-07	2	0	
+1.745460E-07	2	0	
+1.747200E-07	2	0	
+1.728840E-07	2	0	
+1.814760E-07	2	0	
+1.848120E-07	2	0	
+1.865160E-07	2	0	
+1.825320E-07	2	0	
+1.861500E-07	2	0	
+1.795200E-07	2	0	
+1.908780E-07	2	0	
+1.885800E-07	2	0	
+1.811760E-07	2	0	
+1.853040E-07	2	0	
+1.974360E-07	2	0	
+1.962060E-07	2	0	
+1.777740E-07	2	0	
+1.893360E-07	2	0	
+1.838880E-07	2	0	
+1.823520E-07	2	0	
+1.732680E-07	2	0	
+1.800960E-07	2	0	
+1.919280E-07	2	0	
+1.908900E-07	2	0	
+1.741920E-07	2	0	
-1.529172E-06	3	0	
-2.283222E-06	3	0	
-6.160740E-07	3	0	
+1.831020E-07	1	0	
+1.808400E-07	1	0	
+1.820040E-07	1	0	
+1.998600E-07	1	0	
+1.917180E-07	1	0	
+1.750560E-07	1	0	
+1.871460E-07	1	0	
+1.938480E-07	1	0	
+1.941540E-07	1	0	
+1.951980E-07	1	0	
+1.908900E-07	1	0	
+1.872600E-07	1	0	
+1.887300E-07	1	0	
+1.812600E-07	1	0	
+1.892340E-07	1	0	
+1.857240E-07	1	0	
+1.786920E-07	1	0	
+1.817280E-07	1	0	
+1.900860E-07	1	0	
+1.922520E-07	1	0	
+1.883100E-07	1	0	
+1.917540E-07	1	0	
+1.910580E-07	1	0	
+1.879020E-07	1	0	
+1.797780E-07	1	0	
+1.868160E-07	1	0	
+1.821240E-07	1	0	
+1.905060E-06	4	0	
+2.667312E-06	4	0	
+9.858120E-07	4	0	
+1.821780E-07	2	0	
+1.717380E-07	2	0	
+1.822500E-07	2	0	
+1.976460E-07	2	0	
+1.824960E-07	2	0	
+1.992060E-07	2	0	
+1.840740E-07	2	0	
+1.920480E-07	2	0	
+1.931700E-07	2	0	
+1.936440E-07	2	0	
+1.883580E-07	2	0	
+1.963140E-07	2	0	
+1.874100E-07	2	0	
+1.818360E-07	2	0	
+1.725720E-07	2	0	
+1.832640E-07	2	0	
+1.957020E-07	2	0	
+1.859940E-07	2	0	
+1.897680E-07	2	0	
+1.924080E-07	2	0	
+1.838280E-07	2	0	
+1.960860E-07	2	0	
+1.979400E-07	2	0	
+1.758960E-07	2	0	
+1.992180E-07	2	0	
+1.952160E-07	2	0	
+1.921860E-07	2	0	
-1.523706E-06	3	0	
-2.275488E-06	3	0	
-6.124380E-07	3	0	
+2.076300E-07	1	0	
+1.930620E-07	1	0	
+2.083020E-07	1	0	
+1.931880E-07	1	0	
+1.937400E-07	1	0	
+1.988640E-07	1	0	
+2.034720E-07	1	0	
+2.250660E-07	1	0	
+1.917240E-07	1	0	
+1.960260E-07	1	0	
+1.826820E-07	1	0	
+1.871160E-07	1	0	
+2.080200E-07	1	0	
+2.120640E-07	1	0	
+1.884300E-07	1	0	
+1.866360E-07	1	0	
+1.823160E-07	1	0	
+1.880760E-07	1	0	
+2.030820E-07	1	0	
+1.925040E-07	1	0	
+2.061180E-07	1	0	
+2.025720E-07	1	0	
+1.960500E-07	1	0	
+1.913760E-07	1	0	
+2.023440E-07	1	0	
+1.877220E-07	1	0	
+1.968060E-07	1	0	
+1.917054E-06	4	0	
+2.675652E-06	4	0	
+9.812400E-07	4	0	
+1.843740E-07	2	0	
+1.889880E-07	2	0	
+2.023080E-07	2	0	
+1.849320E-07	2	0	
+1.923900E-07	2	0	
+1.963140E-07	2	0	
+1.994820E-07	2	0	
+1.987740E-07	2	0	
+1.951380E-07	2	0	
+2.004120E-07	2	0	
+1.936920E-07	2	0	
+1.920240E-07	2	0	
+1.957560E-07	2	0	
+2.050200E-07	2	0	
+1.850520E-07	2	0	
+1.862460E-07	2	0	
+1.926420E-07	2	0	
+1.918200E-07	2	0	
+1.983240E-07	2	0	
+1.837380E-07	2	0	
+1.927380E-07	2	0	
+1.858860E-07	2	0	
+1.915020E-07	2	0	
+1.986000E-07	2	0	
+2.007960E-07	2	0	
+2.080800E-07	2	0	
+1.933020E-07	2	0	
-1.513764E-06	3	0	
-2.263848E-06	3	0	
-6.016440E-07	3	0	
+2.081700E-07	1	0	
+1.915620E-07	1	0	
+1.916460E-07	1	0	
+1.908120E-07	1	0	
+1.869840E-07	1	0	
+1.945920E-07	1	0	
+2.153580E-07	1	0	
+2.029800E-07	1	0	
+2.018340E-07	1	0	
+1.965840E-07	1	0	
+1.821900E-07	1	0	
+1.910100E-07	1	0	
+1.766580E-07	1	0	
+1.888140E-07	1	0	
+1.891920E-07	1	0	
+1.914120E-07	1	0	
+1.941960E-07	1	0	
+1.942200E-07	1	0	
+1.866540E-07	1	0	
+1.992840E-07	1	0	
+1.971540E-07	1	0	
+1.941720E-07	1	0	
+1.837920E-07	1	0	
+1.936500E-07	1	0	
+1.973520E-07	1	0	
+1.915500E-07	1	0	
+2.020800E-07	1	0	
+1.908420E-06	4	0	
+2.655126E-06	4	0	
+9.932220E-07	4	0	
+1.822980E-07	2	0	
+1.893660E-07	2	0	
+1.946160E-07	2	0	
+1.820760E-07	2	0	
+1.827660E-07	2	0	
+1.816800E-07	2	0	
+1.886400E-07	2	0	
+1.768860E-07	2	0	
+1.885440E-07	2	0	
+1.810020E-07	2	0	
+1.886640E-07	2	0	
+1.843320E-07	2	0	
+1.830060E-07	2	0	
+1.882320E-07	2	0	
+1.976640E-07	2	0	
+1.797720E-07	2	0	
+2.010660E-07	2	0	
+1.984080E-07	2	0	
+1.843560E-07	2	0	
+1.851000E-07	2	0	
+1.840860E-07	2	0	
+1.909560E-07	2	0	
+1.932240E-07	2	0	
+1.906500E-07	2	0	
+2.027220E-07	2	0	
+1.912500E-07	2	0	
+2.023260E-07	2	0	
-1.512294E-06	3	0	
-2.280828E-06	3	0	
-6.052380E-07	3	0	
+2.083620E-07	1	0	
+1.999140E-07	1	0	
+1.964820E-07	1	0	
+1.995900E-07	1	0	
+2.054400E-07	1	0	
+1.998240E-07	1	0	
+1.979100E-07	1	0	
+1.955280E-07	1	0	
+1.868520E-07	1	0	
+2.111940E-07	1	0	
+2.087760E-07	1	0	
+2.063760E-07	1	0	
+1.894200E-07	1	0	
+1.980060E-07	1	0	
+1.986960E-07	1	0	
+2.005740E-07	1	0	
+1.946400E-07	1	0	
+2.120100E-07	1	0	
+2.005560E-07	1	0	
+2.029980E-07	1	0	
+1.932000E-07	1	0	
+1.963740E-07	1	0	
+2.022180E-07	1	0	
+1.992720E-07	1	0	
+2.018400E-07	1	0	
+1.979760E-07	1	0	
+1.964400E-07	1	0	
+1.909296E-06	4	0	
+2.674920E-06	4	0	
+9.972000E-07	4	0	
+1.954320E-07	2	0	
+2.129280E-07	2	0	
+1.982820E-07	2	0	
+1.959600E-07	2	0	
+2.083020E-07	2	0	
+1.960800E-07	2	0	
+2.056560E-07	2	0	
+2.014380E-07	2	0	
+1.944480E-07	2	0	
+1.982220E-07	2	0	
+1.929300E-07	2	0	
+1.926960E-07	2	0	
+2.130900E-07	2	0	
+2.031840E-07	2	0	
+2.032860E-07	2	0	
+1.964700E-07	2	0	
+1.994640E-07	2	0	
+2.036520E-07	2	0	
+2.058240E-07	2	0	
+1.908600E-07	2	0	
+2.004060E-07	2	0	
+1.863300E-07	2	0	
+1.863000E-07	2	0	
+2.005920E-07	2	0	
+2.014860E-07	2	0	
+2.014440E-07	2	0	
+1.882860E-07	2	0	
-1.521042E-06	3	0	
-2.274840E-06	3	0	
-6.130680E-07	3	0	
+2.168880E-07	1	0	
+1.979040E-07	1	0	
+2.066880E-07	1	0	
+2.009040E-07	1	0	
+2.047020E-07	1	0	
+1.963200E-07	1	0	
+2.060880E-07	1	0	
+2.112960E-07	1	0	
+1.988820E-07	1	0	
+1.975260E-07	1	0	
+2.029080E-07	1	0	
+2.033880E-07	1	0	
+2.046660E-07	1	0	
+2.045340E-07	1	0	
+1.897380E-07	1	0	
+1.920960E-07	1	0	
+1.926300E-07	1	0	
+1.963260E-07	1	0	
+1.924380E-07	1	0	
+1.938900E-07	1	0	
+1.914360E-07	1	0	
+1.933620E-07	1	0	
+2.021100E-07	1	0	
+1.798260E-07	1	0	
+1.788840E-07	1	0	
+1.750440E-07	1	0	
+1.792500E-07	1	0	
+1.889808E-06	4	0	
+2.666568E-06	4	0	
+9.841680E-07	4	0	
+1.745160E-07	2	0	
+1.798020E-07	2	0	
+1.783140E-07	2	0	
+1.774080E-07	2	0	
+1.798140E-07	2	0	
+1.919280E-07	2	0	
+1.912440E-07	2	0	
+1.908900E-07	2	0	
+1.788300E-07	2	0	
+1.929420E-07	2	0	
+1.860000E-07	2	0	
+1.897140E-07	2	0	
+1.842960E-07	2	0	
+1.788060E-07	2	0	
+1.924620E-07	2	0	
+1.814280E-07	2	0	
+1.748040E-07	2	0	
+1.758360E-07	2	0	
+1.720620E-07	2	0	
+1.833960E-07	2	0	
+1.837200E-07	2	0	
+1.892520E-07	2	0	
+1.835940E-07	2	0	
+1.671480E-07	2	0	
+1.718580E-07	2	0	
+1.715640E-07	2	0	
+1.618560E-07	2	0	
-1.548654E-06	3	0	
-2.298732E-06	3	0	
-6.184920E-07	3	0	
+1.780500E-07	1	0	
+1.743600E-07	1	0	
+1.783980E-07	1	0	
+1.837380E-07	1	0	
+1.948680E-07	1	0	
+1.830720E-07	1	0	
+1.920180E-07	1	0	
+1.906860E-07	1	0	
+1.861380E-07	1	0	
+1.975740E-07	1	0	
+1.998360E-07	1	0	
+1.933080E-07	1	0	
+1.947300E-07	1	0	
+1.943880E-07	1	0	
+2.004720E-07	1	0	
+1.902900E-07	1	0	
+1.941540E-07	1	0	
+1.904640E-07	1	0	
+1.973580E-07	1	0	
+1.846260E-07	1	0	
+1.851240E-07	1	0	
+1.868340E-07	1	0	
+1.955040E-07	1	0	
+1.940940E-07	1	0	
+1.810980E-07	1	0	
+1.980060E-07	1	0	
+1.901040E-07	1	0	
+1.914282E-06	4	0	
+2.659002E-06	4	0	
+9.975840E-07	4	0	
+1.945560E-07	2	0	
+1.981920E-07	2	0	
+1.919880E-07	2	0	
+1.809660E-07	2	0	
+1.928280E-07	2	0	
+1.969440E-07	2	0	
+2.164620E-07	2	0	
+2.050140E-07	2	0	
+1.952460E-07	2	0	
+1.958460E-07	2	0	
+2.020500E-07	2	0	
+2.135940E-07	2	0	
+2.083080E-07	2	0	
+1.903980E-07	2	0	
+2.060940E-07	2	0	
+2.001240E-07	2	0	
+1.981380E-07	2	0	
+1.956960E-07	2	0	
+1.957140E-07	2	0	
+1.976040E-07	2	0	
+2.002980E-07	2	0	
+1.954260E-07	2	0	
+1.953720E-07	2	0	
+1.946640E-07	2	0	
+2.091420E-07	2	0	
+1.956120E-07	2	0	
+2.045580E-07	2	0	
-1.505334E-06	3	0	
-2.270772E-06	3	0	
-6.053100E-07	3	0	
+2.031360E-07	1	0	
+1.958700E-07	1	0	
+2.068860E-07	1	0	
+1.986780E-07	1	0	
+2.102400E-07	1	0	
+2.015040E-07	1	0	
+1.978620E-07	1	0	
+2.023560E-07	1	0	
+2.052720E-07	1	0	
+2.110140E-07	1	0	
+1.922520E-07	1	0	
+2.045400E-07	1	0	
+1.879860E-07	1	0	
+1.976340E-07	1	0	
+2.020380E-07	1	0	
+2.052660E-07	1	0	
+2.069640E-07	1	0	
+1.977900E-07	1	0	
+2.047380E-07	1	0	
+1.936080E-07	1	0	
+1.876500E-07	1	0	
+1.841760E-07	1	0	
+1.981200E-07	1	0	
+1.987920E-07	1	0	
+2.015040E-07	1	0	
+1.868280E-07	1	0	
+1.764300E-07	1	0	
+1.899054E-06	4	0	
+2.653758E-06	4	0	
+9.830880E-07	4	0	
+1.880400E-07	2	0	
+1.951200E-07	2	0	
+1.853460E-07	2	0	
+1.817460E-07	2	0	
+1.834140E-07	2	0	
+1.824420E-07	2	0	
+1.929540E-07	2	0	
+1.849620E-07	2	0	
+1.937100E-07	2	0	
+1.991400E-07	2	0	
+1.927860E-07	2	0	
+1.871040E-07	2	0	
+2.051940E-07	2	0	
+1.904700E-07	2	0	
+1.805820E-07	2	0	
+1.893660E-07	2	0	
+2.004420E-07	2	0	
+1.863840E-07	2	0	
+1.940520E-07	2	0	
+1.758420E-07	2	0	
+1.814640E-07	2	0	
+2.030580E-07	2	0	
+1.968420E-07	2	0	
+1.936020E-07	2	0	
+2.013960E-07	2	0	
+1.875840E-07	2	0	
+2.036640E-07	2	0	
-1.514376E-06	3	0	
-2.281164E-06	3	0	
-6.077520E-07	3	0	
+2.003940E-07	1	0	
+1.906680E-07	1	0	
+1.961640E-07	1	0	
+1.847400E-07	1	0	
+2.004360E-07	1	0	
+1.932660E-07	1	0	
+2.006280E-07	1	0	
+1.896840E-07	1	0	
+2.070360E-07	1	0	
+1.903380E-07	1	0	
+2.012760E-07	1	0	
+2.060280E-07	1	0	
+2.037780E-07	1	0	
+1.927200E-07	1	0	
+1.932840E-07	1	0	
+2.004660E-07	1	0	
+1.960680E-07	1	0	
+1.952340E-07	1	0	
+2.062320E-07	1	0	
+1.974840E-07	1	0	
+2.029200E-07	1	0	
+1.928880E-07	1	0	
+2.081940E-07	1	0	
+2.205420E-07	1	0	
+2.120280E-07	1	0	
+2.003160E-07	1	0	
+2.011980E-07	1	0	
+1.919658E-06	4	0	
+2.670672E-06	4	0	
+1.006464E-06	4	0	
+1.984080E-07	2	0	
+2.092860E-07	2	0	
+1.891080E-07	2	0	
+1.885980E-07	2	0	
+1.945800E-07	2	0	
+1.892580E-07	2	0	
+1.938420E-07	2	0	
+1.916520E-07	2	0	
+1.956720E-07	2	0	
+2.066040E-07	2	0	
+1.996620E-07	2	0	
+1.899840E-07	2	0	
+1.971060E-07	2	0	
+1.914000E-07	2	0	
+1.984560E-07	2	0	
+1.978500E-07	2	0	
+2.001780E-07	2	0	
+1.997340E-07	2	0	
+1.954500E-07	2	0	
+1.820040E-07	2	0	
+1.879260E-07	2	0	
+1.924860E-07	2	0	
+1.913340E-07	2	0	
+2.033460E-07	2	0	
+1.857060E-07	2	0	
+1.991940E-07	2	0	
+2.008380E-07	2	0	
-1.525806E-06	3	0	
-2.267442E-06	3	0	
-6.062340E-07	3	0	
+2.071620E-07	1	0	
+2.022480E-07	1	0	
+2.023920E-07	1	0	
+2.121180E-07	1	0	
+1.937640E-07	1	0	
+1.755900E-07	1	0	
+1.868640E-07	1	0	
+2.030580E-07	1	0	
+2.039640E-07	1	0	
+1.997820E-07	1	0	
+2.133540E-07	1	0	
+1.935480E-07	1	0	
+2.006160E-07	1	0	
+2.094900E-07	1	0	
+1.905840E-07	1	0	
+1.854420E-07	1	0	
+2.014140E-07	1	0	
+1.946460E-07	1	0	
+1.901460E-07	1	0	
+1.951380E-07	1	0	
+1.826640E-07	1	0	
+1.858320E-07	1	0	
+2.036880E-07	1	0	
+2.042340E-07	1	0	
+1.946940E-07	1	0	
+1.932960E-07	1	0	
+1.826280E-07	1	0	
+1.913706E-06	4	0	
+2.658540E-06	4	0	
+9.796260E-07	4	0	
+1.771260E-07	2	0	
+1.788420E-07	2	0	
+1.814400E-07	2	0	
+1.822200E-07	2	0	
+1.885620E-07	2	0	
+1.871460E-07	2	0	
+1.770180E-07	2	0	
+1.910760E-07	2	0	
+1.933440E-07	2	0	
+1.834980E-07	2	0	
+1.936140E-07	2	0	
+1.841340E-07	2	0	
+1.848120E-07	2	0	
+1.877640E-07	2	0	
+1.816380E-07	2	0	
+1.924020E-07	2	0	
+1.799640E-07	2	0	
+1.732440E-07	2	0	
+1.825080E-07	2	0	
+1.758240E-07	2	0	
+1.863420E-07	2	0	
+1.784040E-07	2	0	
+1.802940E-07	2	0	
+1.761600E-07	2	0	
+1.807920E-07	2	0	
+1.973280E-07	2	0	
+1.899840E-07	2	0	
-1.534848E-06	3	0	
-2.286816E-06	3	0	
-6.109080E-07	3	0	
+1.968780E-07	1	0	
+1.836720E-07	1	0	
+1.837860E-07	1	0	
+1.856220E-07	1	0	
+1.872780E-07	1	0	
+1.868340E-07	1	0	
+1.974000E-07	1	0	
+1.815420E-07	1	0	
+1.932300E-07	1	0	
+1.962600E-07	1	0	
+1.971000E-07	1	0	
+1.887600E-07	1	0	
+1.961700E-07	1	0	
+1.832280E-07	1	0	
+1.829280E-07	1	0	
+1.997280E-07	1	0	
+1.767600E-07	1	0	
+1.881240E-07	1	0	
+1.970280E-07	1	0	
+1.911060E-07	1	0	
+1.989960E-07	1	0	
+1.851600E-07	1	0	
+1.902120E-07	1	0	
+1.867800E-07	1	0	
+1.804560E-07	1	0	
+1.793940E-07	1	0	
+1.931220E-07	1	0	
+1.923960E-06	4	0	
+2.678046E-06	4	0	
+9.823920E-07	4	0	
+1.932000E-07	2	0	
+1.837320E-07	2	0	
+1.899000E-07	2	0	
+1.948980E-07	2	0	
+1.841220E-07	2	0	
+1.953900E-07	2	0	
+1.917600E-07	2	0	
+2.017980E-07	2	0	
+1.973280E-07	2	0	
+1.928400E-07	2	0	
+1.828500E-07	2	0	
+1.851960E-07	2	0	
+1.770480E-07	2	0	
+1.911000E-07	2	0	
+1.957260E-07	2	0	
+1.967820E-07	2	0	
+1.885020E-07	2	0	
+1.741140E-07	2	0	
+1.734600E-07	2	0	
+1.939080E-07	2	0	
+1.794720E-07	2	0	
+1.845720E-07	2	0	
+1.825020E-07	2	0	
+1.830780E-07	2	0	
+1.911540E-07	2	0	
+1.867320E-07	2	0	
+1.955880E-07	2	0	
-1.527684E-06	3	0	
-2.287482E-06	3	0	
-6.058380E-07	3	0	
+1.977360E-07	1	0	
+1.972380E-07	1	0	
+2.143500E-07	1	0	
+2.096220E-07	1	0	
+1.900200E-07	1	0	
+1.995120E-07	1	0	
+1.918800E-07	1	0	
+1.935960E-07	1	0	
+1.993560E-07	1	0	
+1.855740E-07	1	0	
+2.020200E-07	1	0	
+1.971120E-07	1	0	
+1.991520E-07	1	0	
+1.876380E-07	1	0	
+1.874280E-07	1	0	
+1.902240E-07	1	0	
+1.822560E-07	1	0	
+1.844580E-07	1	0	
+1.922340E-07	1	0	
+2.000400E-07	1	0	
+1.934160E-07	1	0	
+1.770780E-07	1	0	
+1.927200E-07	1	0	
+2.028300E-07	1	0	
+1.977900E-07	1	0	
+1.987440E-07	1	0	
+2.002800E-07	1	0	
+1.910328E-06	4	0	
+2.668500E-06	4	0	
+9.777600E-07	4	0	
+1.988220E-07	2	0	
+1.959780E-07	2	0	
+2.017800E-07	2	0	
+1.942800E-07	2	0	
+1.882800E-07	2	0	
+1.928760E-07	2	0	
+2.048460E-07	2	0	
+2.007660E-07	2	0	
+1.927920E-07	2	0	
+1.942740E-07	2	0	
+2.016000E-07	2	0	
+1.979280E-07	2	0	
+1.834080E-07	2	0	
+1.834020E-07	2	0	
+1.825740E-07	2	0	
+1.895700E-07	2	0	
+1.952520E-07	2	0	
+2.097300E-07	2	0	
+1.845660E-07	2	0	
+1.842540E-07	2	0	
+1.953720E-07	2	0	
+1.868160E-07	2	0	
+2.102340E-07	2	0	
+1.880340E-07	2	0	
+2.087280E-07	2	0	
+1.972320E-07	2	0	
+2.014320E-07	2	0	
-1.524888E-06	3	0	
-2.284734E-06	3	0	
-6.070800E-07	3	0	
+2.008680E-07	1	0	
+1.960140E-07	1	0	
+1.984680E-07	1	0	
+1.935780E-07	1	0	
+1.943880E-07	1	0	
+1.988880E-07	1	0	
+1.959000E-07	1	0	
+2.072100E-07	1	0	
+1.946280E-07	1	0	
+1.999140E-07	1	0	
+2.020140E-07	1	0	
+2.012640E-07	1	0	
+1.962240E-07	1	0	
+1.982880E-07	1	0	
+1.992480E-07	1	0	
+2.004600E-07	1	0	
+2.015520E-07	1	0	
+2.144040E-07	1	0	
+2.072160E-07	1	0	
+1.921680E-07	1	0	
+1.950480E-07	1	0	
+2.030280E-07	1	0	
+2.004060E-07	1	0	
+2.044080E-07	1	0	
+1.955760E-07	1	0	
+1.972440E-07	1	0	
+1.967100E-07	1	0	
+1.906926E-06	4	0	
+2.662626E-06	4	0	
+9.942600E-07	4	0	
+1.798320E-07	2	0	
+1.745340E-07	2	0	
+1.790160E-07	2	0	
+1.766580E-07	2	0	
+1.888860E-07	2	0	
+1.763160E-07	2	0	
+1.940640E-07	2	0	
+1.858980E-07	2	0	
+1.978020E-07	2	0	
+1.810800E-07	2	0	
+1.864380E-07	2	0	
+1.901400E-07	2	0	
+1.813320E-07	2	0	
+1.880940E-07	2	0	
+1.893540E-07	2	0	
+1.882080E-07	2	0	
+1.848060E-07	2	0	
+1.824660E-07	2	0	
+1.922580E-07	2	0	
+1.863660E-07	2	0	
+1.846200E-07	2	0	
+1.803540E-07	2	0	
+1.875600E-07	2	0	
+1.836780E-07	2	0	
+1.985520E-07	2	0	
+1.958100E-07	2	0	
+1.858740E-07	2	0	
-1.529004E-06	3	0	
-2.283306E-06	3	0	
-6.105060E-07	3	0	
+1.888980E-07	1	0	
+1.846620E-07	1	0	
+1.823040E-07	1	0	
+1.969920E-07	1	0	
+1.926000E-07	1	0	
+1.944780E-07	1	0	
+1.878480E-07	1	0	
+1.930260E-07	1	0	
+2.000760E-07	1	0	
+1.857300E-07	1	0	
+1.858500E-07	1	0	
+1.975680E-07	1	0	
+1.965000E-07	1	0	
+1.922700E-07	1	0	
+1.997640E-07	1	0	
+1.820760E-07	1	0	
+1.886280E-07	1	0	
+1.913820E-07	1	0	
+1.963740E-07	1	0	
+1.961040E-07	1	0	
+1.933500E-07	1	0	
+1.967400E-07	1	0	
+1.945740E-07	1	0	
+1.930380E-07	1	0	
+1.824360E-07	1	0	
+1.843560E-07	1	0	
+1.868100E-07	1	0	
+1.895958E-06	4	0	
+2.656572E-06	4	0	
+9.809280E-07	4	0	
+1.865820E-07	2	0	
+1.829460E-07	2	0	
+1.840800E-07	2	0	
+1.797180E-07	2	0	
+1.836900E-07	2	0	
+1.792500E-07	2	0	
+1.840140E-07	2	0	
+1.916400E-07	2	0	
+1.896420E-07	2	0	
+1.861080E-07	2	0	
+1.858200E-07	2	0	
+1.943340E-07	2	0	
+1.907400E-07	2	0	
+1.851360E-07	2	0	
+1.823880E-07	2	0	
+1.812480E-07	2	0	
+1.862580E-07	2	0	
+1.923600E-07	2	0	
+1.893780E-07	2	0	
+1.755960E-07	2	0	
+1.786740E-07	2	0	
+1.888320E-07	2	0	
+1.894200E-07	2	0	
+1.754100E-07	2	0	
+1.831620E-07	2	0	
+1.883520E-07	2	0	
+1.846740E-07	2	0	
-1.535112E-06	3	0	
-2.281164E-06	3	0	
-6.219780E-07	3	0	
+1.899900E-07	1	0	
+1.881180E-07	1	0	
+1.859100E-07	1	0	
+1.869900E-07	1	0	
+1.992960E-07	1	0	
+2.038920E-07	1	0	
+1.907340E-07	1	0	
+2.008560E-07	1	0	
+1.957680E-07	1	0	
+1.962420E-07	1	0	
+1.925040E-07	1	0	
+1.900860E-07	1	0	
+1.998780E-07	1	0	
+1.934880E-07	1	0	
+1.877760E-07	1	0	
+1.948440E-07	1	0	
+1.994880E-07	1	0	
+2.006400E-07	1	0	
+2.016360E-07	1	0	
+2.049780E-07	1	0	
+2.083200E-07	1	0	
+2.111640E-07	1	0	
+1.999080E-07	1	0	
+2.122800E-07	1	0	
+1.917300E-07	1	0	
+1.968720E-07	1	0	
+2.071200E-07	1	0	
+1.900452E-06	4	0	
+2.667192E-06	4	0	
+9.835080E-07	4	0	
+1.972320E-07	2	0	
+1.825500E-07	2	0	
+1.938300E-07	2	0	
+1.809900E-07	2	0	
+1.789560E-07	2	0	
+1.935240E-07	2	0	
+1.996260E-07	2	0	
+2.070840E-07	2	0	
+1.777560E-07	2	0	
+1.972920E-07	2	0	
+1.939380E-07	2	0	
+1.893600E-07	2	0	
+2.001360E-07	2	0	
+1.932180E-07	2	0	
+1.939860E-07	2	0	
+1.917480E-07	2	0	
+1.902540E-07	2	0	
+1.997700E-07	2	0	
+1.975320E-07	2	0	
+1.916460E-07	2	0	
+1.934520E-07	2	0	
+2.081160E-07	2	0	
+2.004660E-07	2	0	
+1.969800E-07	2	0	
+2.096820E-07	2	0	
+1.841400E-07	2	0	
+1.966020E-07	2	0	
-1.520484E-06	3	0	
-2.277210E-06	3	0	
-6.040080E-07	3	0	
+1.953600E-07	1	0	
+1.999440E-07	1	0	
+2.005740E-07	1	0	
+1.902300E-07	1	0	
+2.024640E-07	1	0	
+1.934760E-07	1	0	
+1.980120E-07	1	0	
+1.971120E-07	1	0	
+2.031900E-07	1	0	
+2.096040E-07	1	0	
+1.950780E-07	1	0	
+2.087520E-07	1	0	
+1.986600E-07	1	0	
+1.996980E-07	1	0	
+1.857060E-07	1	0	
+2.050620E-07	1	0	
+2.017500E-07	1	0	
+2.028600E-07	1	0	
+1.987380E-07	1	0	
+2.152080E-07	1	0	
+2.025420E-07	1	0	
+1.986660E-07	1	0	
+2.125620E-07	1	0	
+2.097420E-07	1	0	
+2.149080E-07	1	0	
+2.074320E-07	1	0	
+2.139540E-07	1	0	
+1.914924E-06	4	0	
+2.673840E-06	4	0	
+9.981600E-07	4	0	
+1.935960E-07	2	0	
+1.984920E-07	2	0	
+1.799100E-07	2	0	
+2.034660E-07	2	0	
+1.923960E-07	2	0	
+1.970340E-07	2	0	
+1.994820E-07	2	0	
+2.003640E-07	2	0	
+2.027460E-07	2	0	
+1.965600E-07	2	0	
+1.908660E-07	2	0	
+2.020500E-07	2	0	
+1.923660E-07	2	0	
+1.994220E-07	2	0	
+1.867560E-07	2	0	
+2.014680E-07	2	0	
+1.967040E-07	2	0	
+1.871280E-07	2	0	
+1.944660E-07	2	0	
+1.951860E-07	2	0	
+1.919160E-07	2	0	
+2.055420E-07	2	0	
+1.879140E-07	2	0	
+1.908360E-07	2	0	
+1.995960E-07	2	0	
+1.920780E-07	2	0	
+2.089920E-07	2	0	
-1.515540E-06	3	0	
-2.278080E-06	3	0	
-6.109380E-07	3	0	
+2.096760E-07	1	0	
+2.026680E-07	1	0	
+1.981980E-07	1	0	
+2.101740E-07	1	0	
+2.115540E-07	1	0	
+1.960260E-07	1	0	
+2.025960E-07	1	0	
+1.969620E-07	1	0	
+2.063220E-07	1	0	
+2.191140E-07	1	0	
+2.059680E-07	1	0	
+1.998540E-07	1	0	
+2.061420E-07	1	0	
+2.039940E-07	1	0	
+2.005980E-07	1	0	
+2.013960E-07	1	0	
+2.143140E-07	1	0	
+2.125920E-07	1	0	
+2.125380E-07	1	0	
+2.098920E-07	1	0	
+2.190480E-07	1	0	
+2.095380E-07	1	0	
+2.010420E-07	1	0	
+1.976520E-07	1	0	
+2.135760E-07	1	0	
+2.130300E-07	1	0	
+2.222760E-07	1	0	
+1.917912E-06	4	0	
+2.680332E-06	4	0	
+1.002480E-06	4	0	
+1.923300E-07	2	0	
+1.911420E-07	2	0	
+1.942800E-07	2	0	
+2.025960E-07	2	0	
+2.067120E-07	2	0	
+1.963920E-07	2	0	
+1.934700E-07	2	0	
+2.001480E-07	2	0	
+2.022300E-07	2	0	
+1.894560E-07	2	0	
+1.987620E-07	2	0	
+1.980360E-07	2	0	
+1.973400E-07	2	0	
+2.048700E-07	2	0	
+2.095020E-07	2	0	
+2.019480E-07	2	0	
+2.013240E-07	2	0	
+2.028720E-07	2	0	
+1.918980E-07	2	0	
+1.971720E-07	2	0	
+2.012160E-07	2	0	
+2.054160E-07	2	0	
+2.062080E-07	2	0	
+1.892400E-07	2	0	
+1.971600E-07	2	0	
+1.860960E-07	2	0	
+2.002980E-07	2	0	
-1.510296E-06	3	0	
-2.271546E-06	3	0	
-6.094920E-07	3	0	
+2.069700E-07	1	0	
+1.998840E-07	1	0	
+2.139900E-07	1	0	
+2.118000E-07	1	0	
+2.087100E-07	1	0	
+1.967700E-07	1	0	
+1.952820E-07	1	0	
+2.002320E-07	1	0	
+1.997160E-07	1	0	
+2.014140E-07	1	0	
+2.006700E-07	1	0	
+1.884540E-07	1	0	
+1.928460E-07	1	0	
+2.004180E-07	1	0	
+1.978200E-07	1	0	
+2.023020E-07	1	0	
+1.972680E-07	1	0	
+1.871220E-07	1	0	
+1.950300E-07	1	0	
+1.968900E-07	1	0	
+1.918560E-07	1	0	
+1.981380E-07	1	0	
+1.931760E-07	1	0	
+1.976820E-07	1	0	
+1.898400E-07	1	0	
+2.019120E-07	1	0	
+2.005320E-07	1	0	
+1.909956E-06	4	0	
+2.682156E-06	4	0	
+9.799620E-07	4	0	
+1.955460E-07	2	0	
+2.051160E-07	2	0	
+1.940400E-07	2	0	
+2.007780E-07	2	0	
+2.038740E-07	2	0	
+2.054820E-07	2	0	
+2.027940E-07	2	0	
+2.060100E-07	2	0	
+1.922100E-07	2	0	
+1.919220E-07	2	0	
+1.880220E-07	2	0	
+1.950480E-07	2	0	
+1.943580E-07	2	0	
+2.039280E-07	2	0	
+1.942020E-07	2	0	
+2.003400E-07	2	0	
+2.029560E-07	2	0	
+1.910820E-07	2	0	
+1.909380E-07	2	0	
+1.983360E-07	2	0	
+1.913940E-07	2	0	
+2.015220E-07	2	0	
+1.948680E-07	2	0	
+1.948620E-07	2	0	
+2.016000E-07	2	0	
+2.033340E-07	2	0	
+1.973160E-07	2	0	
-1.512624E-06	3	0	
-2.274186E-06	3	0	
-6.129480E-07	3	0	
+2.011920E-07	1	0	
+2.044260E-07	1	0	
+2.076240E-07	1	0	
+2.007000E-07	1	0	
+1.955760E-07	1	0	
+2.087520E-07	1	0	
+1.825380E-07	1	0	
+2.021100E-07	1	0	
+1.944960E-07	1	0	
+1.924860E-07	1	0	
+1.990140E-07	1	0	
+1.930560E-07	1	0	
+2.020200E-07	1	0	
+2.052060E-07	1	0	
+1.934580E-07	1	0	
+2.030100E-07	1	0	
+1.993800E-07	1	0	
+1.996260E-07	1	0	
+2.039640E-07	1	0	
+1.959600E-07	1	0	
+1.997040E-07	1	0	
+2.043900E-07	1	0	
+2.007780E-07	1	0	
+1.948500E-07	1	0	
+1.937580E-07	1	0	
+1.940280E-07	1	0	
+1.960440E-07	1	0	
+1.919304E-06	4	0	
+2.659440E-06	4	0	
+9.834540E-07	4	0	
+1.778820E-07	2	0	
+1.823460E-07	2	0	
+1.922160E-07	2	0	
+1.925940E-07	2	0	
+1.846080E-07	2	0	
+1.771620E-07	2	0	
+1.809420E-07	2	0	
+1.885320E-07	2	0	
+1.924680E-07	2	0	
+1.877220E-07	2	0	
+1.830120E-07	2	0	
+1.900260E-07	2	0	
+2.008860E-07	2	0	
+1.950720E-07	2	0	
+1.845420E-07	2	0	
+1.956240E-07	2	0	
+2.085420E-07	2	0	
+1.890300E-07	2	0	
+1.971060E-07	2	0	
+1.868700E-07	2	0	
+1.843800E-07	2	0	
+1.835460E-07	2	0	
+1.761900E-07	2	0	
+1.834980E-07	2	0	
+1.935540E-07	2	0	
+1.904160E-07	2	0	
+1.970760E-07	2	0	
-1.532796E-06	3	0	
-2.272482E-06	3	0	
