start date: 	2023-08-10
start time: 	21.13.41
stop date: 	2023-08-10
stop time: 	21.34.50
com rel. humid (%):	33.9
com temp (°C):	29.06
cn temp (°C):	31.16
nv temp (°C):	35.25
bvd averages: 	     20
remarks: 	CCC probe connected to GaAs probe, GaAs 8 V+=Red, V-=Wht, I+=Wht, I-=Blk, B = 11.56 T (84.4 A), Psample = 3.0 - 4.0e-3 mbar, using 4G power supply, turned off magnet ps
R1 Info: 	NIST-QHRGaAs13k-8
R2 Info: 	1216
data filepath: 	M:\MagniconData\CCCViewerData\cccviewer_measure\2023-08-10_CCC\230810_014_2113.txt
config filepath: 	M:\MagniconData\CCCViewerData\cccviewer_measure\2023-08-10_CCC\230810_014_2113_cccdrive.cfg
time base (Hz): 	60
integration time (time base multiples):	60
number of samples per half cycle: 	30
ignored first samples: 	14
ignored last samples: 	0
amplifier gain: 	1000000
delta N1/NA (mTurns): 	21.323870402
delta (I2*R2) (V): 	2.000061037
N1 (Turns):	2065
N2 (Turns):	16
NA (Turns):	1
R1 (Ohm): 	12906.404000
R2 (Ohm): 	100.000000

data(V)	phase	error
+2.001360E-07	1	0	
+1.953900E-07	1	0	
+1.949280E-07	1	0	
+2.020860E-07	1	0	
+2.051280E-07	1	0	
+1.966200E-07	1	0	
+2.093820E-07	1	0	
+2.050860E-07	1	0	
+2.036640E-07	1	0	
+2.028300E-07	1	0	
+2.141400E-07	1	0	
+2.021220E-07	1	0	
+1.956900E-07	1	0	
+1.890960E-07	1	0	
+1.931880E-07	1	0	
+1.829040E-07	1	0	
+2.048880E-07	1	0	
+2.213760E-07	1	0	
+1.983360E-07	1	0	
+2.016480E-07	1	0	
+1.916400E-07	1	0	
+2.046180E-07	1	0	
+2.009040E-07	1	0	
+2.080560E-07	1	0	
+2.056020E-07	1	0	
+2.031120E-07	1	0	
+1.971900E-07	1	0	
+1.968120E-07	1	0	
+1.925520E-06	4	0	
+2.675376E-06	4	0	
+1.012170E-06	4	0	
+1.986780E-07	2	0	
+2.012700E-07	2	0	
+2.093580E-07	2	0	
+2.021940E-07	2	0	
+2.066100E-07	2	0	
+2.037660E-07	2	0	
+2.037600E-07	2	0	
+2.150280E-07	2	0	
+2.019120E-07	2	0	
+1.955880E-07	2	0	
+2.125260E-07	2	0	
+2.045880E-07	2	0	
+2.138940E-07	2	0	
+2.149020E-07	2	0	
+2.014860E-07	2	0	
+2.075280E-07	2	0	
+2.107980E-07	2	0	
+2.161500E-07	2	0	
+2.086680E-07	2	0	
+2.142360E-07	2	0	
+2.052180E-07	2	0	
+2.116320E-07	2	0	
+2.053140E-07	2	0	
+1.924620E-07	2	0	
+2.103480E-07	2	0	
+2.201100E-07	2	0	
+2.119680E-07	2	0	
-1.514742E-06	3	0	
-2.260326E-06	3	0	
-5.874300E-07	3	0	
+2.107680E-07	1	0	
+2.132280E-07	1	0	
+2.015100E-07	1	0	
+2.144700E-07	1	0	
+2.069040E-07	1	0	
+2.021040E-07	1	0	
+2.117880E-07	1	0	
+1.900800E-07	1	0	
+2.054100E-07	1	0	
+2.092860E-07	1	0	
+2.060100E-07	1	0	
+2.034600E-07	1	0	
+2.040420E-07	1	0	
+2.043060E-07	1	0	
+2.083740E-07	1	0	
+1.983360E-07	1	0	
+1.938660E-07	1	0	
+2.076540E-07	1	0	
+2.112960E-07	1	0	
+2.182980E-07	1	0	
+2.129400E-07	1	0	
+1.968300E-07	1	0	
+1.967100E-07	1	0	
+2.048040E-07	1	0	
+1.979760E-07	1	0	
+2.040600E-07	1	0	
+2.066400E-07	1	0	
+1.924128E-06	4	0	
+2.673894E-06	4	0	
+1.002588E-06	4	0	
+2.050200E-07	2	0	
+2.041440E-07	2	0	
+1.995300E-07	2	0	
+1.950060E-07	2	0	
+2.023860E-07	2	0	
+2.035860E-07	2	0	
+2.104740E-07	2	0	
+2.032500E-07	2	0	
+2.058420E-07	2	0	
+1.988280E-07	2	0	
+2.022360E-07	2	0	
+2.044320E-07	2	0	
+2.042640E-07	2	0	
+2.180160E-07	2	0	
+2.111940E-07	2	0	
+2.035440E-07	2	0	
+1.962600E-07	2	0	
+2.052960E-07	2	0	
+1.903800E-07	2	0	
+1.965900E-07	2	0	
+1.926300E-07	2	0	
+1.909740E-07	2	0	
+2.157420E-07	2	0	
+2.097240E-07	2	0	
+2.222220E-07	2	0	
+2.174880E-07	2	0	
+2.235840E-07	2	0	
-1.492056E-06	3	0	
-2.262810E-06	3	0	
-5.994540E-07	3	0	
+2.106540E-07	1	0	
+1.965180E-07	1	0	
+2.089080E-07	1	0	
+2.148780E-07	1	0	
+2.065500E-07	1	0	
+1.997280E-07	1	0	
+2.062740E-07	1	0	
+2.003040E-07	1	0	
+2.203320E-07	1	0	
+1.991520E-07	1	0	
+2.124060E-07	1	0	
+2.010180E-07	1	0	
+2.027880E-07	1	0	
+2.178300E-07	1	0	
+2.195940E-07	1	0	
+2.027820E-07	1	0	
+1.956900E-07	1	0	
+2.015820E-07	1	0	
+2.072700E-07	1	0	
+2.051520E-07	1	0	
+2.115420E-07	1	0	
+2.115540E-07	1	0	
+2.012640E-07	1	0	
+2.019060E-07	1	0	
+2.090220E-07	1	0	
+1.944360E-07	1	0	
+2.181240E-07	1	0	
+1.915104E-06	4	0	
+2.676522E-06	4	0	
+1.006464E-06	4	0	
+2.076900E-07	2	0	
+2.169480E-07	2	0	
+2.141640E-07	2	0	
+2.046840E-07	2	0	
+2.009940E-07	2	0	
+2.166000E-07	2	0	
+2.006760E-07	2	0	
+1.963920E-07	2	0	
+2.096580E-07	2	0	
+2.020140E-07	2	0	
+2.066940E-07	2	0	
+2.054760E-07	2	0	
+2.196840E-07	2	0	
+2.101620E-07	2	0	
+2.234940E-07	2	0	
+2.076660E-07	2	0	
+2.022480E-07	2	0	
+2.185680E-07	2	0	
+2.234460E-07	2	0	
+1.983960E-07	2	0	
+2.100180E-07	2	0	
+1.977960E-07	2	0	
+2.093340E-07	2	0	
+2.130600E-07	2	0	
+1.969200E-07	2	0	
+2.078040E-07	2	0	
+2.060220E-07	2	0	
-1.494072E-06	3	0	
-2.247318E-06	3	0	
-5.999280E-07	3	0	
+2.160900E-07	1	0	
+2.286660E-07	1	0	
+2.079840E-07	1	0	
+2.162280E-07	1	0	
+2.049660E-07	1	0	
+2.186520E-07	1	0	
+2.307000E-07	1	0	
+2.011620E-07	1	0	
+2.129340E-07	1	0	
+2.081580E-07	1	0	
+2.087700E-07	1	0	
+2.170740E-07	1	0	
+2.069280E-07	1	0	
+1.997880E-07	1	0	
+2.168340E-07	1	0	
+2.092080E-07	1	0	
+2.055960E-07	1	0	
+1.982760E-07	1	0	
+1.966380E-07	1	0	
+2.318100E-07	1	0	
+2.179920E-07	1	0	
+2.038920E-07	1	0	
+2.193060E-07	1	0	
+2.038440E-07	1	0	
+2.130900E-07	1	0	
+1.974600E-07	1	0	
+1.968600E-07	1	0	
+1.933872E-06	4	0	
+2.677548E-06	4	0	
+1.004832E-06	4	0	
+2.205240E-07	2	0	
+2.048280E-07	2	0	
+2.274900E-07	2	0	
+2.219640E-07	2	0	
+2.087280E-07	2	0	
+2.056980E-07	2	0	
+2.209020E-07	2	0	
+2.204880E-07	2	0	
+2.034240E-07	2	0	
+2.303040E-07	2	0	
+2.190600E-07	2	0	
+1.966860E-07	2	0	
+2.136540E-07	2	0	
+2.115480E-07	2	0	
+2.058480E-07	2	0	
+2.146860E-07	2	0	
+2.065980E-07	2	0	
+2.169240E-07	2	0	
+2.325600E-07	2	0	
+2.290860E-07	2	0	
+2.135940E-07	2	0	
+2.038860E-07	2	0	
+1.892220E-07	2	0	
+2.241120E-07	2	0	
+2.096220E-07	2	0	
+2.029980E-07	2	0	
+2.097960E-07	2	0	
-1.501764E-06	3	0	
-2.274882E-06	3	0	
-5.915100E-07	3	0	
+2.022000E-07	1	0	
+2.194740E-07	1	0	
+2.088300E-07	1	0	
+2.161260E-07	1	0	
+2.131980E-07	1	0	
+2.114280E-07	1	0	
+2.080560E-07	1	0	
+2.038680E-07	1	0	
+1.947420E-07	1	0	
+2.082720E-07	1	0	
+2.060880E-07	1	0	
+1.950660E-07	1	0	
+2.068320E-07	1	0	
+2.149560E-07	1	0	
+2.128140E-07	1	0	
+1.947060E-07	1	0	
+2.022720E-07	1	0	
+1.998300E-07	1	0	
+2.102820E-07	1	0	
+2.047980E-07	1	0	
+2.073780E-07	1	0	
+1.858200E-07	1	0	
+1.991700E-07	1	0	
+2.123220E-07	1	0	
+2.004000E-07	1	0	
+1.877100E-07	1	0	
+2.033280E-07	1	0	
+1.907142E-06	4	0	
+2.667546E-06	4	0	
+9.926340E-07	4	0	
+1.984980E-07	2	0	
+1.970280E-07	2	0	
+1.961400E-07	2	0	
+1.982280E-07	2	0	
+2.020920E-07	2	0	
+2.058060E-07	2	0	
+1.985820E-07	2	0	
+1.907700E-07	2	0	
+2.116140E-07	2	0	
+1.984080E-07	2	0	
+1.914600E-07	2	0	
+1.991280E-07	2	0	
+2.001060E-07	2	0	
+1.988520E-07	2	0	
+1.885620E-07	2	0	
+1.881720E-07	2	0	
+1.977240E-07	2	0	
+2.008680E-07	2	0	
+2.029200E-07	2	0	
+1.938360E-07	2	0	
+1.966200E-07	2	0	
+2.081700E-07	2	0	
+2.074260E-07	2	0	
+1.925280E-07	2	0	
+1.924800E-07	2	0	
+2.060280E-07	2	0	
+1.965000E-07	2	0	
-1.513386E-06	3	0	
-2.276712E-06	3	0	
-5.971740E-07	3	0	
+2.123820E-07	1	0	
+2.077260E-07	1	0	
+2.297760E-07	1	0	
+2.135640E-07	1	0	
+2.130720E-07	1	0	
+2.143620E-07	1	0	
+2.030340E-07	1	0	
+2.142420E-07	1	0	
+2.065560E-07	1	0	
+2.166960E-07	1	0	
+1.968840E-07	1	0	
+2.026800E-07	1	0	
+1.986660E-07	1	0	
+2.003700E-07	1	0	
+2.140200E-07	1	0	
+2.007600E-07	1	0	
+2.113440E-07	1	0	
+2.064720E-07	1	0	
+2.168940E-07	1	0	
+2.064420E-07	1	0	
+2.107500E-07	1	0	
+2.018640E-07	1	0	
+2.178540E-07	1	0	
+2.081220E-07	1	0	
+1.967700E-07	1	0	
+1.993500E-07	1	0	
+1.914540E-07	1	0	
+1.913304E-06	4	0	
+2.675934E-06	4	0	
+9.973320E-07	4	0	
+2.086680E-07	2	0	
+1.984740E-07	2	0	
+1.999680E-07	2	0	
+2.040120E-07	2	0	
+2.071620E-07	2	0	
+1.902060E-07	2	0	
+1.963380E-07	2	0	
+1.962600E-07	2	0	
+2.024880E-07	2	0	
+2.093220E-07	2	0	
+1.930500E-07	2	0	
+2.152200E-07	2	0	
+2.018820E-07	2	0	
+2.128080E-07	2	0	
+2.162100E-07	2	0	
+2.128140E-07	2	0	
+2.042580E-07	2	0	
+1.980720E-07	2	0	
+2.109540E-07	2	0	
+2.243160E-07	2	0	
+2.170320E-07	2	0	
+1.966920E-07	2	0	
+1.915260E-07	2	0	
+1.984080E-07	2	0	
+2.181960E-07	2	0	
+1.994820E-07	2	0	
+1.968660E-07	2	0	
-1.509516E-06	3	0	
-2.275140E-06	3	0	
-5.921100E-07	3	0	
+2.131860E-07	1	0	
+2.094480E-07	1	0	
+2.011620E-07	1	0	
+2.136600E-07	1	0	
+2.042280E-07	1	0	
+2.033520E-07	1	0	
+2.081760E-07	1	0	
+1.928760E-07	1	0	
+1.957380E-07	1	0	
+2.084160E-07	1	0	
+2.062500E-07	1	0	
+2.027400E-07	1	0	
+2.040960E-07	1	0	
+2.132640E-07	1	0	
+2.205780E-07	1	0	
+2.050020E-07	1	0	
+2.082420E-07	1	0	
+1.938420E-07	1	0	
+1.999260E-07	1	0	
+2.044080E-07	1	0	
+2.078640E-07	1	0	
+2.015400E-07	1	0	
+1.974360E-07	1	0	
+2.005200E-07	1	0	
+2.038080E-07	1	0	
+2.135700E-07	1	0	
+1.871880E-07	1	0	
+1.893966E-06	4	0	
+2.671338E-06	4	0	
+9.977880E-07	4	0	
+1.872300E-07	2	0	
+2.025360E-07	2	0	
+2.023740E-07	2	0	
+1.891980E-07	2	0	
+1.972920E-07	2	0	
+1.880220E-07	2	0	
+1.941960E-07	2	0	
+2.015040E-07	2	0	
+1.968600E-07	2	0	
+1.932120E-07	2	0	
+2.000340E-07	2	0	
+2.063640E-07	2	0	
+2.187120E-07	2	0	
+1.998000E-07	2	0	
+2.096700E-07	2	0	
+2.001120E-07	2	0	
+1.989480E-07	2	0	
+1.955880E-07	2	0	
+2.040180E-07	2	0	
+2.059740E-07	2	0	
+2.069100E-07	2	0	
+2.143980E-07	2	0	
+2.043960E-07	2	0	
+1.932060E-07	2	0	
+2.017500E-07	2	0	
+2.108040E-07	2	0	
+2.042580E-07	2	0	
-1.511622E-06	3	0	
-2.262816E-06	3	0	
-5.898420E-07	3	0	
+2.020800E-07	1	0	
+1.941420E-07	1	0	
+2.001600E-07	1	0	
+2.005320E-07	1	0	
+2.010000E-07	1	0	
+2.052900E-07	1	0	
+2.119080E-07	1	0	
+2.037540E-07	1	0	
+2.017680E-07	1	0	
+2.024520E-07	1	0	
+1.879860E-07	1	0	
+1.907700E-07	1	0	
+1.998720E-07	1	0	
+1.986300E-07	1	0	
+1.958280E-07	1	0	
+1.980960E-07	1	0	
+1.997520E-07	1	0	
+1.904160E-07	1	0	
+1.976220E-07	1	0	
+1.926240E-07	1	0	
+2.023560E-07	1	0	
+1.859160E-07	1	0	
+1.927860E-07	1	0	
+1.997520E-07	1	0	
+1.981620E-07	1	0	
+1.978620E-07	1	0	
+1.909080E-07	1	0	
+1.923042E-06	4	0	
+2.670888E-06	4	0	
+9.861480E-07	4	0	
+1.983840E-07	2	0	
+1.892220E-07	2	0	
+1.939980E-07	2	0	
+2.022240E-07	2	0	
+2.051640E-07	2	0	
+2.044920E-07	2	0	
+1.956000E-07	2	0	
+1.919580E-07	2	0	
+1.846140E-07	2	0	
+1.865820E-07	2	0	
+1.954920E-07	2	0	
+1.963140E-07	2	0	
+1.839240E-07	2	0	
+2.000640E-07	2	0	
+1.953960E-07	2	0	
+1.996680E-07	2	0	
+2.018280E-07	2	0	
+2.032440E-07	2	0	
+1.890840E-07	2	0	
+1.938540E-07	2	0	
+1.997100E-07	2	0	
+1.927620E-07	2	0	
+1.973160E-07	2	0	
+2.007960E-07	2	0	
+2.022120E-07	2	0	
+2.011560E-07	2	0	
+2.022240E-07	2	0	
-1.523508E-06	3	0	
-2.270448E-06	3	0	
-5.911080E-07	3	0	
+2.101920E-07	1	0	
+2.049780E-07	1	0	
+1.998420E-07	1	0	
+2.071680E-07	1	0	
+2.064900E-07	1	0	
+2.058120E-07	1	0	
+2.002860E-07	1	0	
+2.159820E-07	1	0	
+1.991460E-07	1	0	
+2.086140E-07	1	0	
+2.067960E-07	1	0	
+2.143080E-07	1	0	
+2.108340E-07	1	0	
+2.012580E-07	1	0	
+2.099700E-07	1	0	
+2.162820E-07	1	0	
+2.132340E-07	1	0	
+2.005680E-07	1	0	
+1.972740E-07	1	0	
+2.010480E-07	1	0	
+2.125500E-07	1	0	
+1.941660E-07	1	0	
+2.008080E-07	1	0	
+2.019120E-07	1	0	
+2.070660E-07	1	0	
+2.180880E-07	1	0	
+2.003880E-07	1	0	
+1.922208E-06	4	0	
+2.677494E-06	4	0	
+1.009002E-06	4	0	
+2.069940E-07	2	0	
+2.035920E-07	2	0	
+2.150940E-07	2	0	
+2.186700E-07	2	0	
+2.045820E-07	2	0	
+2.090040E-07	2	0	
+2.186460E-07	2	0	
+2.140800E-07	2	0	
+2.083260E-07	2	0	
+2.098800E-07	2	0	
+2.046780E-07	2	0	
+2.057340E-07	2	0	
+2.091360E-07	2	0	
+2.141040E-07	2	0	
+2.108400E-07	2	0	
+2.096580E-07	2	0	
+2.113800E-07	2	0	
+2.162340E-07	2	0	
+2.038080E-07	2	0	
+2.090100E-07	2	0	
+2.064360E-07	2	0	
+2.183400E-07	2	0	
+2.178000E-07	2	0	
+2.013720E-07	2	0	
+2.037420E-07	2	0	
+2.116680E-07	2	0	
+2.271900E-07	2	0	
-1.496586E-06	3	0	
-2.260476E-06	3	0	
-5.892780E-07	3	0	
+2.190480E-07	1	0	
+2.156400E-07	1	0	
+2.144760E-07	1	0	
+2.038440E-07	1	0	
+2.115480E-07	1	0	
+2.190720E-07	1	0	
+2.160660E-07	1	0	
+2.129760E-07	1	0	
+2.144700E-07	1	0	
+2.184240E-07	1	0	
+2.193420E-07	1	0	
+2.181060E-07	1	0	
+2.083440E-07	1	0	
+2.094240E-07	1	0	
+1.933560E-07	1	0	
+1.928700E-07	1	0	
+2.019900E-07	1	0	
+1.945020E-07	1	0	
+1.986360E-07	1	0	
+1.983060E-07	1	0	
+1.983900E-07	1	0	
+1.971060E-07	1	0	
+1.889460E-07	1	0	
+2.111820E-07	1	0	
+2.123940E-07	1	0	
+2.055120E-07	1	0	
+2.049180E-07	1	0	
+1.902492E-06	4	0	
+2.662560E-06	4	0	
+9.977880E-07	4	0	
+1.942140E-07	2	0	
+1.867020E-07	2	0	
+1.973460E-07	2	0	
+2.010900E-07	2	0	
+1.939740E-07	2	0	
+1.953420E-07	2	0	
+2.107440E-07	2	0	
+2.163720E-07	2	0	
+1.909920E-07	2	0	
+1.999500E-07	2	0	
+2.018040E-07	2	0	
+2.037360E-07	2	0	
+2.002860E-07	2	0	
+2.228580E-07	2	0	
+2.085780E-07	2	0	
+2.147820E-07	2	0	
+2.141760E-07	2	0	
+2.065200E-07	2	0	
+2.132700E-07	2	0	
+2.078940E-07	2	0	
+2.035500E-07	2	0	
+2.211720E-07	2	0	
+2.151180E-07	2	0	
+2.156580E-07	2	0	
+2.110440E-07	2	0	
+2.049300E-07	2	0	
+1.997040E-07	2	0	
-1.507824E-06	3	0	
-2.260878E-06	3	0	
-5.904360E-07	3	0	
+2.150520E-07	1	0	
+2.189040E-07	1	0	
+2.107500E-07	1	0	
+2.172360E-07	1	0	
+2.137320E-07	1	0	
+2.118300E-07	1	0	
+2.187180E-07	1	0	
+2.175240E-07	1	0	
+2.248560E-07	1	0	
+2.258700E-07	1	0	
+2.175360E-07	1	0	
+2.138580E-07	1	0	
+2.155680E-07	1	0	
+2.144340E-07	1	0	
+2.215680E-07	1	0	
+2.187600E-07	1	0	
+2.229060E-07	1	0	
+2.059800E-07	1	0	
+2.092920E-07	1	0	
+2.115180E-07	1	0	
+2.066640E-07	1	0	
+2.161800E-07	1	0	
+2.108220E-07	1	0	
+2.166720E-07	1	0	
+2.032680E-07	1	0	
+2.146800E-07	1	0	
+2.121240E-07	1	0	
+1.919736E-06	4	0	
+2.675442E-06	4	0	
+1.003176E-06	4	0	
+2.094540E-07	2	0	
+2.155380E-07	2	0	
+2.092320E-07	2	0	
+2.060040E-07	2	0	
+2.087460E-07	2	0	
+1.995300E-07	2	0	
+2.108160E-07	2	0	
+2.122740E-07	2	0	
+1.970340E-07	2	0	
+2.199360E-07	2	0	
+1.989420E-07	2	0	
+1.953300E-07	2	0	
+2.077740E-07	2	0	
+1.946340E-07	2	0	
+2.041860E-07	2	0	
+2.122440E-07	2	0	
+2.226540E-07	2	0	
+1.973100E-07	2	0	
+2.168280E-07	2	0	
+1.950060E-07	2	0	
+2.010600E-07	2	0	
+2.148900E-07	2	0	
+2.222280E-07	2	0	
+2.120100E-07	2	0	
+2.151360E-07	2	0	
+2.162340E-07	2	0	
+2.051880E-07	2	0	
-1.501272E-06	3	0	
-2.274834E-06	3	0	
-6.000360E-07	3	0	
+2.152260E-07	1	0	
+2.079360E-07	1	0	
+2.203800E-07	1	0	
+2.100180E-07	1	0	
+2.045460E-07	1	0	
+2.166720E-07	1	0	
+2.118600E-07	1	0	
+1.972260E-07	1	0	
+2.195940E-07	1	0	
+2.145960E-07	1	0	
+2.066820E-07	1	0	
+2.183640E-07	1	0	
+2.020260E-07	1	0	
+2.000220E-07	1	0	
+2.102940E-07	1	0	
+2.053140E-07	1	0	
+2.216220E-07	1	0	
+2.056200E-07	1	0	
+2.211120E-07	1	0	
+2.104980E-07	1	0	
+1.918260E-07	1	0	
+2.135580E-07	1	0	
+2.126220E-07	1	0	
+2.029560E-07	1	0	
+2.097780E-07	1	0	
+2.031720E-07	1	0	
+2.148720E-07	1	0	
+1.925274E-06	4	0	
+2.677032E-06	4	0	
+1.012332E-06	4	0	
+2.003100E-07	2	0	
+2.001900E-07	2	0	
+1.971900E-07	2	0	
+2.071980E-07	2	0	
+2.087280E-07	2	0	
+1.961460E-07	2	0	
+2.059920E-07	2	0	
+2.033460E-07	2	0	
+2.059320E-07	2	0	
+2.134260E-07	2	0	
+2.015400E-07	2	0	
+2.133360E-07	2	0	
+2.104740E-07	2	0	
+2.123340E-07	2	0	
+2.060040E-07	2	0	
+2.114820E-07	2	0	
+2.066820E-07	2	0	
+2.015100E-07	2	0	
+2.065440E-07	2	0	
+1.977420E-07	2	0	
+2.083740E-07	2	0	
+2.149380E-07	2	0	
+2.048340E-07	2	0	
+2.142720E-07	2	0	
+2.045880E-07	2	0	
+2.105040E-07	2	0	
+2.032740E-07	2	0	
-1.510260E-06	3	0	
-2.264328E-06	3	0	
-5.848380E-07	3	0	
+2.199480E-07	1	0	
+2.098800E-07	1	0	
+2.140320E-07	1	0	
+2.141880E-07	1	0	
+2.133840E-07	1	0	
+2.022060E-07	1	0	
+2.186700E-07	1	0	
+2.209020E-07	1	0	
+2.094000E-07	1	0	
+2.079960E-07	1	0	
+2.240820E-07	1	0	
+1.911600E-07	1	0	
+2.074620E-07	1	0	
+2.047080E-07	1	0	
+2.102520E-07	1	0	
+2.210100E-07	1	0	
+2.130960E-07	1	0	
+2.187540E-07	1	0	
+2.069280E-07	1	0	
+2.198280E-07	1	0	
+2.150400E-07	1	0	
+2.155620E-07	1	0	
+2.236560E-07	1	0	
+2.101620E-07	1	0	
+2.195460E-07	1	0	
+2.151600E-07	1	0	
+2.091780E-07	1	0	
+1.926798E-06	4	0	
+2.686224E-06	4	0	
+9.969060E-07	4	0	
+1.949760E-07	2	0	
+2.217600E-07	2	0	
+2.080200E-07	2	0	
+1.968120E-07	2	0	
+2.108820E-07	2	0	
+2.162040E-07	2	0	
+1.976880E-07	2	0	
+1.987800E-07	2	0	
+2.087400E-07	2	0	
+2.115540E-07	2	0	
+2.190960E-07	2	0	
+2.053440E-07	2	0	
+2.115960E-07	2	0	
+2.010600E-07	2	0	
+1.999920E-07	2	0	
+2.170380E-07	2	0	
+2.095080E-07	2	0	
+1.937220E-07	2	0	
+2.002620E-07	2	0	
+2.056620E-07	2	0	
+2.168160E-07	2	0	
+2.040240E-07	2	0	
+1.973580E-07	2	0	
+2.143380E-07	2	0	
+2.065080E-07	2	0	
+2.010780E-07	2	0	
+2.165700E-07	2	0	
-1.514400E-06	3	0	
-2.249952E-06	3	0	
-5.993340E-07	3	0	
+2.230920E-07	1	0	
+2.222400E-07	1	0	
+2.136300E-07	1	0	
+2.114820E-07	1	0	
+2.242920E-07	1	0	
+2.023140E-07	1	0	
+2.199000E-07	1	0	
+2.217720E-07	1	0	
+2.109720E-07	1	0	
+2.111700E-07	1	0	
+2.128500E-07	1	0	
+2.193720E-07	1	0	
+2.038980E-07	1	0	
+2.052300E-07	1	0	
+2.043360E-07	1	0	
+2.216400E-07	1	0	
+2.175780E-07	1	0	
+2.180160E-07	1	0	
+2.072400E-07	1	0	
+2.077500E-07	1	0	
+2.062680E-07	1	0	
+2.161620E-07	1	0	
+1.989480E-07	1	0	
+2.186220E-07	1	0	
+2.201040E-07	1	0	
+2.087040E-07	1	0	
+2.030580E-07	1	0	
+1.924242E-06	4	0	
+2.671542E-06	4	0	
+1.008858E-06	4	0	
+2.243820E-07	2	0	
+2.072460E-07	2	0	
+1.954620E-07	2	0	
+2.032380E-07	2	0	
+2.113140E-07	2	0	
+2.194620E-07	2	0	
+2.104680E-07	2	0	
+2.077680E-07	2	0	
+1.997880E-07	2	0	
+2.066160E-07	2	0	
+1.991340E-07	2	0	
+1.968240E-07	2	0	
+2.073120E-07	2	0	
+2.053140E-07	2	0	
+2.020980E-07	2	0	
+2.081880E-07	2	0	
+2.173440E-07	2	0	
+2.101860E-07	2	0	
+2.093340E-07	2	0	
+2.014320E-07	2	0	
+2.122740E-07	2	0	
+2.126580E-07	2	0	
+2.121000E-07	2	0	
+2.070420E-07	2	0	
+2.194260E-07	2	0	
+2.167680E-07	2	0	
+2.112600E-07	2	0	
-1.492752E-06	3	0	
-2.256120E-06	3	0	
-5.637960E-07	3	0	
+2.283300E-07	1	0	
+2.248260E-07	1	0	
+2.261700E-07	1	0	
+2.146860E-07	1	0	
+2.311380E-07	1	0	
+2.233680E-07	1	0	
+2.291100E-07	1	0	
+2.240760E-07	1	0	
+2.338620E-07	1	0	
+2.309460E-07	1	0	
+2.269920E-07	1	0	
+2.104860E-07	1	0	
+2.285880E-07	1	0	
+2.184420E-07	1	0	
+2.248500E-07	1	0	
+2.290620E-07	1	0	
+2.209380E-07	1	0	
+2.327820E-07	1	0	
+2.327640E-07	1	0	
+2.344740E-07	1	0	
+2.253000E-07	1	0	
+2.292600E-07	1	0	
+2.281860E-07	1	0	
+2.148240E-07	1	0	
+2.143440E-07	1	0	
+2.195280E-07	1	0	
+2.233860E-07	1	0	
+1.940460E-06	4	0	
+2.691372E-06	4	0	
+1.022484E-06	4	0	
+2.325900E-07	2	0	
+2.164980E-07	2	0	
+2.191200E-07	2	0	
+2.047980E-07	2	0	
+2.127900E-07	2	0	
+2.148360E-07	2	0	
+2.156520E-07	2	0	
+2.133540E-07	2	0	
+2.246040E-07	2	0	
+2.058060E-07	2	0	
+2.058000E-07	2	0	
+2.397180E-07	2	0	
+2.242380E-07	2	0	
+1.961760E-07	2	0	
+2.071140E-07	2	0	
+2.065680E-07	2	0	
+2.191680E-07	2	0	
+2.258700E-07	2	0	
+2.129400E-07	2	0	
+2.087040E-07	2	0	
+2.261520E-07	2	0	
+2.160360E-07	2	0	
+2.199480E-07	2	0	
+2.259840E-07	2	0	
+2.078220E-07	2	0	
+2.266860E-07	2	0	
+2.124360E-07	2	0	
-1.506300E-06	3	0	
-2.260188E-06	3	0	
-5.929020E-07	3	0	
+2.242440E-07	1	0	
+2.142120E-07	1	0	
+2.104260E-07	1	0	
+2.210520E-07	1	0	
+2.202240E-07	1	0	
+2.276340E-07	1	0	
+2.185080E-07	1	0	
+2.239440E-07	1	0	
+2.256780E-07	1	0	
+2.335560E-07	1	0	
+2.252160E-07	1	0	
+2.245020E-07	1	0	
+2.235720E-07	1	0	
+2.118900E-07	1	0	
+2.203260E-07	1	0	
+2.202660E-07	1	0	
+2.316720E-07	1	0	
+2.156280E-07	1	0	
+2.161260E-07	1	0	
+2.262360E-07	1	0	
+2.201820E-07	1	0	
+2.177820E-07	1	0	
+2.130720E-07	1	0	
+2.231940E-07	1	0	
+2.133120E-07	1	0	
+2.202120E-07	1	0	
+2.187900E-07	1	0	
+1.930356E-06	4	0	
+2.678532E-06	4	0	
+1.016550E-06	4	0	
+2.195040E-07	2	0	
+2.194020E-07	2	0	
+2.073900E-07	2	0	
+2.197140E-07	2	0	
+2.261820E-07	2	0	
+2.077140E-07	2	0	
+2.190600E-07	2	0	
+2.111040E-07	2	0	
+2.073360E-07	2	0	
+2.016960E-07	2	0	
+2.160120E-07	2	0	
+2.209320E-07	2	0	
+2.153520E-07	2	0	
+2.048520E-07	2	0	
+2.083200E-07	2	0	
+2.128440E-07	2	0	
+2.100780E-07	2	0	
+2.113140E-07	2	0	
+2.184000E-07	2	0	
+2.247420E-07	2	0	
+2.048160E-07	2	0	
+2.000100E-07	2	0	
+2.198760E-07	2	0	
+2.093700E-07	2	0	
+2.066880E-07	2	0	
+2.111880E-07	2	0	
+2.130840E-07	2	0	
-1.499400E-06	3	0	
-2.265504E-06	3	0	
-5.850360E-07	3	0	
+2.178900E-07	1	0	
+2.174040E-07	1	0	
+2.250480E-07	1	0	
+2.200140E-07	1	0	
+2.196900E-07	1	0	
+2.212680E-07	1	0	
+2.149980E-07	1	0	
+2.205300E-07	1	0	
+2.142960E-07	1	0	
+2.147700E-07	1	0	
+2.141880E-07	1	0	
+2.118600E-07	1	0	
+2.180160E-07	1	0	
+2.214900E-07	1	0	
+2.134680E-07	1	0	
+2.120460E-07	1	0	
+2.182140E-07	1	0	
+2.256540E-07	1	0	
+2.170020E-07	1	0	
+2.208660E-07	1	0	
+2.180400E-07	1	0	
+2.221320E-07	1	0	
+2.163000E-07	1	0	
+2.169300E-07	1	0	
+2.088180E-07	1	0	
+2.169000E-07	1	0	
+2.270580E-07	1	0	
+1.930740E-06	4	0	
+2.688768E-06	4	0	
+1.009698E-06	4	0	
+1.899120E-07	2	0	
+1.985580E-07	2	0	
+2.122260E-07	2	0	
+2.154120E-07	2	0	
+2.056320E-07	2	0	
+2.115420E-07	2	0	
+2.028420E-07	2	0	
+2.207520E-07	2	0	
+2.047620E-07	2	0	
+2.184900E-07	2	0	
+2.113980E-07	2	0	
+2.068080E-07	2	0	
+2.152560E-07	2	0	
+2.079360E-07	2	0	
+1.987380E-07	2	0	
+1.992240E-07	2	0	
+2.106840E-07	2	0	
+2.043060E-07	2	0	
+2.046360E-07	2	0	
+2.100840E-07	2	0	
+2.127000E-07	2	0	
+2.143380E-07	2	0	
+2.231520E-07	2	0	
+2.039460E-07	2	0	
+2.076060E-07	2	0	
+1.887960E-07	2	0	
+2.077860E-07	2	0	
-1.507134E-06	3	0	
-2.276310E-06	3	0	
-6.071520E-07	3	0	
+2.104920E-07	1	0	
+2.035020E-07	1	0	
+1.996920E-07	1	0	
+2.063760E-07	1	0	
+1.970640E-07	1	0	
+2.067660E-07	1	0	
+2.067480E-07	1	0	
+2.137620E-07	1	0	
+2.041320E-07	1	0	
+1.928400E-07	1	0	
+2.007420E-07	1	0	
+2.032920E-07	1	0	
+2.073060E-07	1	0	
+2.167440E-07	1	0	
+2.220660E-07	1	0	
+2.048280E-07	1	0	
+2.124420E-07	1	0	
+2.217420E-07	1	0	
+2.041380E-07	1	0	
+2.104980E-07	1	0	
+1.971480E-07	1	0	
+2.210760E-07	1	0	
+2.135160E-07	1	0	
+2.106000E-07	1	0	
+2.175120E-07	1	0	
+2.213400E-07	1	0	
+2.122020E-07	1	0	
+1.931328E-06	4	0	
+2.662476E-06	4	0	
+1.003752E-06	4	0	
+1.993980E-07	2	0	
+2.000820E-07	2	0	
+2.142000E-07	2	0	
+2.096880E-07	2	0	
+2.023140E-07	2	0	
+2.127000E-07	2	0	
+1.993860E-07	2	0	
+2.035740E-07	2	0	
+2.063040E-07	2	0	
+2.253240E-07	2	0	
+2.122560E-07	2	0	
+2.053500E-07	2	0	
+2.135580E-07	2	0	
+2.120700E-07	2	0	
+2.210100E-07	2	0	
+2.139720E-07	2	0	
+2.056440E-07	2	0	
+2.139780E-07	2	0	
+2.188980E-07	2	0	
+2.100540E-07	2	0	
+2.180460E-07	2	0	
+2.196720E-07	2	0	
+2.247600E-07	2	0	
+2.178060E-07	2	0	
+2.182800E-07	2	0	
+2.204760E-07	2	0	
+2.071620E-07	2	0	
-1.495578E-06	3	0	
-2.269986E-06	3	0	
-5.884860E-07	3	0	
+2.287920E-07	1	0	
+2.197200E-07	1	0	
+2.146740E-07	1	0	
+2.018700E-07	1	0	
+2.263620E-07	1	0	
+2.287560E-07	1	0	
+2.080140E-07	1	0	
+2.255640E-07	1	0	
+2.271840E-07	1	0	
+2.030760E-07	1	0	
+2.132820E-07	1	0	
+2.086920E-07	1	0	
+2.120280E-07	1	0	
+2.238780E-07	1	0	
+2.179560E-07	1	0	
+2.162820E-07	1	0	
+2.084220E-07	1	0	
+2.148720E-07	1	0	
+2.223360E-07	1	0	
+2.186820E-07	1	0	
+2.094900E-07	1	0	
+2.053080E-07	1	0	
+2.196060E-07	1	0	
+2.193840E-07	1	0	
+2.143560E-07	1	0	
+2.108220E-07	1	0	
+2.276700E-07	1	0	
+1.939866E-06	4	0	
+2.691144E-06	4	0	
+9.972720E-07	4	0	
+2.013180E-07	2	0	
+2.118720E-07	2	0	
+2.132040E-07	2	0	
+2.079780E-07	2	0	
+2.070120E-07	2	0	
+2.088540E-07	2	0	
+2.100060E-07	2	0	
+2.105760E-07	2	0	
+2.070900E-07	2	0	
+2.051040E-07	2	0	
+2.074440E-07	2	0	
+2.021880E-07	2	0	
+2.184480E-07	2	0	
+2.160240E-07	2	0	
+2.228400E-07	2	0	
+2.009640E-07	2	0	
+2.054340E-07	2	0	
+1.966500E-07	2	0	
+2.035260E-07	2	0	
+2.041140E-07	2	0	
+2.071980E-07	2	0	
+2.040780E-07	2	0	
+2.039400E-07	2	0	
+2.147220E-07	2	0	
+2.048460E-07	2	0	
+2.075280E-07	2	0	
+1.969620E-07	2	0	
-1.503156E-06	3	0	
-2.249802E-06	3	0	
-5.849280E-07	3	0	
+2.247900E-07	1	0	
+2.117460E-07	1	0	
+2.033580E-07	1	0	
+2.178360E-07	1	0	
+2.064660E-07	1	0	
+2.078220E-07	1	0	
+2.113200E-07	1	0	
+1.936500E-07	1	0	
+1.995720E-07	1	0	
+2.036520E-07	1	0	
+2.090880E-07	1	0	
+1.980720E-07	1	0	
+1.973520E-07	1	0	
+2.123820E-07	1	0	
+2.160780E-07	1	0	
+2.055960E-07	1	0	
+2.095380E-07	1	0	
+1.781100E-07	1	0	
+1.917180E-07	1	0	
+2.102400E-07	1	0	
+2.150100E-07	1	0	
+1.998120E-07	1	0	
+1.989720E-07	1	0	
+2.123100E-07	1	0	
+2.098440E-07	1	0	
+2.046300E-07	1	0	
+2.139720E-07	1	0	
+1.934130E-06	4	0	
+2.674968E-06	4	0	
+1.015344E-06	4	0	
+2.040120E-07	2	0	
+1.932840E-07	2	0	
+1.997940E-07	2	0	
+2.002620E-07	2	0	
+2.096880E-07	2	0	
+2.148060E-07	2	0	
+2.222040E-07	2	0	
+2.081160E-07	2	0	
+2.085960E-07	2	0	
+2.038620E-07	2	0	
+1.988760E-07	2	0	
+2.035140E-07	2	0	
+2.025300E-07	2	0	
+1.959420E-07	2	0	
+2.091420E-07	2	0	
+1.993440E-07	2	0	
+2.001720E-07	2	0	
+1.949820E-07	2	0	
+2.036520E-07	2	0	
+1.924380E-07	2	0	
+2.070720E-07	2	0	
+1.977540E-07	2	0	
+2.138340E-07	2	0	
+2.064300E-07	2	0	
+2.013900E-07	2	0	
+2.066640E-07	2	0	
+2.114040E-07	2	0	
-1.510902E-06	3	0	
-2.269632E-06	3	0	
-5.813880E-07	3	0	
+2.162520E-07	1	0	
+2.135040E-07	1	0	
+2.079120E-07	1	0	
+2.111400E-07	1	0	
+2.126820E-07	1	0	
+2.049540E-07	1	0	
+2.128380E-07	1	0	
+2.120880E-07	1	0	
+2.145120E-07	1	0	
+2.107500E-07	1	0	
+2.163720E-07	1	0	
+2.033940E-07	1	0	
+2.093400E-07	1	0	
+2.098200E-07	1	0	
+2.142780E-07	1	0	
+2.019060E-07	1	0	
+1.935300E-07	1	0	
+1.897620E-07	1	0	
+2.066820E-07	1	0	
+1.865340E-07	1	0	
+2.074980E-07	1	0	
+1.972020E-07	1	0	
+2.048520E-07	1	0	
+2.089080E-07	1	0	
+2.140440E-07	1	0	
+2.027880E-07	1	0	
+2.059860E-07	1	0	
+1.925898E-06	4	0	
+2.677572E-06	4	0	
+9.957000E-07	4	0	
+1.964100E-07	2	0	
+1.992600E-07	2	0	
+2.022840E-07	2	0	
+2.113800E-07	2	0	
+2.043300E-07	2	0	
+2.083560E-07	2	0	
+2.028180E-07	2	0	
+2.182800E-07	2	0	
+2.190840E-07	2	0	
+2.233380E-07	2	0	
+2.162340E-07	2	0	
+2.157780E-07	2	0	
+2.151720E-07	2	0	
+2.057580E-07	2	0	
+2.139540E-07	2	0	
+2.045460E-07	2	0	
+1.922940E-07	2	0	
+2.038440E-07	2	0	
+2.087940E-07	2	0	
+2.185860E-07	2	0	
+2.036160E-07	2	0	
+2.127780E-07	2	0	
+2.035380E-07	2	0	
+2.073900E-07	2	0	
+2.149740E-07	2	0	
+2.215260E-07	2	0	
+2.077020E-07	2	0	
-1.507506E-06	3	0	
-2.269374E-06	3	0	
