start date: 	2016-02-19
start time: 	15.07.03
stop date: 	2016-02-19
stop time: 	15.11.45
com rel. humid (%):	35.0
com temp (°C):	26.14
cn temp (°C):	27.16
nv temp (°C):	31.31
remarks: 	
R1 Info: 	QHR
R2 Info: 	1445
data filepath: 	C:\MagniconData\CCCViewerData\cccviewer_measure\2016-02-19_CCC\160219_023_1507.txt
config filepath: 	C:\MagniconData\CCCViewerData\cccviewer_measure\2016-02-19_CCC\160219_023_1507_cccdrive.cfg
time base (Hz): 	60
integration time (time base multiples):	3
number of samples per half cycle: 	100
ignored first samples: 	50
ignored last samples: 	0
amplifier gain: 	10000
delta N1/NA (mTurns): 	-41.137695312
delta (I2*R2) (V): 	3.0000

data(V)	phase	error
6.402000E-5	1	0	
6.480000E-5	1	0	
6.416400E-5	1	0	
6.476400E-5	1	0	
6.340800E-5	1	0	
6.399600E-5	1	0	
6.456000E-5	1	0	
6.416400E-5	1	0	
6.471600E-5	1	0	
6.340800E-5	1	0	
6.397200E-5	1	0	
6.464400E-5	1	0	
6.397200E-5	1	0	
6.465600E-5	1	0	
6.356400E-5	1	0	
6.379200E-5	1	0	
6.472800E-5	1	0	
6.392400E-5	1	0	
6.441600E-5	1	0	
6.321600E-5	1	0	
6.403200E-5	1	0	
6.462000E-5	1	0	
6.399600E-5	1	0	
6.403200E-5	1	0	
6.363600E-5	1	0	
6.411600E-5	1	0	
6.435600E-5	1	0	
6.375600E-5	1	0	
6.440400E-5	1	0	
6.355200E-5	1	0	
6.374400E-5	1	0	
6.493200E-5	1	0	
6.366000E-5	1	0	
6.435600E-5	1	0	
6.336000E-5	1	0	
6.404400E-5	1	0	
6.490800E-5	1	0	
6.360000E-5	1	0	
6.398400E-5	1	0	
6.390000E-5	1	0	
6.404400E-5	1	0	
6.506400E-5	1	0	
6.349200E-5	1	0	
6.404400E-5	1	0	
6.376800E-5	1	0	
6.421200E-5	1	0	
6.460800E-5	1	0	
6.380400E-5	1	0	
6.387600E-5	1	0	
6.387600E-5	1	0	
6.414000E-5	1	0	
6.463200E-5	1	0	
6.333600E-5	1	0	
6.414000E-5	1	0	
6.408000E-5	1	0	
6.391200E-5	1	0	
6.492000E-5	1	0	
6.357600E-5	1	0	
6.390000E-5	1	0	
6.403200E-5	1	0	
6.423600E-5	1	0	
6.465600E-5	1	0	
6.351600E-5	1	0	
6.379200E-5	1	0	
6.427200E-5	1	0	
6.406800E-5	1	0	
6.459600E-5	1	0	
6.351600E-5	1	0	
6.387600E-5	1	0	
6.415200E-5	1	0	
6.393600E-5	1	0	
6.459600E-5	1	0	
6.373200E-5	1	0	
6.379200E-5	1	0	
6.432000E-5	1	0	
6.387600E-5	1	0	
6.458400E-5	1	0	
6.324000E-5	1	0	
6.394800E-5	1	0	
6.418800E-5	1	0	
6.452400E-5	1	0	
6.434400E-5	1	0	
6.349200E-5	1	0	
6.406800E-5	1	0	
6.444000E-5	1	0	
6.416400E-5	1	0	
6.393600E-5	1	0	
3.744000E-5	4	0	
-5.389200E-5	4	0	
-6.283200E-5	4	0	
-6.318000E-5	4	0	
-6.306000E-5	4	0	
-6.290400E-5	4	0	
-6.348000E-5	4	0	
-6.265200E-5	4	0	
-6.218400E-5	4	0	
-6.200400E-5	4	0	
-5.834400E-5	4	0	
-5.868000E-5	4	0	
-6.164400E-5	4	0	
-6.253200E-5	4	0	
-6.307200E-5	4	0	
-6.393600E-5	4	0	
-6.340800E-5	4	0	
-6.298800E-5	4	0	
-6.387600E-5	4	0	
-6.336000E-5	4	0	
-5.124000E-5	4	0	
4.430400E-5	2	0	
6.418800E-5	2	0	
6.357600E-5	2	0	
6.352800E-5	2	0	
6.331200E-5	2	0	
6.378000E-5	2	0	
6.468000E-5	2	0	
6.368400E-5	2	0	
6.384000E-5	2	0	
6.373200E-5	2	0	
6.385200E-5	2	0	
6.442800E-5	2	0	
6.372000E-5	2	0	
6.374400E-5	2	0	
6.372000E-5	2	0	
6.415200E-5	2	0	
6.451200E-5	2	0	
6.390000E-5	2	0	
6.343200E-5	2	0	
6.409200E-5	2	0	
6.426000E-5	2	0	
6.434400E-5	2	0	
6.436800E-5	2	0	
6.336000E-5	2	0	
6.396000E-5	2	0	
6.451200E-5	2	0	
6.416400E-5	2	0	
6.412800E-5	2	0	
6.373200E-5	2	0	
6.402000E-5	2	0	
6.452400E-5	2	0	
6.450000E-5	2	0	
6.406800E-5	2	0	
6.387600E-5	2	0	
6.418800E-5	2	0	
6.477600E-5	2	0	
6.420000E-5	2	0	
6.384000E-5	2	0	
6.406800E-5	2	0	
6.417600E-5	2	0	
6.457200E-5	2	0	
6.429600E-5	2	0	
6.405600E-5	2	0	
6.392400E-5	2	0	
6.434400E-5	2	0	
6.447600E-5	2	0	
6.442800E-5	2	0	
6.412800E-5	2	0	
6.363600E-5	2	0	
6.438000E-5	2	0	
6.458400E-5	2	0	
6.382800E-5	2	0	
6.448800E-5	2	0	
6.361200E-5	2	0	
6.433200E-5	2	0	
6.463200E-5	2	0	
6.382800E-5	2	0	
6.402000E-5	2	0	
6.375600E-5	2	0	
6.447600E-5	2	0	
6.465600E-5	2	0	
6.398400E-5	2	0	
6.390000E-5	2	0	
6.403200E-5	2	0	
6.452400E-5	2	0	
6.465600E-5	2	0	
6.406800E-5	2	0	
6.406800E-5	2	0	
6.412800E-5	2	0	
6.423600E-5	2	0	
6.456000E-5	2	0	
6.416400E-5	2	0	
6.402000E-5	2	0	
6.404400E-5	2	0	
6.445200E-5	2	0	
6.450000E-5	2	0	
6.368400E-5	2	0	
6.390000E-5	2	0	
6.422400E-5	2	0	
9.088800E-5	3	0	
1.817760E-4	3	0	
1.912560E-4	3	0	
1.912920E-4	3	0	
1.914840E-4	3	0	
1.919400E-4	3	0	
1.913520E-4	3	0	
1.908600E-4	3	0	
1.904640E-4	3	0	
1.902000E-4	3	0	
1.865400E-4	3	0	
1.872240E-4	3	0	
1.901040E-4	3	0	
1.907160E-4	3	0	
1.916160E-4	3	0	
1.921440E-4	3	0	
1.918080E-4	3	0	
1.917960E-4	3	0	
1.919040E-4	3	0	
1.920840E-4	3	0	
1.796640E-4	3	0	
8.391600E-5	1	0	
6.430800E-5	1	0	
6.457200E-5	1	0	
6.472800E-5	1	0	
6.495600E-5	1	0	
6.462000E-5	1	0	
6.388800E-5	1	0	
6.458400E-5	1	0	
6.462000E-5	1	0	
6.457200E-5	1	0	
6.458400E-5	1	0	
6.402000E-5	1	0	
6.442800E-5	1	0	
6.446400E-5	1	0	
6.446400E-5	1	0	
6.469200E-5	1	0	
6.388800E-5	1	0	
6.438000E-5	1	0	
6.452400E-5	1	0	
6.441600E-5	1	0	
6.427200E-5	1	0	
6.402000E-5	1	0	
6.428400E-5	1	0	
6.441600E-5	1	0	
6.458400E-5	1	0	
6.414000E-5	1	0	
6.402000E-5	1	0	
6.414000E-5	1	0	
6.452400E-5	1	0	
6.434400E-5	1	0	
6.427200E-5	1	0	
6.388800E-5	1	0	
6.430800E-5	1	0	
6.448800E-5	1	0	
6.435600E-5	1	0	
6.415200E-5	1	0	
6.410400E-5	1	0	
6.440400E-5	1	0	
6.450000E-5	1	0	
6.427200E-5	1	0	
6.417600E-5	1	0	
6.396000E-5	1	0	
6.432000E-5	1	0	
6.451200E-5	1	0	
6.447600E-5	1	0	
6.412800E-5	1	0	
6.417600E-5	1	0	
6.410400E-5	1	0	
6.448800E-5	1	0	
6.414000E-5	1	0	
6.390000E-5	1	0	
6.415200E-5	1	0	
6.441600E-5	1	0	
6.453600E-5	1	0	
6.429600E-5	1	0	
6.386400E-5	1	0	
6.426000E-5	1	0	
6.426000E-5	1	0	
6.457200E-5	1	0	
6.421200E-5	1	0	
6.411600E-5	1	0	
6.382800E-5	1	0	
6.454800E-5	1	0	
6.451200E-5	1	0	
6.434400E-5	1	0	
6.380400E-5	1	0	
6.422400E-5	1	0	
6.445200E-5	1	0	
6.446400E-5	1	0	
6.444000E-5	1	0	
6.415200E-5	1	0	
6.388800E-5	1	0	
6.448800E-5	1	0	
6.426000E-5	1	0	
6.420000E-5	1	0	
6.404400E-5	1	0	
6.435600E-5	1	0	
6.454800E-5	1	0	
6.428400E-5	1	0	
3.798000E-5	4	0	
-5.365200E-5	4	0	
-6.332400E-5	4	0	
-6.289200E-5	4	0	
-6.258000E-5	4	0	
-6.312000E-5	4	0	
-6.288000E-5	4	0	
-6.285600E-5	4	0	
-6.220800E-5	4	0	
-6.151200E-5	4	0	
-5.736000E-5	4	0	
-5.942400E-5	4	0	
-6.165600E-5	4	0	
-6.232800E-5	4	0	
-6.265200E-5	4	0	
-6.300000E-5	4	0	
-6.310800E-5	4	0	
-6.357600E-5	4	0	
-6.340800E-5	4	0	
-6.331200E-5	4	0	
-5.071200E-5	4	0	
4.418400E-5	2	0	
6.396000E-5	2	0	
6.402000E-5	2	0	
6.416400E-5	2	0	
6.370800E-5	2	0	
6.339600E-5	2	0	
6.398400E-5	2	0	
6.452400E-5	2	0	
6.424800E-5	2	0	
6.372000E-5	2	0	
6.409200E-5	2	0	
6.406800E-5	2	0	
6.445200E-5	2	0	
6.417600E-5	2	0	
6.420000E-5	2	0	
6.391200E-5	2	0	
6.418800E-5	2	0	
6.451200E-5	2	0	
6.423600E-5	2	0	
6.400800E-5	2	0	
6.412800E-5	2	0	
6.418800E-5	2	0	
6.462000E-5	2	0	
6.416400E-5	2	0	
6.382800E-5	2	0	
6.417600E-5	2	0	
6.432000E-5	2	0	
6.452400E-5	2	0	
6.434400E-5	2	0	
6.398400E-5	2	0	
6.429600E-5	2	0	
6.394800E-5	2	0	
6.487200E-5	2	0	
6.429600E-5	2	0	
6.399600E-5	2	0	
6.436800E-5	2	0	
6.430800E-5	2	0	
6.468000E-5	2	0	
6.438000E-5	2	0	
6.406800E-5	2	0	
6.415200E-5	2	0	
6.469200E-5	2	0	
6.411600E-5	2	0	
6.452400E-5	2	0	
6.399600E-5	2	0	
6.441600E-5	2	0	
6.427200E-5	2	0	
6.481200E-5	2	0	
6.420000E-5	2	0	
6.411600E-5	2	0	
6.446400E-5	2	0	
6.432000E-5	2	0	
6.463200E-5	2	0	
6.414000E-5	2	0	
6.415200E-5	2	0	
6.420000E-5	2	0	
6.442800E-5	2	0	
6.452400E-5	2	0	
6.436800E-5	2	0	
6.406800E-5	2	0	
6.435600E-5	2	0	
6.459600E-5	2	0	
6.462000E-5	2	0	
6.421200E-5	2	0	
6.434400E-5	2	0	
6.421200E-5	2	0	
6.471600E-5	2	0	
6.427200E-5	2	0	
6.451200E-5	2	0	
6.393600E-5	2	0	
6.442800E-5	2	0	
6.442800E-5	2	0	
6.448800E-5	2	0	
6.434400E-5	2	0	
6.393600E-5	2	0	
6.451200E-5	2	0	
6.460800E-5	2	0	
6.448800E-5	2	0	
6.433200E-5	2	0	
9.049200E-5	3	0	
1.823040E-4	3	0	
1.917240E-4	3	0	
1.915800E-4	3	0	
1.916280E-4	3	0	
1.913880E-4	3	0	
1.917000E-4	3	0	
1.911720E-4	3	0	
1.910040E-4	3	0	
1.901040E-4	3	0	
1.862280E-4	3	0	
1.874160E-4	3	0	
1.906320E-4	3	0	
1.913400E-4	3	0	
1.913520E-4	3	0	
1.918920E-4	3	0	
1.919880E-4	3	0	
1.922400E-4	3	0	
1.922160E-4	3	0	
1.921560E-4	3	0	
1.791600E-4	3	0	
8.421600E-5	1	0	
6.499200E-5	1	0	
6.502800E-5	1	0	
6.429600E-5	1	0	
6.452400E-5	1	0	
6.470400E-5	1	0	
6.454800E-5	1	0	
6.468000E-5	1	0	
6.446400E-5	1	0	
6.430800E-5	1	0	
6.435600E-5	1	0	
6.475200E-5	1	0	
6.428400E-5	1	0	
6.435600E-5	1	0	
6.417600E-5	1	0	
6.457200E-5	1	0	
6.476400E-5	1	0	
6.438000E-5	1	0	
6.409200E-5	1	0	
6.433200E-5	1	0	
6.440400E-5	1	0	
6.468000E-5	1	0	
6.441600E-5	1	0	
6.415200E-5	1	0	
6.423600E-5	1	0	
6.450000E-5	1	0	
6.453600E-5	1	0	
6.436800E-5	1	0	
6.394800E-5	1	0	
6.434400E-5	1	0	
6.445200E-5	1	0	
6.442800E-5	1	0	
6.450000E-5	1	0	
6.379200E-5	1	0	
6.438000E-5	1	0	
6.423600E-5	1	0	
6.456000E-5	1	0	
6.427200E-5	1	0	
6.402000E-5	1	0	
6.451200E-5	1	0	
6.424800E-5	1	0	
6.468000E-5	1	0	
6.432000E-5	1	0	
6.396000E-5	1	0	
6.439200E-5	1	0	
6.442800E-5	1	0	
6.451200E-5	1	0	
6.424800E-5	1	0	
6.420000E-5	1	0	
6.418800E-5	1	0	
6.444000E-5	1	0	
6.448800E-5	1	0	
6.429600E-5	1	0	
6.415200E-5	1	0	
6.429600E-5	1	0	
6.448800E-5	1	0	
6.472800E-5	1	0	
6.415200E-5	1	0	
6.411600E-5	1	0	
6.446400E-5	1	0	
6.446400E-5	1	0	
6.448800E-5	1	0	
6.412800E-5	1	0	
6.416400E-5	1	0	
6.426000E-5	1	0	
6.470400E-5	1	0	
6.414000E-5	1	0	
6.435600E-5	1	0	
6.391200E-5	1	0	
6.440400E-5	1	0	
6.452400E-5	1	0	
6.447600E-5	1	0	
6.394800E-5	1	0	
6.427200E-5	1	0	
6.433200E-5	1	0	
6.435600E-5	1	0	
6.417600E-5	1	0	
6.398400E-5	1	0	
6.433200E-5	1	0	
3.825600E-5	4	0	
-5.343600E-5	4	0	
-6.298800E-5	4	0	
-6.295200E-5	4	0	
-6.313200E-5	4	0	
-6.286800E-5	4	0	
-6.237600E-5	4	0	
-6.258000E-5	4	0	
-6.271200E-5	4	0	
-6.169200E-5	4	0	
-5.750400E-5	4	0	
-5.842800E-5	4	0	
-6.192000E-5	4	0	
-6.268800E-5	4	0	
-6.277200E-5	4	0	
-6.283200E-5	4	0	
-6.315600E-5	4	0	
-6.318000E-5	4	0	
-6.380400E-5	4	0	
-6.333600E-5	4	0	
-5.056800E-5	4	0	
4.483200E-5	2	0	
6.386400E-5	2	0	
6.346800E-5	2	0	
6.416400E-5	2	0	
6.433200E-5	2	0	
6.405600E-5	2	0	
6.393600E-5	2	0	
6.406800E-5	2	0	
6.439200E-5	2	0	
6.440400E-5	2	0	
6.415200E-5	2	0	
6.428400E-5	2	0	
6.397200E-5	2	0	
6.435600E-5	2	0	
6.468000E-5	2	0	
6.447600E-5	2	0	
6.404400E-5	2	0	
6.405600E-5	2	0	
6.448800E-5	2	0	
6.454800E-5	2	0	
6.440400E-5	2	0	
6.424800E-5	2	0	
6.422400E-5	2	0	
6.440400E-5	2	0	
6.447600E-5	2	0	
6.446400E-5	2	0	
6.440400E-5	2	0	
6.411600E-5	2	0	
6.444000E-5	2	0	
6.488400E-5	2	0	
6.429600E-5	2	0	
6.404400E-5	2	0	
6.432000E-5	2	0	
6.440400E-5	2	0	
6.477600E-5	2	0	
6.422400E-5	2	0	
6.421200E-5	2	0	
6.452400E-5	2	0	
6.450000E-5	2	0	
6.433200E-5	2	0	
6.465600E-5	2	0	
6.414000E-5	2	0	
6.436800E-5	2	0	
6.456000E-5	2	0	
6.466800E-5	2	0	
6.460800E-5	2	0	
6.406800E-5	2	0	
6.439200E-5	2	0	
6.466800E-5	2	0	
6.446400E-5	2	0	
6.428400E-5	2	0	
6.427200E-5	2	0	
6.423600E-5	2	0	
6.462000E-5	2	0	
6.465600E-5	2	0	
6.463200E-5	2	0	
6.418800E-5	2	0	
6.435600E-5	2	0	
6.469200E-5	2	0	
6.487200E-5	2	0	
6.440400E-5	2	0	
6.409200E-5	2	0	
6.442800E-5	2	0	
6.483600E-5	2	0	
6.451200E-5	2	0	
6.450000E-5	2	0	
6.418800E-5	2	0	
6.456000E-5	2	0	
6.462000E-5	2	0	
6.469200E-5	2	0	
6.427200E-5	2	0	
6.428400E-5	2	0	
6.444000E-5	2	0	
6.493200E-5	2	0	
6.444000E-5	2	0	
6.378000E-5	2	0	
6.432000E-5	2	0	
6.468000E-5	2	0	
6.488400E-5	2	0	
9.088800E-5	3	0	
1.819320E-4	3	0	
1.916520E-4	3	0	
1.919520E-4	3	0	
1.921200E-4	3	0	
1.916760E-4	3	0	
1.910640E-4	3	0	
1.913040E-4	3	0	
1.911480E-4	3	0	
1.906440E-4	3	0	
1.862280E-4	3	0	
1.872360E-4	3	0	
1.908960E-4	3	0	
1.916640E-4	3	0	
1.917960E-4	3	0	
1.918920E-4	3	0	
1.920720E-4	3	0	
1.920600E-4	3	0	
1.925280E-4	3	0	
1.924680E-4	3	0	
1.795440E-4	3	0	
8.389200E-5	1	0	
6.470400E-5	1	0	
6.535200E-5	1	0	
6.505200E-5	1	0	
6.475200E-5	1	0	
6.439200E-5	1	0	
6.486000E-5	1	0	
6.489600E-5	1	0	
6.460800E-5	1	0	
6.454800E-5	1	0	
6.478800E-5	1	0	
6.469200E-5	1	0	
6.463200E-5	1	0	
6.464400E-5	1	0	
6.451200E-5	1	0	
6.416400E-5	1	0	
6.423600E-5	1	0	
6.512400E-5	1	0	
6.451200E-5	1	0	
6.434400E-5	1	0	
6.444000E-5	1	0	
6.432000E-5	1	0	
6.494400E-5	1	0	
6.460800E-5	1	0	
6.438000E-5	1	0	
6.439200E-5	1	0	
6.447600E-5	1	0	
6.472800E-5	1	0	
6.476400E-5	1	0	
6.429600E-5	1	0	
6.416400E-5	1	0	
6.459600E-5	1	0	
6.469200E-5	1	0	
6.446400E-5	1	0	
6.450000E-5	1	0	
6.428400E-5	1	0	
6.458400E-5	1	0	
6.452400E-5	1	0	
6.444000E-5	1	0	
6.446400E-5	1	0	
6.416400E-5	1	0	
6.458400E-5	1	0	
6.448800E-5	1	0	
6.444000E-5	1	0	
6.450000E-5	1	0	
6.408000E-5	1	0	
6.476400E-5	1	0	
6.452400E-5	1	0	
6.427200E-5	1	0	
6.439200E-5	1	0	
6.459600E-5	1	0	
6.452400E-5	1	0	
6.456000E-5	1	0	
6.465600E-5	1	0	
6.423600E-5	1	0	
6.444000E-5	1	0	
6.480000E-5	1	0	
6.465600E-5	1	0	
6.446400E-5	1	0	
6.420000E-5	1	0	
6.454800E-5	1	0	
6.454800E-5	1	0	
6.454800E-5	1	0	
6.435600E-5	1	0	
6.438000E-5	1	0	
6.439200E-5	1	0	
6.459600E-5	1	0	
6.447600E-5	1	0	
6.433200E-5	1	0	
6.436800E-5	1	0	
6.441600E-5	1	0	
6.456000E-5	1	0	
6.438000E-5	1	0	
6.438000E-5	1	0	
6.415200E-5	1	0	
6.444000E-5	1	0	
6.487200E-5	1	0	
6.463200E-5	1	0	
6.453600E-5	1	0	
3.787200E-5	4	0	
-5.313600E-5	4	0	
-6.265200E-5	4	0	
-6.288000E-5	4	0	
-6.277200E-5	4	0	
-6.289200E-5	4	0	
-6.266400E-5	4	0	
-6.234000E-5	4	0	
-6.216000E-5	4	0	
-6.162000E-5	4	0	
-5.749200E-5	4	0	
-5.850000E-5	4	0	
-6.148800E-5	4	0	
-6.253200E-5	4	0	
-6.241200E-5	4	0	
-6.291600E-5	4	0	
-6.327600E-5	4	0	
-6.295200E-5	4	0	
-6.339600E-5	4	0	
-6.338400E-5	4	0	
-5.058000E-5	4	0	
4.453200E-5	2	0	
6.442800E-5	2	0	
6.396000E-5	2	0	
6.396000E-5	2	0	
6.402000E-5	2	0	
6.409200E-5	2	0	
6.460800E-5	2	0	
6.417600E-5	2	0	
6.433200E-5	2	0	
6.386400E-5	2	0	
6.446400E-5	2	0	
6.463200E-5	2	0	
6.429600E-5	2	0	
6.416400E-5	2	0	
6.441600E-5	2	0	
6.444000E-5	2	0	
6.444000E-5	2	0	
6.440400E-5	2	0	
6.451200E-5	2	0	
6.420000E-5	2	0	
6.457200E-5	2	0	
6.475200E-5	2	0	
6.422400E-5	2	0	
6.439200E-5	2	0	
6.414000E-5	2	0	
6.484800E-5	2	0	
6.472800E-5	2	0	
6.442800E-5	2	0	
6.422400E-5	2	0	
6.398400E-5	2	0	
6.463200E-5	2	0	
6.472800E-5	2	0	
6.428400E-5	2	0	
6.438000E-5	2	0	
6.386400E-5	2	0	
6.487200E-5	2	0	
6.458400E-5	2	0	
6.451200E-5	2	0	
6.432000E-5	2	0	
6.411600E-5	2	0	
6.462000E-5	2	0	
6.468000E-5	2	0	
6.453600E-5	2	0	
6.446400E-5	2	0	
6.447600E-5	2	0	
6.457200E-5	2	0	
6.460800E-5	2	0	
6.426000E-5	2	0	
6.445200E-5	2	0	
6.438000E-5	2	0	
6.452400E-5	2	0	
6.474000E-5	2	0	
6.480000E-5	2	0	
6.394800E-5	2	0	
6.433200E-5	2	0	
6.462000E-5	2	0	
6.464400E-5	2	0	
6.446400E-5	2	0	
6.445200E-5	2	0	
6.442800E-5	2	0	
6.465600E-5	2	0	
6.459600E-5	2	0	
6.477600E-5	2	0	
6.450000E-5	2	0	
6.414000E-5	2	0	
6.500400E-5	2	0	
6.474000E-5	2	0	
6.453600E-5	2	0	
6.424800E-5	2	0	
6.474000E-5	2	0	
6.475200E-5	2	0	
6.469200E-5	2	0	
6.465600E-5	2	0	
6.453600E-5	2	0	
6.411600E-5	2	0	
6.498000E-5	2	0	
6.458400E-5	2	0	
6.439200E-5	2	0	
6.441600E-5	2	0	
9.067200E-5	3	0	
1.825080E-4	3	0	
1.922040E-4	3	0	
1.914600E-4	3	0	
1.917120E-4	3	0	
1.916280E-4	3	0	
1.919040E-4	3	0	
1.915800E-4	3	0	
1.908720E-4	3	0	
1.902960E-4	3	0	
1.863480E-4	3	0	
1.878480E-4	3	0	
1.909440E-4	3	0	
1.914600E-4	3	0	
1.913640E-4	3	0	
1.922040E-4	3	0	
1.923600E-4	3	0	
1.924800E-4	3	0	
1.921080E-4	3	0	
1.920960E-4	3	0	
1.796400E-4	3	0	
8.473200E-5	1	0	
6.469200E-5	1	0	
6.505200E-5	1	0	
6.469200E-5	1	0	
6.488400E-5	1	0	
6.502800E-5	1	0	
6.506400E-5	1	0	
6.483600E-5	1	0	
6.424800E-5	1	0	
6.500400E-5	1	0	
6.504000E-5	1	0	
6.465600E-5	1	0	
6.465600E-5	1	0	
6.438000E-5	1	0	
6.492000E-5	1	0	
6.478800E-5	1	0	
6.454800E-5	1	0	
6.483600E-5	1	0	
6.436800E-5	1	0	
6.458400E-5	1	0	
6.492000E-5	1	0	
6.480000E-5	1	0	
6.410400E-5	1	0	
6.468000E-5	1	0	
6.482400E-5	1	0	
6.495600E-5	1	0	
6.442800E-5	1	0	
6.451200E-5	1	0	
6.442800E-5	1	0	
6.481200E-5	1	0	
6.465600E-5	1	0	
6.451200E-5	1	0	
6.441600E-5	1	0	
6.428400E-5	1	0	
6.471600E-5	1	0	
6.482400E-5	1	0	
6.458400E-5	1	0	
6.430800E-5	1	0	
6.442800E-5	1	0	
6.481200E-5	1	0	
6.481200E-5	1	0	
6.426000E-5	1	0	
6.450000E-5	1	0	
6.430800E-5	1	0	
6.463200E-5	1	0	
6.476400E-5	1	0	
6.483600E-5	1	0	
6.428400E-5	1	0	
6.438000E-5	1	0	
6.464400E-5	1	0	
6.483600E-5	1	0	
6.446400E-5	1	0	
6.430800E-5	1	0	
6.463200E-5	1	0	
6.475200E-5	1	0	
6.484800E-5	1	0	
6.397200E-5	1	0	
6.459600E-5	1	0	
6.454800E-5	1	0	
6.448800E-5	1	0	
6.486000E-5	1	0	
6.440400E-5	1	0	
6.432000E-5	1	0	
6.435600E-5	1	0	
6.490800E-5	1	0	
6.458400E-5	1	0	
6.438000E-5	1	0	
6.426000E-5	1	0	
6.471600E-5	1	0	
6.477600E-5	1	0	
6.442800E-5	1	0	
6.436800E-5	1	0	
6.412800E-5	1	0	
6.472800E-5	1	0	
6.486000E-5	1	0	
6.476400E-5	1	0	
6.428400E-5	1	0	
6.412800E-5	1	0	
6.476400E-5	1	0	
3.865200E-5	4	0	
-5.332800E-5	4	0	
-6.308400E-5	4	0	
-6.261600E-5	4	0	
-6.274800E-5	4	0	
-6.241200E-5	4	0	
-6.276000E-5	4	0	
-6.237600E-5	4	0	
-6.231600E-5	4	0	
-6.108000E-5	4	0	
-5.734800E-5	4	0	
-5.847600E-5	4	0	
-6.190800E-5	4	0	
-6.222000E-5	4	0	
-6.226800E-5	4	0	
-6.274800E-5	4	0	
-6.314400E-5	4	0	
-6.331200E-5	4	0	
-6.309600E-5	4	0	
-6.316800E-5	4	0	
-5.005200E-5	4	0	
4.462800E-5	2	0	
6.417600E-5	2	0	
6.398400E-5	2	0	
6.417600E-5	2	0	
6.444000E-5	2	0	
6.408000E-5	2	0	
6.400800E-5	2	0	
6.426000E-5	2	0	
6.459600E-5	2	0	
6.471600E-5	2	0	
6.420000E-5	2	0	
6.399600E-5	2	0	
6.484800E-5	2	0	
6.454800E-5	2	0	
6.439200E-5	2	0	
6.430800E-5	2	0	
6.416400E-5	2	0	
6.462000E-5	2	0	
6.447600E-5	2	0	
6.460800E-5	2	0	
6.424800E-5	2	0	
6.406800E-5	2	0	
6.468000E-5	2	0	
6.472800E-5	2	0	
6.453600E-5	2	0	
6.411600E-5	2	0	
6.434400E-5	2	0	
6.476400E-5	2	0	
6.469200E-5	2	0	
6.428400E-5	2	0	
6.457200E-5	2	0	
6.412800E-5	2	0	
6.477600E-5	2	0	
6.457200E-5	2	0	
6.493200E-5	2	0	
6.421200E-5	2	0	
6.412800E-5	2	0	
6.484800E-5	2	0	
6.474000E-5	2	0	
6.450000E-5	2	0	
6.427200E-5	2	0	
6.453600E-5	2	0	
6.459600E-5	2	0	
6.501600E-5	2	0	
6.430800E-5	2	0	
6.446400E-5	2	0	
6.430800E-5	2	0	
6.474000E-5	2	0	
6.488400E-5	2	0	
6.451200E-5	2	0	
6.412800E-5	2	0	
6.452400E-5	2	0	
6.481200E-5	2	0	
6.483600E-5	2	0	
6.432000E-5	2	0	
6.438000E-5	2	0	
6.464400E-5	2	0	
6.470400E-5	2	0	
6.460800E-5	2	0	
6.466800E-5	2	0	
6.427200E-5	2	0	
6.447600E-5	2	0	
6.495600E-5	2	0	
6.495600E-5	2	0	
6.414000E-5	2	0	
6.440400E-5	2	0	
6.495600E-5	2	0	
6.468000E-5	2	0	
6.466800E-5	2	0	
6.468000E-5	2	0	
6.446400E-5	2	0	
6.475200E-5	2	0	
6.481200E-5	2	0	
6.459600E-5	2	0	
6.489600E-5	2	0	
6.424800E-5	2	0	
6.465600E-5	2	0	
6.488400E-5	2	0	
6.501600E-5	2	0	
9.062400E-5	3	0	
1.821840E-4	3	0	
1.923960E-4	3	0	
1.923480E-4	3	0	
1.920480E-4	3	0	
1.918680E-4	3	0	
1.917360E-4	3	0	
1.915560E-4	3	0	
1.916400E-4	3	0	
1.906920E-4	3	0	
1.868880E-4	3	0	
1.876200E-4	3	0	
1.911960E-4	3	0	
1.918800E-4	3	0	
1.918560E-4	3	0	
1.917960E-4	3	0	
1.923120E-4	3	0	
1.924680E-4	3	0	
1.926960E-4	3	0	
1.923600E-4	3	0	
1.793640E-4	3	0	
8.418000E-5	1	0	
6.513600E-5	1	0	
6.540000E-5	1	0	
6.496800E-5	1	0	
6.463200E-5	1	0	
6.470400E-5	1	0	
6.505200E-5	1	0	
6.506400E-5	1	0	
6.458400E-5	1	0	
6.424800E-5	1	0	
6.487200E-5	1	0	
6.500400E-5	1	0	
6.476400E-5	1	0	
6.493200E-5	1	0	
6.452400E-5	1	0	
6.476400E-5	1	0	
6.483600E-5	1	0	
6.468000E-5	1	0	
6.478800E-5	1	0	
6.416400E-5	1	0	
6.490800E-5	1	0	
6.490800E-5	1	0	
6.474000E-5	1	0	
6.434400E-5	1	0	
6.448800E-5	1	0	
6.454800E-5	1	0	
6.501600E-5	1	0	
6.453600E-5	1	0	
6.446400E-5	1	0	
6.444000E-5	1	0	
6.457200E-5	1	0	
6.477600E-5	1	0	
6.468000E-5	1	0	
6.441600E-5	1	0	
6.429600E-5	1	0	
6.475200E-5	1	0	
6.505200E-5	1	0	
6.457200E-5	1	0	
6.405600E-5	1	0	
6.456000E-5	1	0	
6.444000E-5	1	0	
6.514800E-5	1	0	
6.442800E-5	1	0	
6.434400E-5	1	0	
6.438000E-5	1	0	
6.476400E-5	1	0	
6.507600E-5	1	0	
6.446400E-5	1	0	
6.433200E-5	1	0	
6.423600E-5	1	0	
6.482400E-5	1	0	
6.481200E-5	1	0	
6.453600E-5	1	0	
6.409200E-5	1	0	
6.457200E-5	1	0	
6.476400E-5	1	0	
6.471600E-5	1	0	
6.466800E-5	1	0	
6.428400E-5	1	0	
6.465600E-5	1	0	
6.480000E-5	1	0	
6.483600E-5	1	0	
6.433200E-5	1	0	
6.423600E-5	1	0	
6.466800E-5	1	0	
6.458400E-5	1	0	
6.500400E-5	1	0	
6.390000E-5	1	0	
6.442800E-5	1	0	
6.470400E-5	1	0	
6.475200E-5	1	0	
6.475200E-5	1	0	
6.436800E-5	1	0	
6.448800E-5	1	0	
6.458400E-5	1	0	
6.504000E-5	1	0	
6.460800E-5	1	0	
6.452400E-5	1	0	
6.436800E-5	1	0	
3.843600E-5	4	0	
-5.281200E-5	4	0	
-6.303600E-5	4	0	
-6.303600E-5	4	0	
-6.289200E-5	4	0	
-6.262800E-5	4	0	
-6.195600E-5	4	0	
-6.260400E-5	4	0	
-6.234000E-5	4	0	
-6.145200E-5	4	0	
-5.724000E-5	4	0	
-5.824800E-5	4	0	
-6.183600E-5	4	0	
-6.254400E-5	4	0	
-6.272400E-5	4	0	
-6.271200E-5	4	0	
-6.247200E-5	4	0	
-6.351600E-5	4	0	
-6.328800E-5	4	0	
-6.320400E-5	4	0	
-5.029200E-5	4	0	
4.513200E-5	2	0	
6.378000E-5	2	0	
6.402000E-5	2	0	
6.422400E-5	2	0	
6.451200E-5	2	0	
6.445200E-5	2	0	
6.436800E-5	2	0	
6.379200E-5	2	0	
6.442800E-5	2	0	
6.478800E-5	2	0	
6.442800E-5	2	0	
6.430800E-5	2	0	
6.399600E-5	2	0	
6.457200E-5	2	0	
6.472800E-5	2	0	
6.444000E-5	2	0	
6.398400E-5	2	0	
6.409200E-5	2	0	
6.450000E-5	2	0	
6.484800E-5	2	0	
6.456000E-5	2	0	
6.408000E-5	2	0	
6.426000E-5	2	0	
6.476400E-5	2	0	
6.495600E-5	2	0	
6.411600E-5	2	0	
6.456000E-5	2	0	
6.427200E-5	2	0	
6.469200E-5	2	0	
6.486000E-5	2	0	
6.477600E-5	2	0	
6.417600E-5	2	0	
6.442800E-5	2	0	
6.457200E-5	2	0	
6.477600E-5	2	0	
6.448800E-5	2	0	
6.448800E-5	2	0	
6.446400E-5	2	0	
6.465600E-5	2	0	
6.513600E-5	2	0	
6.412800E-5	2	0	
6.446400E-5	2	0	
6.460800E-5	2	0	
6.465600E-5	2	0	
6.483600E-5	2	0	
6.426000E-5	2	0	
6.475200E-5	2	0	
6.444000E-5	2	0	
6.481200E-5	2	0	
6.458400E-5	2	0	
6.476400E-5	2	0	
6.378000E-5	2	0	
6.459600E-5	2	0	
6.499200E-5	2	0	
6.451200E-5	2	0	
6.456000E-5	2	0	
6.415200E-5	2	0	
6.475200E-5	2	0	
6.482400E-5	2	0	
6.463200E-5	2	0	
6.448800E-5	2	0	
6.446400E-5	2	0	
6.472800E-5	2	0	
6.484800E-5	2	0	
6.457200E-5	2	0	
6.471600E-5	2	0	
6.408000E-5	2	0	
6.469200E-5	2	0	
6.486000E-5	2	0	
6.495600E-5	2	0	
6.403200E-5	2	0	
6.453600E-5	2	0	
6.481200E-5	2	0	
6.494400E-5	2	0	
6.447600E-5	2	0	
6.469200E-5	2	0	
6.420000E-5	2	0	
6.486000E-5	2	0	
6.470400E-5	2	0	
9.117600E-5	3	0	
1.820160E-4	3	0	
1.918560E-4	3	0	
1.921680E-4	3	0	
1.922160E-4	3	0	
1.916640E-4	3	0	
1.914120E-4	3	0	
1.915320E-4	3	0	
1.913280E-4	3	0	
1.905720E-4	3	0	
1.865880E-4	3	0	
1.873800E-4	3	0	
1.909920E-4	3	0	
1.915680E-4	3	0	
1.922520E-4	3	0	
1.920000E-4	3	0	
1.919160E-4	3	0	
1.923120E-4	3	0	
1.926480E-4	3	0	
1.929480E-4	3	0	
1.790280E-4	3	0	
8.438400E-5	1	0	
6.514800E-5	1	0	
6.514800E-5	1	0	
6.530400E-5	1	0	
6.492000E-5	1	0	
6.452400E-5	1	0	
6.465600E-5	1	0	
6.526800E-5	1	0	
6.505200E-5	1	0	
6.460800E-5	1	0	
6.454800E-5	1	0	
6.493200E-5	1	0	
6.477600E-5	1	0	
6.494400E-5	1	0	
6.440400E-5	1	0	
6.440400E-5	1	0	
6.471600E-5	1	0	
6.488400E-5	1	0	
6.475200E-5	1	0	
6.496800E-5	1	0	
6.416400E-5	1	0	
6.481200E-5	1	0	
6.493200E-5	1	0	
6.499200E-5	1	0	
6.427200E-5	1	0	
6.447600E-5	1	0	
6.465600E-5	1	0	
6.508800E-5	1	0	
6.444000E-5	1	0	
6.451200E-5	1	0	
6.465600E-5	1	0	
6.448800E-5	1	0	
6.476400E-5	1	0	
6.505200E-5	1	0	
6.454800E-5	1	0	
6.426000E-5	1	0	
6.482400E-5	1	0	
6.488400E-5	1	0	
6.472800E-5	1	0	
6.451200E-5	1	0	
6.432000E-5	1	0	
6.486000E-5	1	0	
6.476400E-5	1	0	
6.496800E-5	1	0	
6.394800E-5	1	0	
6.450000E-5	1	0	
6.493200E-5	1	0	
6.475200E-5	1	0	
6.441600E-5	1	0	
6.450000E-5	1	0	
6.418800E-5	1	0	
6.452400E-5	1	0	
6.512400E-5	1	0	
6.445200E-5	1	0	
6.442800E-5	1	0	
6.434400E-5	1	0	
6.484800E-5	1	0	
6.484800E-5	1	0	
6.448800E-5	1	0	
6.456000E-5	1	0	
6.427200E-5	1	0	
6.487200E-5	1	0	
6.482400E-5	1	0	
6.446400E-5	1	0	
6.417600E-5	1	0	
6.454800E-5	1	0	
6.468000E-5	1	0	
6.472800E-5	1	0	
6.450000E-5	1	0	
6.434400E-5	1	0	
6.427200E-5	1	0	
6.506400E-5	1	0	
6.464400E-5	1	0	
6.452400E-5	1	0	
6.428400E-5	1	0	
6.464400E-5	1	0	
6.488400E-5	1	0	
6.477600E-5	1	0	
6.456000E-5	1	0	
3.790800E-5	4	0	
-5.320800E-5	4	0	
-6.250800E-5	4	0	
-6.238800E-5	4	0	
-6.307200E-5	4	0	
-6.266400E-5	4	0	
-6.267600E-5	4	0	
-6.211200E-5	4	0	
-6.177600E-5	4	0	
-6.147600E-5	4	0	
-5.746800E-5	4	0	
-5.845200E-5	4	0	
-6.140400E-5	4	0	
-6.200400E-5	4	0	
-6.285600E-5	4	0	
-6.285600E-5	4	0	
-6.321600E-5	4	0	
-6.249600E-5	4	0	
-6.321600E-5	4	0	
-6.339600E-5	4	0	
-5.066400E-5	4	0	
4.472400E-5	2	0	
6.471600E-5	2	0	
6.403200E-5	2	0	
6.424800E-5	2	0	
6.390000E-5	2	0	
6.429600E-5	2	0	
6.468000E-5	2	0	
6.462000E-5	2	0	
6.392400E-5	2	0	
6.436800E-5	2	0	
6.450000E-5	2	0	
6.478800E-5	2	0	
6.481200E-5	2	0	
6.404400E-5	2	0	
6.445200E-5	2	0	
6.463200E-5	2	0	
6.457200E-5	2	0	
6.476400E-5	2	0	
6.439200E-5	2	0	
6.412800E-5	2	0	
6.451200E-5	2	0	
6.476400E-5	2	0	
6.457200E-5	2	0	
6.445200E-5	2	0	
6.430800E-5	2	0	
6.460800E-5	2	0	
6.489600E-5	2	0	
6.451200E-5	2	0	
6.414000E-5	2	0	
6.478800E-5	2	0	
6.464400E-5	2	0	
6.496800E-5	2	0	
6.465600E-5	2	0	
6.423600E-5	2	0	
6.441600E-5	2	0	
6.487200E-5	2	0	
6.488400E-5	2	0	
6.469200E-5	2	0	
6.452400E-5	2	0	
6.432000E-5	2	0	
6.483600E-5	2	0	
6.470400E-5	2	0	
6.487200E-5	2	0	
6.444000E-5	2	0	
6.432000E-5	2	0	
6.476400E-5	2	0	
6.477600E-5	2	0	
6.474000E-5	2	0	
6.433200E-5	2	0	
6.433200E-5	2	0	
6.486000E-5	2	0	
6.514800E-5	2	0	
6.454800E-5	2	0	
6.424800E-5	2	0	
6.498000E-5	2	0	
6.465600E-5	2	0	
6.484800E-5	2	0	
6.462000E-5	2	0	
6.454800E-5	2	0	
6.452400E-5	2	0	
6.464400E-5	2	0	
6.514800E-5	2	0	
6.474000E-5	2	0	
6.440400E-5	2	0	
6.471600E-5	2	0	
6.489600E-5	2	0	
6.500400E-5	2	0	
6.448800E-5	2	0	
6.469200E-5	2	0	
6.430800E-5	2	0	
6.522000E-5	2	0	
6.502800E-5	2	0	
6.458400E-5	2	0	
6.420000E-5	2	0	
6.454800E-5	2	0	
6.492000E-5	2	0	
6.496800E-5	2	0	
6.470400E-5	2	0	
6.411600E-5	2	0	
9.114000E-5	3	0	
1.825560E-4	3	0	
1.924080E-4	3	0	
1.920000E-4	3	0	
1.916760E-4	3	0	
1.919040E-4	3	0	
1.920480E-4	3	0	
1.917000E-4	3	0	
1.913520E-4	3	0	
1.901520E-4	3	0	
1.868280E-4	3	0	
1.881720E-4	3	0	
1.912920E-4	3	0	
1.912200E-4	3	0	
1.916880E-4	3	0	
1.919760E-4	3	0	
1.927200E-4	3	0	
1.925880E-4	3	0	
1.922280E-4	3	0	
1.923720E-4	3	0	
1.793880E-4	3	0	
8.470800E-5	1	0	
6.518400E-5	1	0	
6.508800E-5	1	0	
6.446400E-5	1	0	
6.504000E-5	1	0	
6.531600E-5	1	0	
6.506400E-5	1	0	
6.453600E-5	1	0	
6.480000E-5	1	0	
6.462000E-5	1	0	
6.517200E-5	1	0	
6.482400E-5	1	0	
6.436800E-5	1	0	
6.451200E-5	1	0	
6.478800E-5	1	0	
6.493200E-5	1	0	
6.486000E-5	1	0	
6.438000E-5	1	0	
6.444000E-5	1	0	
6.494400E-5	1	0	
6.498000E-5	1	0	
6.440400E-5	1	0	
6.454800E-5	1	0	
6.450000E-5	1	0	
6.478800E-5	1	0	
6.487200E-5	1	0	
6.459600E-5	1	0	
6.450000E-5	1	0	
6.440400E-5	1	0	
6.466800E-5	1	0	
6.490800E-5	1	0	
6.477600E-5	1	0	
6.412800E-5	1	0	
6.447600E-5	1	0	
6.487200E-5	1	0	
6.474000E-5	1	0	
6.435600E-5	1	0	
6.447600E-5	1	0	
6.430800E-5	1	0	
6.465600E-5	1	0	
6.474000E-5	1	0	
6.454800E-5	1	0	
6.418800E-5	1	0	
6.445200E-5	1	0	
6.490800E-5	1	0	
6.488400E-5	1	0	
6.441600E-5	1	0	
6.428400E-5	1	0	
6.457200E-5	1	0	
6.475200E-5	1	0	
6.476400E-5	1	0	
6.453600E-5	1	0	
6.422400E-5	1	0	
6.428400E-5	1	0	
6.504000E-5	1	0	
6.474000E-5	1	0	
6.459600E-5	1	0	
6.421200E-5	1	0	
6.446400E-5	1	0	
6.493200E-5	1	0	
6.486000E-5	1	0	
6.439200E-5	1	0	
6.427200E-5	1	0	
6.453600E-5	1	0	
6.482400E-5	1	0	
6.474000E-5	1	0	
6.457200E-5	1	0	
6.440400E-5	1	0	
6.458400E-5	1	0	
6.475200E-5	1	0	
6.482400E-5	1	0	
6.430800E-5	1	0	
6.414000E-5	1	0	
6.458400E-5	1	0	
6.484800E-5	1	0	
6.463200E-5	1	0	
6.432000E-5	1	0	
6.438000E-5	1	0	
6.462000E-5	1	0	
3.849600E-5	4	0	
-5.323200E-5	4	0	
-6.279600E-5	4	0	
-6.338400E-5	4	0	
-6.266400E-5	4	0	
-6.244800E-5	4	0	
-6.230400E-5	4	0	
-6.267600E-5	4	0	
-6.229200E-5	4	0	
-6.139200E-5	4	0	
-5.703600E-5	4	0	
-5.859600E-5	4	0	
-6.169200E-5	4	0	
-6.246000E-5	4	0	
-6.244800E-5	4	0	
-6.262800E-5	4	0	
-6.303600E-5	4	0	
-6.325200E-5	4	0	
-6.349200E-5	4	0	
-6.331200E-5	4	0	
-5.002800E-5	4	0	
4.483200E-5	2	0	
6.415200E-5	2	0	
6.396000E-5	2	0	
6.408000E-5	2	0	
6.448800E-5	2	0	
6.398400E-5	2	0	
6.421200E-5	2	0	
6.411600E-5	2	0	
6.451200E-5	2	0	
6.432000E-5	2	0	
6.442800E-5	2	0	
6.438000E-5	2	0	
6.411600E-5	2	0	
6.470400E-5	2	0	
6.496800E-5	2	0	
6.418800E-5	2	0	
6.435600E-5	2	0	
6.429600E-5	2	0	
6.478800E-5	2	0	
6.454800E-5	2	0	
6.440400E-5	2	0	
6.451200E-5	2	0	
6.420000E-5	2	0	
6.456000E-5	2	0	
6.458400E-5	2	0	
6.460800E-5	2	0	
6.420000E-5	2	0	
6.428400E-5	2	0	
6.462000E-5	2	0	
6.489600E-5	2	0	
6.440400E-5	2	0	
6.429600E-5	2	0	
6.452400E-5	2	0	
6.459600E-5	2	0	
6.451200E-5	2	0	
6.471600E-5	2	0	
6.450000E-5	2	0	
6.445200E-5	2	0	
6.464400E-5	2	0	
6.468000E-5	2	0	
6.471600E-5	2	0	
6.418800E-5	2	0	
6.434400E-5	2	0	
6.495600E-5	2	0	
6.472800E-5	2	0	
6.454800E-5	2	0	
6.436800E-5	2	0	
6.442800E-5	2	0	
6.472800E-5	2	0	
6.464400E-5	2	0	
6.472800E-5	2	0	
6.452400E-5	2	0	
6.410400E-5	2	0	
6.480000E-5	2	0	
6.496800E-5	2	0	
6.427200E-5	2	0	
6.417600E-5	2	0	
6.451200E-5	2	0	
6.512400E-5	2	0	
6.465600E-5	2	0	
6.464400E-5	2	0	
6.429600E-5	2	0	
6.442800E-5	2	0	
6.476400E-5	2	0	
6.484800E-5	2	0	
6.490800E-5	2	0	
6.434400E-5	2	0	
6.436800E-5	2	0	
6.468000E-5	2	0	
6.501600E-5	2	0	
6.435600E-5	2	0	
6.430800E-5	2	0	
6.460800E-5	2	0	
6.464400E-5	2	0	
6.482400E-5	2	0	
6.471600E-5	2	0	
6.434400E-5	2	0	
6.470400E-5	2	0	
6.452400E-5	2	0	
9.135600E-5	3	0	
1.823640E-4	3	0	
1.916400E-4	3	0	
1.919760E-4	3	0	
1.922400E-4	3	0	
1.918440E-4	3	0	
1.916400E-4	3	0	
1.912320E-4	3	0	
1.909440E-4	3	0	
1.906920E-4	3	0	
1.865760E-4	3	0	
1.875600E-4	3	0	
1.905240E-4	3	0	
1.917480E-4	3	0	
1.921080E-4	3	0	
1.922880E-4	3	0	
1.920120E-4	3	0	
1.920000E-4	3	0	
1.923720E-4	3	0	
1.929840E-4	3	0	
1.794840E-4	3	0	
8.439600E-5	1	0	
6.475200E-5	1	0	
6.534000E-5	1	0	
6.519600E-5	1	0	
6.504000E-5	1	0	
6.476400E-5	1	0	
6.464400E-5	1	0	
6.506400E-5	1	0	
6.500400E-5	1	0	
6.499200E-5	1	0	
6.440400E-5	1	0	
6.447600E-5	1	0	
6.511200E-5	1	0	
6.486000E-5	1	0	
6.519600E-5	1	0	
6.428400E-5	1	0	
6.450000E-5	1	0	
6.482400E-5	1	0	
6.471600E-5	1	0	
6.494400E-5	1	0	
6.451200E-5	1	0	
6.427200E-5	1	0	
6.493200E-5	1	0	
6.492000E-5	1	0	
6.464400E-5	1	0	
6.435600E-5	1	0	
6.452400E-5	1	0	
6.463200E-5	1	0	
6.504000E-5	1	0	
6.422400E-5	1	0	
6.477600E-5	1	0	
6.422400E-5	1	0	
6.481200E-5	1	0	
6.487200E-5	1	0	
6.481200E-5	1	0	
6.438000E-5	1	0	
6.451200E-5	1	0	
6.482400E-5	1	0	
6.492000E-5	1	0	
6.454800E-5	1	0	
6.439200E-5	1	0	
6.460800E-5	1	0	
6.496800E-5	1	0	
6.488400E-5	1	0	
6.453600E-5	1	0	
6.439200E-5	1	0	
6.458400E-5	1	0	
6.466800E-5	1	0	
6.483600E-5	1	0	
6.447600E-5	1	0	
6.433200E-5	1	0	
6.433200E-5	1	0	
6.496800E-5	1	0	
6.478800E-5	1	0	
6.435600E-5	1	0	
6.463200E-5	1	0	
6.429600E-5	1	0	
6.468000E-5	1	0	
6.450000E-5	1	0	
6.489600E-5	1	0	
6.432000E-5	1	0	
6.440400E-5	1	0	
6.483600E-5	1	0	
6.463200E-5	1	0	
6.450000E-5	1	0	
6.427200E-5	1	0	
6.433200E-5	1	0	
6.511200E-5	1	0	
6.468000E-5	1	0	
6.421200E-5	1	0	
6.451200E-5	1	0	
6.446400E-5	1	0	
6.459600E-5	1	0	
6.500400E-5	1	0	
6.465600E-5	1	0	
6.411600E-5	1	0	
6.447600E-5	1	0	
6.465600E-5	1	0	
6.496800E-5	1	0	
3.806400E-5	4	0	
-5.359200E-5	4	0	
-6.258000E-5	4	0	
-6.237600E-5	4	0	
-6.241200E-5	4	0	
-6.291600E-5	4	0	
-6.292800E-5	4	0	
-6.240000E-5	4	0	
-6.169200E-5	4	0	
-6.116400E-5	4	0	
-5.728800E-5	4	0	
-5.899200E-5	4	0	
-6.153600E-5	4	0	
-6.194400E-5	4	0	
-6.234000E-5	4	0	
-6.284400E-5	4	0	
-6.313200E-5	4	0	
-6.312000E-5	4	0	
-6.304800E-5	4	0	
-6.291600E-5	4	0	
-5.032800E-5	4	0	
4.449600E-5	2	0	
6.412800E-5	2	0	
6.433200E-5	2	0	
6.468000E-5	2	0	
6.412800E-5	2	0	
6.438000E-5	2	0	
6.390000E-5	2	0	
6.458400E-5	2	0	
6.448800E-5	2	0	
6.426000E-5	2	0	
6.426000E-5	2	0	
6.440400E-5	2	0	
6.451200E-5	2	0	
6.488400E-5	2	0	
6.445200E-5	2	0	
6.415200E-5	2	0	
6.435600E-5	2	0	
6.468000E-5	2	0	
6.484800E-5	2	0	
6.408000E-5	2	0	
6.423600E-5	2	0	
6.487200E-5	2	0	
6.446400E-5	2	0	
6.481200E-5	2	0	
6.432000E-5	2	0	
6.423600E-5	2	0	
6.471600E-5	2	0	
6.474000E-5	2	0	
6.475200E-5	2	0	
6.422400E-5	2	0	
6.438000E-5	2	0	
6.454800E-5	2	0	
6.489600E-5	2	0	
6.469200E-5	2	0	
6.421200E-5	2	0	
6.474000E-5	2	0	
6.438000E-5	2	0	
6.478800E-5	2	0	
6.472800E-5	2	0	
6.448800E-5	2	0	
6.433200E-5	2	0	
6.440400E-5	2	0	
6.501600E-5	2	0	
6.517200E-5	2	0	
6.418800E-5	2	0	
6.432000E-5	2	0	
6.487200E-5	2	0	
6.501600E-5	2	0	
6.468000E-5	2	0	
6.438000E-5	2	0	
6.453600E-5	2	0	
6.487200E-5	2	0	
6.472800E-5	2	0	
6.518400E-5	2	0	
6.458400E-5	2	0	
6.435600E-5	2	0	
6.488400E-5	2	0	
6.474000E-5	2	0	
6.478800E-5	2	0	
6.438000E-5	2	0	
6.441600E-5	2	0	
6.488400E-5	2	0	
6.475200E-5	2	0	
6.477600E-5	2	0	
6.438000E-5	2	0	
6.446400E-5	2	0	
6.446400E-5	2	0	
6.495600E-5	2	0	
6.484800E-5	2	0	
6.444000E-5	2	0	
6.446400E-5	2	0	
6.478800E-5	2	0	
6.514800E-5	2	0	
6.476400E-5	2	0	
6.448800E-5	2	0	
6.465600E-5	2	0	
6.487200E-5	2	0	
6.477600E-5	2	0	
6.483600E-5	2	0	
9.081600E-5	3	0	
1.824240E-4	3	0	
1.920720E-4	3	0	
1.924920E-4	3	0	
1.922400E-4	3	0	
1.915920E-4	3	0	
1.916640E-4	3	0	
1.918320E-4	3	0	
1.914600E-4	3	0	
1.903920E-4	3	0	
1.866120E-4	3	0	
1.877400E-4	3	0	
1.911360E-4	3	0	
1.916280E-4	3	0	
1.919040E-4	3	0	
1.919400E-4	3	0	
1.919640E-4	3	0	
1.926840E-4	3	0	
1.928040E-4	3	0	
1.925040E-4	3	0	
1.792800E-4	3	0	
8.442000E-5	1	0	
6.550800E-5	1	0	
6.535200E-5	1	0	
6.498000E-5	1	0	
6.466800E-5	1	0	
6.481200E-5	1	0	
6.493200E-5	1	0	
6.528000E-5	1	0	
6.475200E-5	1	0	
6.435600E-5	1	0	
6.448800E-5	1	0	
6.514800E-5	1	0	
6.511200E-5	1	0	
6.440400E-5	1	0	
6.453600E-5	1	0	
6.463200E-5	1	0	
6.505200E-5	1	0	
6.489600E-5	1	0	
6.451200E-5	1	0	
6.434400E-5	1	0	
6.442800E-5	1	0	
6.492000E-5	1	0	
6.484800E-5	1	0	
6.475200E-5	1	0	
6.421200E-5	1	0	
6.458400E-5	1	0	
6.477600E-5	1	0	
6.481200E-5	1	0	
6.436800E-5	1	0	
6.469200E-5	1	0	
6.447600E-5	1	0	
6.495600E-5	1	0	
6.466800E-5	1	0	
6.486000E-5	1	0	
6.440400E-5	1	0	
6.456000E-5	1	0	
6.486000E-5	1	0	
6.480000E-5	1	0	
6.452400E-5	1	0	
6.436800E-5	1	0	
6.465600E-5	1	0	
6.516000E-5	1	0	
6.464400E-5	1	0	
6.420000E-5	1	0	
6.432000E-5	1	0	
6.446400E-5	1	0	
6.475200E-5	1	0	
6.474000E-5	1	0	
6.445200E-5	1	0	
6.406800E-5	1	0	
6.477600E-5	1	0	
6.494400E-5	1	0	
6.472800E-5	1	0	
6.423600E-5	1	0	
6.428400E-5	1	0	
6.460800E-5	1	0	
6.488400E-5	1	0	
6.476400E-5	1	0	
6.450000E-5	1	0	
6.433200E-5	1	0	
6.460800E-5	1	0	
6.454800E-5	1	0	
6.514800E-5	1	0	
6.444000E-5	1	0	
6.433200E-5	1	0	
6.465600E-5	1	0	
6.490800E-5	1	0	
6.451200E-5	1	0	
6.435600E-5	1	0	
6.433200E-5	1	0	
6.476400E-5	1	0	
6.486000E-5	1	0	
6.471600E-5	1	0	
6.441600E-5	1	0	
6.440400E-5	1	0	
6.465600E-5	1	0	
6.481200E-5	1	0	
6.483600E-5	1	0	
6.444000E-5	1	0	
3.802800E-5	4	0	
-5.289600E-5	4	0	
-6.243600E-5	4	0	
-6.282000E-5	4	0	
-6.292800E-5	4	0	
-6.291600E-5	4	0	
-6.235200E-5	4	0	
-6.236400E-5	4	0	
-6.181200E-5	4	0	
-6.144000E-5	4	0	
-5.758800E-5	4	0	
-5.845200E-5	4	0	
-6.118800E-5	4	0	
-6.207600E-5	4	0	
-6.278400E-5	4	0	
-6.314400E-5	4	0	
-6.248400E-5	4	0	
-6.283200E-5	4	0	
-6.312000E-5	4	0	
-6.326400E-5	4	0	
-5.036400E-5	4	0	
4.480800E-5	2	0	
6.451200E-5	2	0	
6.434400E-5	2	0	
6.390000E-5	2	0	
6.408000E-5	2	0	
6.447600E-5	2	0	
6.482400E-5	2	0	
6.428400E-5	2	0	
6.409200E-5	2	0	
6.457200E-5	2	0	
6.454800E-5	2	0	
6.474000E-5	2	0	
6.432000E-5	2	0	
6.448800E-5	2	0	
6.420000E-5	2	0	
6.464400E-5	2	0	
6.465600E-5	2	0	
6.464400E-5	2	0	
6.408000E-5	2	0	
6.457200E-5	2	0	
6.489600E-5	2	0	
6.464400E-5	2	0	
6.439200E-5	2	0	
6.452400E-5	2	0	
6.454800E-5	2	0	
6.457200E-5	2	0	
6.466800E-5	2	0	
6.465600E-5	2	0	
6.447600E-5	2	0	
6.445200E-5	2	0	
6.468000E-5	2	0	
6.501600E-5	2	0	
6.463200E-5	2	0	
6.433200E-5	2	0	
6.456000E-5	2	0	
6.484800E-5	2	0	
6.468000E-5	2	0	
6.459600E-5	2	0	
6.464400E-5	2	0	
6.414000E-5	2	0	
6.481200E-5	2	0	
6.494400E-5	2	0	
6.465600E-5	2	0	
6.408000E-5	2	0	
6.456000E-5	2	0	
6.500400E-5	2	0	
6.492000E-5	2	0	
6.436800E-5	2	0	
6.417600E-5	2	0	
6.466800E-5	2	0	
6.483600E-5	2	0	
6.471600E-5	2	0	
6.345600E-5	2	0	
6.421200E-5	2	0	
6.417600E-5	2	0	
6.476400E-5	2	0	
6.505200E-5	2	0	
6.445200E-5	2	0	
6.417600E-5	2	0	
6.468000E-5	2	0	
6.508800E-5	2	0	
6.460800E-5	2	0	
6.436800E-5	2	0	
6.438000E-5	2	0	
6.457200E-5	2	0	
6.471600E-5	2	0	
6.494400E-5	2	0	
6.477600E-5	2	0	
6.435600E-5	2	0	
6.446400E-5	2	0	
6.462000E-5	2	0	
6.523200E-5	2	0	
6.454800E-5	2	0	
6.442800E-5	2	0	
6.465600E-5	2	0	
6.482400E-5	2	0	
6.474000E-5	2	0	
6.466800E-5	2	0	
6.470400E-5	2	0	
9.069600E-5	3	0	
1.825800E-4	3	0	
1.922040E-4	3	0	
1.921080E-4	3	0	
1.916760E-4	3	0	
1.919640E-4	3	0	
1.920600E-4	3	0	
1.919280E-4	3	0	
1.910640E-4	3	0	
1.903200E-4	3	0	
1.865400E-4	3	0	
1.881000E-4	3	0	
1.911480E-4	3	0	
1.917600E-4	3	0	
1.918080E-4	3	0	
1.919880E-4	3	0	
1.923480E-4	3	0	
1.926000E-4	3	0	
1.925040E-4	3	0	
1.921440E-4	3	0	
1.794840E-4	3	0	
8.462400E-5	1	0	
6.512400E-5	1	0	
6.513600E-5	1	0	
6.510000E-5	1	0	
6.482400E-5	1	0	
6.490800E-5	1	0	
6.507600E-5	1	0	
6.486000E-5	1	0	
6.474000E-5	1	0	
6.428400E-5	1	0	
6.508800E-5	1	0	
6.498000E-5	1	0	
6.451200E-5	1	0	
6.446400E-5	1	0	
6.468000E-5	1	0	
6.506400E-5	1	0	
6.478800E-5	1	0	
6.470400E-5	1	0	
6.445200E-5	1	0	
6.445200E-5	1	0	
6.469200E-5	1	0	
6.499200E-5	1	0	
6.489600E-5	1	0	
6.441600E-5	1	0	
6.468000E-5	1	0	
6.495600E-5	1	0	
6.517200E-5	1	0	
6.460800E-5	1	0	
6.445200E-5	1	0	
6.465600E-5	1	0	
6.476400E-5	1	0	
6.487200E-5	1	0	
6.476400E-5	1	0	
6.446400E-5	1	0	
6.438000E-5	1	0	
6.480000E-5	1	0	
6.498000E-5	1	0	
6.426000E-5	1	0	
6.444000E-5	1	0	
6.474000E-5	1	0	
6.483600E-5	1	0	
6.468000E-5	1	0	
6.460800E-5	1	0	
6.429600E-5	1	0	
6.468000E-5	1	0	
6.464400E-5	1	0	
6.488400E-5	1	0	
6.470400E-5	1	0	
6.433200E-5	1	0	
6.444000E-5	1	0	
6.516000E-5	1	0	
6.490800E-5	1	0	
6.426000E-5	1	0	
6.441600E-5	1	0	
6.452400E-5	1	0	
6.477600E-5	1	0	
6.463200E-5	1	0	
6.465600E-5	1	0	
6.427200E-5	1	0	
6.436800E-5	1	0	
6.492000E-5	1	0	
6.484800E-5	1	0	
6.451200E-5	1	0	
6.399600E-5	1	0	
6.456000E-5	1	0	
6.528000E-5	1	0	
6.489600E-5	1	0	
6.393600E-5	1	0	
6.457200E-5	1	0	
6.466800E-5	1	0	
6.482400E-5	1	0	
6.468000E-5	1	0	
6.463200E-5	1	0	
6.451200E-5	1	0	
6.440400E-5	1	0	
6.502800E-5	1	0	
6.481200E-5	1	0	
6.427200E-5	1	0	
6.430800E-5	1	0	
3.843600E-5	4	0	
-5.298000E-5	4	0	
-6.282000E-5	4	0	
-6.284400E-5	4	0	
-6.292800E-5	4	0	
-6.229200E-5	4	0	
-6.253200E-5	4	0	
-6.219600E-5	4	0	
-6.230400E-5	4	0	
-6.189600E-5	4	0	
-5.743200E-5	4	0	
-5.840400E-5	4	0	
-6.145200E-5	4	0	
-6.272400E-5	4	0	
-6.261600E-5	4	0	
-6.241200E-5	4	0	
-6.259200E-5	4	0	
-6.331200E-5	4	0	
-6.328800E-5	4	0	
-6.351600E-5	4	0	
-4.982400E-5	4	0	
4.498800E-5	2	0	
6.453600E-5	2	0	
6.373200E-5	2	0	
6.409200E-5	2	0	
6.441600E-5	2	0	
6.489600E-5	2	0	
6.459600E-5	2	0	
6.408000E-5	2	0	
6.428400E-5	2	0	
6.459600E-5	2	0	
6.482400E-5	2	0	
6.439200E-5	2	0	
6.436800E-5	2	0	
6.454800E-5	2	0	
6.495600E-5	2	0	
6.472800E-5	2	0	
6.454800E-5	2	0	
6.442800E-5	2	0	
6.438000E-5	2	0	
6.504000E-5	2	0	
6.500400E-5	2	0	
6.438000E-5	2	0	
6.433200E-5	2	0	
6.435600E-5	2	0	
6.494400E-5	2	0	
6.472800E-5	2	0	
6.445200E-5	2	0	
6.427200E-5	2	0	
6.453600E-5	2	0	
6.504000E-5	2	0	
6.483600E-5	2	0	
6.466800E-5	2	0	
6.406800E-5	2	0	
6.481200E-5	2	0	
6.511200E-5	2	0	
6.466800E-5	2	0	
6.436800E-5	2	0	
6.434400E-5	2	0	
6.482400E-5	2	0	
6.517200E-5	2	0	
6.469200E-5	2	0	
6.445200E-5	2	0	
6.470400E-5	2	0	
6.492000E-5	2	0	
6.504000E-5	2	0	
6.499200E-5	2	0	
6.433200E-5	2	0	
6.433200E-5	2	0	
6.481200E-5	2	0	
6.526800E-5	2	0	
6.483600E-5	2	0	
6.430800E-5	2	0	
6.478800E-5	2	0	
6.512400E-5	2	0	
6.523200E-5	2	0	
6.452400E-5	2	0	
6.463200E-5	2	0	
6.466800E-5	2	0	
6.520800E-5	2	0	
6.512400E-5	2	0	
6.483600E-5	2	0	
6.445200E-5	2	0	
6.466800E-5	2	0	
6.493200E-5	2	0	
6.513600E-5	2	0	
6.462000E-5	2	0	
6.444000E-5	2	0	
6.486000E-5	2	0	
6.542400E-5	2	0	
6.495600E-5	2	0	
6.457200E-5	2	0	
6.450000E-5	2	0	
6.488400E-5	2	0	
6.506400E-5	2	0	
6.492000E-5	2	0	
6.441600E-5	2	0	
6.454800E-5	2	0	
6.472800E-5	2	0	
6.504000E-5	2	0	
9.118800E-5	3	0	
1.822200E-4	3	0	
1.919760E-4	3	0	
1.924440E-4	3	0	
1.925400E-4	3	0	
1.916640E-4	3	0	
1.914480E-4	3	0	
1.916280E-4	3	0	
1.916160E-4	3	0	
1.909080E-4	3	0	
1.869240E-4	3	0	
1.875840E-4	3	0	
1.907880E-4	3	0	
1.918560E-4	3	0	
1.922640E-4	3	0	
1.922520E-4	3	0	
1.917600E-4	3	0	
1.924560E-4	3	0	
1.930200E-4	3	0	
1.927200E-4	3	0	
1.793760E-4	3	0	
8.416800E-5	1	0	
6.510000E-5	1	0	
6.550800E-5	1	0	
6.493200E-5	1	0	
6.510000E-5	1	0	
6.470400E-5	1	0	
6.489600E-5	1	0	
6.535200E-5	1	0	
6.492000E-5	1	0	
6.478800E-5	1	0	
6.426000E-5	1	0	
6.490800E-5	1	0	
6.535200E-5	1	0	
6.481200E-5	1	0	
6.429600E-5	1	0	
6.458400E-5	1	0	
6.501600E-5	1	0	
6.511200E-5	1	0	
6.474000E-5	1	0	
6.442800E-5	1	0	
6.453600E-5	1	0	
6.498000E-5	1	0	
6.507600E-5	1	0	
6.488400E-5	1	0	
6.433200E-5	1	0	
6.450000E-5	1	0	
6.519600E-5	1	0	
6.501600E-5	1	0	
6.430800E-5	1	0	
6.428400E-5	1	0	
6.487200E-5	1	0	
6.498000E-5	1	0	
6.484800E-5	1	0	
6.440400E-5	1	0	
6.456000E-5	1	0	
6.477600E-5	1	0	
6.488400E-5	1	0	
6.486000E-5	1	0	
6.436800E-5	1	0	
6.435600E-5	1	0	
6.470400E-5	1	0	
6.514800E-5	1	0	
6.506400E-5	1	0	
6.434400E-5	1	0	
6.447600E-5	1	0	
6.487200E-5	1	0	
6.528000E-5	1	0	
6.439200E-5	1	0	
6.433200E-5	1	0	
6.462000E-5	1	0	
6.498000E-5	1	0	
6.484800E-5	1	0	
6.477600E-5	1	0	
6.423600E-5	1	0	
6.452400E-5	1	0	
6.501600E-5	1	0	
6.512400E-5	1	0	
6.450000E-5	1	0	
6.412800E-5	1	0	
6.469200E-5	1	0	
6.520800E-5	1	0	
6.470400E-5	1	0	
6.432000E-5	1	0	
6.442800E-5	1	0	
6.459600E-5	1	0	
6.482400E-5	1	0	
6.496800E-5	1	0	
6.427200E-5	1	0	
6.432000E-5	1	0	
6.476400E-5	1	0	
6.520800E-5	1	0	
6.451200E-5	1	0	
6.442800E-5	1	0	
6.400800E-5	1	0	
6.507600E-5	1	0	
6.513600E-5	1	0	
6.447600E-5	1	0	
6.417600E-5	1	0	
6.480000E-5	1	0	
3.862800E-5	4	0	
-5.287200E-5	4	0	
-6.266400E-5	4	0	
-6.296400E-5	4	0	
-6.285600E-5	4	0	
-6.254400E-5	4	0	
-6.199200E-5	4	0	
-6.249600E-5	4	0	
-6.240000E-5	4	0	
-6.123600E-5	4	0	
-5.682000E-5	4	0	
-5.811600E-5	4	0	
-6.198000E-5	4	0	
-6.223200E-5	4	0	
-6.259200E-5	4	0	
-6.218400E-5	4	0	
-6.283200E-5	4	0	
-6.303600E-5	4	0	
-6.361200E-5	4	0	
-6.315600E-5	4	0	
-5.006400E-5	4	0	
4.507200E-5	2	0	
6.398400E-5	2	0	
6.372000E-5	2	0	
6.450000E-5	2	0	
6.484800E-5	2	0	
6.442800E-5	2	0	
6.404400E-5	2	0	
6.432000E-5	2	0	
6.466800E-5	2	0	
6.475200E-5	2	0	
6.442800E-5	2	0	
6.454800E-5	2	0	
6.444000E-5	2	0	
6.452400E-5	2	0	
6.492000E-5	2	0	
6.468000E-5	2	0	
6.422400E-5	2	0	
6.428400E-5	2	0	
6.464400E-5	2	0	
6.499200E-5	2	0	
6.448800E-5	2	0	
6.410400E-5	2	0	
6.468000E-5	2	0	
6.490800E-5	2	0	
6.489600E-5	2	0	
6.439200E-5	2	0	
6.448800E-5	2	0	
6.446400E-5	2	0	
6.474000E-5	2	0	
6.498000E-5	2	0	
6.464400E-5	2	0	
6.453600E-5	2	0	
6.459600E-5	2	0	
6.504000E-5	2	0	
6.511200E-5	2	0	
6.434400E-5	2	0	
6.440400E-5	2	0	
6.481200E-5	2	0	
6.488400E-5	2	0	
6.460800E-5	2	0	
6.471600E-5	2	0	
6.429600E-5	2	0	
6.483600E-5	2	0	
6.475200E-5	2	0	
6.529200E-5	2	0	
6.429600E-5	2	0	
6.429600E-5	2	0	
6.474000E-5	2	0	
6.494400E-5	2	0	
6.501600E-5	2	0	
6.434400E-5	2	0	
6.459600E-5	2	0	
6.481200E-5	2	0	
6.493200E-5	2	0	
6.490800E-5	2	0	
6.465600E-5	2	0	
6.429600E-5	2	0	
6.468000E-5	2	0	
6.519600E-5	2	0	
6.502800E-5	2	0	
6.439200E-5	2	0	
6.430800E-5	2	0	
6.498000E-5	2	0	
6.510000E-5	2	0	
6.460800E-5	2	0	
6.469200E-5	2	0	
6.434400E-5	2	0	
6.501600E-5	2	0	
6.489600E-5	2	0	
6.477600E-5	2	0	
6.463200E-5	2	0	
6.452400E-5	2	0	
6.478800E-5	2	0	
6.524400E-5	2	0	
6.481200E-5	2	0	
6.433200E-5	2	0	
6.442800E-5	2	0	
6.490800E-5	2	0	
6.528000E-5	2	0	
9.072000E-5	3	0	
1.823760E-4	3	0	
1.922040E-4	3	0	
1.921680E-4	3	0	
1.922280E-4	3	0	
1.924080E-4	3	0	
1.914360E-4	3	0	
1.912560E-4	3	0	
1.914960E-4	3	0	
1.910520E-4	3	0	
1.867800E-4	3	0	
1.871880E-4	3	0	
1.910520E-4	3	0	
1.917960E-4	3	0	
1.922040E-4	3	0	
1.920600E-4	3	0	
1.921200E-4	3	0	
1.926480E-4	3	0	
1.925760E-4	3	0	
1.927680E-4	3	0	
1.801440E-4	3	0	
8.400000E-5	1	0	
6.472800E-5	1	0	
6.543600E-5	1	0	
6.535200E-5	1	0	
6.470400E-5	1	0	
6.472800E-5	1	0	
6.511200E-5	1	0	
6.520800E-5	1	0	
6.505200E-5	1	0	
6.484800E-5	1	0	
6.483600E-5	1	0	
6.480000E-5	1	0	
6.465600E-5	1	0	
6.529200E-5	1	0	
6.486000E-5	1	0	
6.417600E-5	1	0	
6.496800E-5	1	0	
6.534000E-5	1	0	
6.481200E-5	1	0	
6.480000E-5	1	0	
6.466800E-5	1	0	
6.459600E-5	1	0	
6.492000E-5	1	0	
6.475200E-5	1	0	
6.508800E-5	1	0	
6.396000E-5	1	0	
6.466800E-5	1	0	
6.518400E-5	1	0	
6.465600E-5	1	0	
6.450000E-5	1	0	
6.453600E-5	1	0	
6.504000E-5	1	0	
6.508800E-5	1	0	
6.482400E-5	1	0	
6.459600E-5	1	0	
6.446400E-5	1	0	
6.432000E-5	1	0	
6.522000E-5	1	0	
6.520800E-5	1	0	
6.458400E-5	1	0	
6.409200E-5	1	0	
6.464400E-5	1	0	
6.505200E-5	1	0	
6.480000E-5	1	0	
6.465600E-5	1	0	
6.441600E-5	1	0	
6.486000E-5	1	0	
6.488400E-5	1	0	
6.483600E-5	1	0	
6.454800E-5	1	0	
6.457200E-5	1	0	
6.446400E-5	1	0	
6.514800E-5	1	0	
6.474000E-5	1	0	
6.458400E-5	1	0	
6.409200E-5	1	0	
6.478800E-5	1	0	
6.510000E-5	1	0	
6.484800E-5	1	0	
6.438000E-5	1	0	
6.438000E-5	1	0	
6.484800E-5	1	0	
6.489600E-5	1	0	
6.483600E-5	1	0	
6.481200E-5	1	0	
6.415200E-5	1	0	
6.465600E-5	1	0	
6.505200E-5	1	0	
6.504000E-5	1	0	
6.422400E-5	1	0	
6.444000E-5	1	0	
6.505200E-5	1	0	
6.482400E-5	1	0	
6.444000E-5	1	0	
6.492000E-5	1	0	
6.448800E-5	1	0	
6.456000E-5	1	0	
6.475200E-5	1	0	
6.517200E-5	1	0	
3.782400E-5	4	0	
-5.361600E-5	4	0	
-6.256800E-5	4	0	
-6.230400E-5	4	0	
-6.261600E-5	4	0	
-6.306000E-5	4	0	
-6.256800E-5	4	0	
-6.212400E-5	4	0	
-6.190800E-5	4	0	
-6.127200E-5	4	0	
-5.716800E-5	4	0	
-5.887200E-5	4	0	
-6.157200E-5	4	0	
-6.145200E-5	4	0	
-6.218400E-5	4	0	
-6.320400E-5	4	0	
-6.355200E-5	4	0	
-6.273600E-5	4	0	
-6.285600E-5	4	0	
-6.306000E-5	4	0	
-5.059200E-5	4	0	
4.470000E-5	2	0	
6.450000E-5	2	0	
6.405600E-5	2	0	
6.456000E-5	2	0	
6.402000E-5	2	0	
6.423600E-5	2	0	
6.445200E-5	2	0	
6.511200E-5	2	0	
6.447600E-5	2	0	
6.406800E-5	2	0	
6.458400E-5	2	0	
6.486000E-5	2	0	
6.453600E-5	2	0	
6.422400E-5	2	0	
6.466800E-5	2	0	
6.450000E-5	2	0	
6.432000E-5	2	0	
6.498000E-5	2	0	
6.470400E-5	2	0	
6.450000E-5	2	0	
6.433200E-5	2	0	
6.495600E-5	2	0	
6.474000E-5	2	0	
6.470400E-5	2	0	
6.440400E-5	2	0	
6.464400E-5	2	0	
6.474000E-5	2	0	
6.472800E-5	2	0	
6.481200E-5	2	0	
6.450000E-5	2	0	
6.445200E-5	2	0	
6.476400E-5	2	0	
6.489600E-5	2	0	
6.472800E-5	2	0	
6.433200E-5	2	0	
6.402000E-5	2	0	
6.500400E-5	2	0	
6.513600E-5	2	0	
6.460800E-5	2	0	
6.459600E-5	2	0	
6.470400E-5	2	0	
6.480000E-5	2	0	
6.487200E-5	2	0	
6.494400E-5	2	0	
6.436800E-5	2	0	
6.477600E-5	2	0	
6.448800E-5	2	0	
6.532800E-5	2	0	
6.472800E-5	2	0	
6.375600E-5	2	0	
6.501600E-5	2	0	
6.474000E-5	2	0	
6.496800E-5	2	0	
6.445200E-5	2	0	
6.438000E-5	2	0	
6.442800E-5	2	0	
6.501600E-5	2	0	
6.510000E-5	2	0	
6.472800E-5	2	0	
6.428400E-5	2	0	
6.416400E-5	2	0	
6.516000E-5	2	0	
6.493200E-5	2	0	
6.448800E-5	2	0	
6.418800E-5	2	0	
6.486000E-5	2	0	
6.502800E-5	2	0	
6.468000E-5	2	0	
6.487200E-5	2	0	
6.444000E-5	2	0	
6.454800E-5	2	0	
6.471600E-5	2	0	
6.518400E-5	2	0	
6.484800E-5	2	0	
6.414000E-5	2	0	
6.486000E-5	2	0	
6.494400E-5	2	0	
6.525600E-5	2	0	
6.434400E-5	2	0	
9.048000E-5	3	0	
1.826280E-4	3	0	
1.922280E-4	3	0	
1.921080E-4	3	0	
1.925040E-4	3	0	
1.916400E-4	3	0	
1.914720E-4	3	0	
1.919760E-4	3	0	
1.918320E-4	3	0	
1.906080E-4	3	0	
1.861200E-4	3	0	
1.879800E-4	3	0	
1.913520E-4	3	0	
1.918560E-4	3	0	
1.918080E-4	3	0	
1.919880E-4	3	0	
1.920960E-4	3	0	
1.926840E-4	3	0	
1.925040E-4	3	0	
1.925880E-4	3	0	
1.793880E-4	3	0	
8.437200E-5	1	0	
6.543600E-5	1	0	
6.540000E-5	1	0	
6.481200E-5	1	0	
6.464400E-5	1	0	
6.528000E-5	1	0	
6.513600E-5	1	0	
6.488400E-5	1	0	
6.490800E-5	1	0	
6.487200E-5	1	0	
6.474000E-5	1	0	
6.488400E-5	1	0	
6.518400E-5	1	0	
6.454800E-5	1	0	
6.469200E-5	1	0	
6.488400E-5	1	0	
6.518400E-5	1	0	
6.508800E-5	1	0	
6.430800E-5	1	0	
6.462000E-5	1	0	
6.465600E-5	1	0	
6.494400E-5	1	0	
6.513600E-5	1	0	
6.508800E-5	1	0	
6.412800E-5	1	0	
6.472800E-5	1	0	
6.510000E-5	1	0	
6.482400E-5	1	0	
6.460800E-5	1	0	
6.432000E-5	1	0	
6.486000E-5	1	0	
6.501600E-5	1	0	
6.464400E-5	1	0	
6.469200E-5	1	0	
6.441600E-5	1	0	
6.470400E-5	1	0	
6.465600E-5	1	0	
6.522000E-5	1	0	
6.440400E-5	1	0	
6.414000E-5	1	0	
6.470400E-5	1	0	
6.505200E-5	1	0	
6.484800E-5	1	0	
6.440400E-5	1	0	
6.484800E-5	1	0	
6.480000E-5	1	0	
6.478800E-5	1	0	
6.475200E-5	1	0	
6.465600E-5	1	0	
6.446400E-5	1	0	
6.460800E-5	1	0	
6.492000E-5	1	0	
6.495600E-5	1	0	
6.466800E-5	1	0	
6.402000E-5	1	0	
6.492000E-5	1	0	
6.513600E-5	1	0	
6.462000E-5	1	0	
6.459600E-5	1	0	
6.459600E-5	1	0	
6.458400E-5	1	0	
6.470400E-5	1	0	
6.510000E-5	1	0	
6.480000E-5	1	0	
6.418800E-5	1	0	
6.444000E-5	1	0	
6.506400E-5	1	0	
6.484800E-5	1	0	
6.428400E-5	1	0	
6.463200E-5	1	0	
6.481200E-5	1	0	
6.500400E-5	1	0	
6.446400E-5	1	0	
6.469200E-5	1	0	
6.441600E-5	1	0	
6.454800E-5	1	0	
6.478800E-5	1	0	
6.502800E-5	1	0	
6.465600E-5	1	0	
3.762000E-5	4	0	
-5.271600E-5	4	0	
-6.220800E-5	4	0	
-6.272400E-5	4	0	
-6.292800E-5	4	0	
-6.278400E-5	4	0	
-6.243600E-5	4	0	
-6.198000E-5	4	0	
-6.201600E-5	4	0	
-6.124800E-5	4	0	
-5.749200E-5	4	0	
-5.875200E-5	4	0	
-6.123600E-5	4	0	
-6.190800E-5	4	0	
-6.278400E-5	4	0	
-6.307200E-5	4	0	
-6.259200E-5	4	0	
-6.291600E-5	4	0	
-6.320400E-5	4	0	
-6.337200E-5	4	0	
-4.996800E-5	4	0	
4.477200E-5	2	0	
6.444000E-5	2	0	
6.472800E-5	2	0	
6.410400E-5	2	0	
6.392400E-5	2	0	
6.411600E-5	2	0	
6.511200E-5	2	0	
6.477600E-5	2	0	
6.406800E-5	2	0	
6.457200E-5	2	0	
6.460800E-5	2	0	
6.478800E-5	2	0	
6.454800E-5	2	0	
6.472800E-5	2	0	
6.441600E-5	2	0	
6.439200E-5	2	0	
6.484800E-5	2	0	
6.507600E-5	2	0	
6.418800E-5	2	0	
6.398400E-5	2	0	
6.472800E-5	2	0	
6.505200E-5	2	0	
6.444000E-5	2	0	
6.458400E-5	2	0	
6.432000E-5	2	0	
6.498000E-5	2	0	
6.465600E-5	2	0	
6.476400E-5	2	0	
6.472800E-5	2	0	
6.411600E-5	2	0	
6.439200E-5	2	0	
6.524400E-5	2	0	
6.514800E-5	2	0	
6.400800E-5	2	0	
6.451200E-5	2	0	
6.506400E-5	2	0	
6.513600E-5	2	0	
6.450000E-5	2	0	
6.466800E-5	2	0	
6.446400E-5	2	0	
6.474000E-5	2	0	
6.489600E-5	2	0	
6.505200E-5	2	0	
6.444000E-5	2	0	
6.424800E-5	2	0	
6.513600E-5	2	0	
6.510000E-5	2	0	
6.465600E-5	2	0	
6.416400E-5	2	0	
6.463200E-5	2	0	
6.492000E-5	2	0	
6.513600E-5	2	0	
6.453600E-5	2	0	
6.480000E-5	2	0	
6.478800E-5	2	0	
6.458400E-5	2	0	
6.510000E-5	2	0	
6.487200E-5	2	0	
6.440400E-5	2	0	
6.451200E-5	2	0	
6.499200E-5	2	0	
6.513600E-5	2	0	
6.446400E-5	2	0	
6.432000E-5	2	0	
6.477600E-5	2	0	
6.471600E-5	2	0	
6.459600E-5	2	0	
6.495600E-5	2	0	
6.458400E-5	2	0	
6.444000E-5	2	0	
6.476400E-5	2	0	
6.520800E-5	2	0	
6.463200E-5	2	0	
6.439200E-5	2	0	
6.469200E-5	2	0	
6.499200E-5	2	0	
6.466800E-5	2	0	
6.477600E-5	2	0	
6.465600E-5	2	0	
9.062400E-5	3	0	
1.826400E-4	3	0	
1.922280E-4	3	0	
1.923480E-4	3	0	
1.917480E-4	3	0	
1.916040E-4	3	0	
1.922520E-4	3	0	
1.920840E-4	3	0	
1.911120E-4	3	0	
1.901640E-4	3	0	
1.870560E-4	3	0	
1.877520E-4	3	0	
1.911120E-4	3	0	
1.917600E-4	3	0	
1.918200E-4	3	0	
1.917840E-4	3	0	
1.923600E-4	3	0	
1.932000E-4	3	0	
1.927080E-4	3	0	
1.923120E-4	3	0	
1.792440E-4	3	0	
8.491200E-5	1	0	
6.538800E-5	1	0	
6.492000E-5	1	0	
6.507600E-5	1	0	
6.512400E-5	1	0	
6.500400E-5	1	0	
6.519600E-5	1	0	
6.518400E-5	1	0	
6.463200E-5	1	0	
6.427200E-5	1	0	
6.538800E-5	1	0	
6.541200E-5	1	0	
6.462000E-5	1	0	
6.398400E-5	1	0	
6.486000E-5	1	0	
6.528000E-5	1	0	
6.480000E-5	1	0	
6.481200E-5	1	0	
6.453600E-5	1	0	
6.454800E-5	1	0	
6.481200E-5	1	0	
6.508800E-5	1	0	
6.484800E-5	1	0	
6.435600E-5	1	0	
6.466800E-5	1	0	
6.492000E-5	1	0	
6.507600E-5	1	0	
6.423600E-5	1	0	
6.460800E-5	1	0	
6.482400E-5	1	0	
6.477600E-5	1	0	
6.502800E-5	1	0	
6.476400E-5	1	0	
6.452400E-5	1	0	
6.436800E-5	1	0	
6.476400E-5	1	0	
6.500400E-5	1	0	
6.476400E-5	1	0	
6.392400E-5	1	0	
6.492000E-5	1	0	
6.526800E-5	1	0	
6.459600E-5	1	0	
6.432000E-5	1	0	
6.440400E-5	1	0	
6.477600E-5	1	0	
6.484800E-5	1	0	
6.493200E-5	1	0	
6.439200E-5	1	0	
6.470400E-5	1	0	
6.410400E-5	1	0	
6.520800E-5	1	0	
6.514800E-5	1	0	
6.432000E-5	1	0	
6.429600E-5	1	0	
6.498000E-5	1	0	
6.498000E-5	1	0	
6.439200E-5	1	0	
6.489600E-5	1	0	
6.439200E-5	1	0	
6.481200E-5	1	0	
6.444000E-5	1	0	
6.501600E-5	1	0	
6.457200E-5	1	0	
6.412800E-5	1	0	
6.450000E-5	1	0	
6.540000E-5	1	0	
6.496800E-5	1	0	
6.422400E-5	1	0	
6.462000E-5	1	0	
6.427200E-5	1	0	
6.506400E-5	1	0	
6.481200E-5	1	0	
6.476400E-5	1	0	
6.422400E-5	1	0	
6.489600E-5	1	0	
6.469200E-5	1	0	
6.528000E-5	1	0	
6.438000E-5	1	0	
6.432000E-5	1	0	
3.871200E-5	4	0	
-5.300400E-5	4	0	
-6.243600E-5	4	0	
-6.271200E-5	4	0	
-6.276000E-5	4	0	
-6.262800E-5	4	0	
-6.253200E-5	4	0	
-6.196800E-5	4	0	
-6.196800E-5	4	0	
-6.141600E-5	4	0	
-5.725200E-5	4	0	
-5.818800E-5	4	0	
-6.132000E-5	4	0	
-6.241200E-5	4	0	
-6.270000E-5	4	0	
-6.256800E-5	4	0	
-6.278400E-5	4	0	
-6.302400E-5	4	0	
-6.310800E-5	4	0	
-6.320400E-5	4	0	
-5.056800E-5	4	0	
4.521600E-5	2	0	
6.446400E-5	2	0	
6.418800E-5	2	0	
6.349200E-5	2	0	
6.453600E-5	2	0	
6.481200E-5	2	0	
6.433200E-5	2	0	
6.409200E-5	2	0	
6.453600E-5	2	0	
6.469200E-5	2	0	
6.445200E-5	2	0	
6.481200E-5	2	0	
6.463200E-5	2	0	
6.434400E-5	2	0	
6.427200E-5	2	0	
6.500400E-5	2	0	
6.501600E-5	2	0	
6.456000E-5	2	0	
6.391200E-5	2	0	
6.508800E-5	2	0	
6.499200E-5	2	0	
6.450000E-5	2	0	
6.470400E-5	2	0	
6.432000E-5	2	0	
6.500400E-5	2	0	
6.462000E-5	2	0	
6.500400E-5	2	0	
6.440400E-5	2	0	
6.434400E-5	2	0	
6.447600E-5	2	0	
6.543600E-5	2	0	
6.484800E-5	2	0	
6.402000E-5	2	0	
6.486000E-5	2	0	
6.495600E-5	2	0	
6.481200E-5	2	0	
6.445200E-5	2	0	
6.494400E-5	2	0	
6.453600E-5	2	0	
6.501600E-5	2	0	
6.495600E-5	2	0	
6.529200E-5	2	0	
6.457200E-5	2	0	
6.402000E-5	2	0	
6.519600E-5	2	0	
6.518400E-5	2	0	
6.472800E-5	2	0	
6.430800E-5	2	0	
6.482400E-5	2	0	
6.478800E-5	2	0	
6.507600E-5	2	0	
6.488400E-5	2	0	
6.490800E-5	2	0	
6.432000E-5	2	0	
6.476400E-5	2	0	
6.518400E-5	2	0	
6.499200E-5	2	0	
6.446400E-5	2	0	
6.457200E-5	2	0	
6.517200E-5	2	0	
6.508800E-5	2	0	
6.451200E-5	2	0	
6.486000E-5	2	0	
6.441600E-5	2	0	
6.476400E-5	2	0	
6.511200E-5	2	0	
6.506400E-5	2	0	
6.460800E-5	2	0	
6.420000E-5	2	0	
6.516000E-5	2	0	
6.543600E-5	2	0	
6.463200E-5	2	0	
6.438000E-5	2	0	
6.460800E-5	2	0	
6.517200E-5	2	0	
6.490800E-5	2	0	
6.458400E-5	2	0	
6.474000E-5	2	0	
6.482400E-5	2	0	
9.068400E-5	3	0	
1.830480E-4	3	0	
1.923600E-4	3	0	
1.919280E-4	3	0	
1.916760E-4	3	0	
1.924680E-4	3	0	
1.920960E-4	3	0	
1.914120E-4	3	0	
1.909320E-4	3	0	
1.907160E-4	3	0	
1.870320E-4	3	0	
1.877760E-4	3	0	
1.912200E-4	3	0	
1.914480E-4	3	0	
1.919640E-4	3	0	
1.921080E-4	3	0	
1.927680E-4	3	0	
1.926360E-4	3	0	
1.919280E-4	3	0	
1.924440E-4	3	0	
1.801440E-4	3	0	
8.485200E-5	1	0	
6.463200E-5	1	0	
6.531600E-5	1	0	
6.510000E-5	1	0	
6.516000E-5	1	0	
6.498000E-5	1	0	
6.517200E-5	1	0	
6.460800E-5	1	0	
6.477600E-5	1	0	
6.498000E-5	1	0	
6.512400E-5	1	0	
6.487200E-5	1	0	
6.404400E-5	1	0	
6.524400E-5	1	0	
6.519600E-5	1	0	
6.484800E-5	1	0	
6.441600E-5	1	0	
6.469200E-5	1	0	
6.465600E-5	1	0	
6.499200E-5	1	0	
6.472800E-5	1	0	
6.488400E-5	1	0	
6.450000E-5	1	0	
6.465600E-5	1	0	
6.537600E-5	1	0	
6.501600E-5	1	0	
6.452400E-5	1	0	
6.439200E-5	1	0	
6.493200E-5	1	0	
6.508800E-5	1	0	
6.454800E-5	1	0	
6.474000E-5	1	0	
6.442800E-5	1	0	
6.472800E-5	1	0	
6.490800E-5	1	0	
6.507600E-5	1	0	
6.438000E-5	1	0	
6.429600E-5	1	0	
6.478800E-5	1	0	
6.514800E-5	1	0	
6.500400E-5	1	0	
6.380400E-5	1	0	
6.478800E-5	1	0	
6.505200E-5	1	0	
6.469200E-5	1	0	
6.474000E-5	1	0	
6.446400E-5	1	0	
6.448800E-5	1	0	
6.482400E-5	1	0	
6.488400E-5	1	0	
6.482400E-5	1	0	
6.435600E-5	1	0	
6.435600E-5	1	0	
6.480000E-5	1	0	
6.529200E-5	1	0	
6.451200E-5	1	0	
6.412800E-5	1	0	
6.493200E-5	1	0	
6.493200E-5	1	0	
6.477600E-5	1	0	
6.459600E-5	1	0	
6.451200E-5	1	0	
6.441600E-5	1	0	
6.500400E-5	1	0	
6.528000E-5	1	0	
6.448800E-5	1	0	
6.429600E-5	1	0	
6.423600E-5	1	0	
6.530400E-5	1	0	
6.489600E-5	1	0	
6.440400E-5	1	0	
6.448800E-5	1	0	
6.464400E-5	1	0	
6.494400E-5	1	0	
6.483600E-5	1	0	
6.474000E-5	1	0	
6.421200E-5	1	0	
6.447600E-5	1	0	
6.508800E-5	1	0	
3.895200E-5	4	0	
-5.349600E-5	4	0	
-6.318000E-5	4	0	
-6.276000E-5	4	0	
-6.223200E-5	4	0	
-6.246000E-5	4	0	
-6.282000E-5	4	0	
-6.247200E-5	4	0	
-6.199200E-5	4	0	
-6.103200E-5	4	0	
-5.714400E-5	4	0	
-5.830800E-5	4	0	
-6.188400E-5	4	0	
-6.214800E-5	4	0	
-6.213600E-5	4	0	
-6.261600E-5	4	0	
-6.298800E-5	4	0	
-6.369600E-5	4	0	
-6.292800E-5	4	0	
-6.274800E-5	4	0	
-5.031600E-5	4	0	
4.471200E-5	2	0	
6.414000E-5	2	0	
6.432000E-5	2	0	
6.428400E-5	2	0	
6.454800E-5	2	0	
6.420000E-5	2	0	
6.421200E-5	2	0	
6.451200E-5	2	0	
6.489600E-5	2	0	
6.451200E-5	2	0	
6.402000E-5	2	0	
6.434400E-5	2	0	
6.488400E-5	2	0	
6.502800E-5	2	0	
6.418800E-5	2	0	
6.447600E-5	2	0	
6.424800E-5	2	0	
6.460800E-5	2	0	
6.489600E-5	2	0	
6.474000E-5	2	0	
6.426000E-5	2	0	
6.441600E-5	2	0	
6.501600E-5	2	0	
6.516000E-5	2	0	
6.457200E-5	2	0	
6.393600E-5	2	0	
6.471600E-5	2	0	
6.487200E-5	2	0	
6.457200E-5	2	0	
6.456000E-5	2	0	
6.436800E-5	2	0	
6.436800E-5	2	0	
6.493200E-5	2	0	
6.508800E-5	2	0	
6.471600E-5	2	0	
6.436800E-5	2	0	
6.433200E-5	2	0	
6.511200E-5	2	0	
6.507600E-5	2	0	
6.418800E-5	2	0	
6.459600E-5	2	0	
6.472800E-5	2	0	
6.465600E-5	2	0	
6.472800E-5	2	0	
6.484800E-5	2	0	
6.454800E-5	2	0	
6.445200E-5	2	0	
6.498000E-5	2	0	
6.492000E-5	2	0	
6.464400E-5	2	0	
6.414000E-5	2	0	
6.478800E-5	2	0	
6.487200E-5	2	0	
6.502800E-5	2	0	
6.421200E-5	2	0	
6.466800E-5	2	0	
6.476400E-5	2	0	
6.501600E-5	2	0	
6.483600E-5	2	0	
6.469200E-5	2	0	
6.451200E-5	2	0	
6.465600E-5	2	0	
6.536400E-5	2	0	
6.493200E-5	2	0	
6.460800E-5	2	0	
6.403200E-5	2	0	
6.496800E-5	2	0	
6.510000E-5	2	0	
6.459600E-5	2	0	
6.472800E-5	2	0	
6.450000E-5	2	0	
6.486000E-5	2	0	
6.495600E-5	2	0	
6.514800E-5	2	0	
6.462000E-5	2	0	
6.445200E-5	2	0	
6.470400E-5	2	0	
6.514800E-5	2	0	
6.520800E-5	2	0	
9.054000E-5	3	0	
1.825560E-4	3	0	
1.923240E-4	3	0	
1.924200E-4	3	0	
1.922400E-4	3	0	
1.920360E-4	3	0	
1.917240E-4	3	0	
1.917240E-4	3	0	
1.916760E-4	3	0	
1.909440E-4	3	0	
1.868880E-4	3	0	
1.872720E-4	3	0	
1.913640E-4	3	0	
1.919280E-4	3	0	
1.922520E-4	3	0	
1.917720E-4	3	0	
1.923840E-4	3	0	
1.926480E-4	3	0	
1.928280E-4	3	0	
1.929720E-4	3	0	
1.796520E-4	3	0	
8.430000E-5	1	0	
6.475200E-5	1	0	
6.568800E-5	1	0	
6.524400E-5	1	0	
6.469200E-5	1	0	
6.441600E-5	1	0	
6.531600E-5	1	0	
6.528000E-5	1	0	
6.492000E-5	1	0	
6.442800E-5	1	0	
6.463200E-5	1	0	
6.494400E-5	1	0	
6.478800E-5	1	0	
6.526800E-5	1	0	
6.441600E-5	1	0	
6.450000E-5	1	0	
6.478800E-5	1	0	
6.558000E-5	1	0	
6.482400E-5	1	0	
6.414000E-5	1	0	
6.486000E-5	1	0	
6.495600E-5	1	0	
6.516000E-5	1	0	
6.429600E-5	1	0	
6.481200E-5	1	0	
6.428400E-5	1	0	
6.498000E-5	1	0	
6.480000E-5	1	0	
6.520800E-5	1	0	
6.409200E-5	1	0	
6.434400E-5	1	0	
6.512400E-5	1	0	
6.519600E-5	1	0	
6.476400E-5	1	0	
6.399600E-5	1	0	
6.482400E-5	1	0	
6.475200E-5	1	0	
6.506400E-5	1	0	
6.468000E-5	1	0	
6.436800E-5	1	0	
6.448800E-5	1	0	
6.480000E-5	1	0	
6.518400E-5	1	0	
6.460800E-5	1	0	
6.441600E-5	1	0	
6.441600E-5	1	0	
6.502800E-5	1	0	
6.507600E-5	1	0	
6.440400E-5	1	0	
6.434400E-5	1	0	
6.488400E-5	1	0	
6.504000E-5	1	0	
6.463200E-5	1	0	
6.513600E-5	1	0	
6.404400E-5	1	0	
6.470400E-5	1	0	
6.459600E-5	1	0	
6.536400E-5	1	0	
6.463200E-5	1	0	
6.402000E-5	1	0	
6.470400E-5	1	0	
6.490800E-5	1	0	
6.495600E-5	1	0	
6.441600E-5	1	0	
6.464400E-5	1	0	
6.460800E-5	1	0	
6.474000E-5	1	0	
6.502800E-5	1	0	
6.475200E-5	1	0	
6.420000E-5	1	0	
6.438000E-5	1	0	
6.493200E-5	1	0	
6.488400E-5	1	0	
6.432000E-5	1	0	
6.393600E-5	1	0	
6.502800E-5	1	0	
6.481200E-5	1	0	
6.499200E-5	1	0	
6.468000E-5	1	0	
3.808800E-5	4	0	
-5.308800E-5	4	0	
-6.259200E-5	4	0	
-6.248400E-5	4	0	
-6.294000E-5	4	0	
-6.297600E-5	4	0	
-6.252000E-5	4	0	
-6.189600E-5	4	0	
-6.176400E-5	4	0	
-6.198000E-5	4	0	
-5.727600E-5	4	0	
-5.864400E-5	4	0	
-6.105600E-5	4	0	
-6.225600E-5	4	0	
-6.261600E-5	4	0	
-6.301200E-5	4	0	
-6.280800E-5	4	0	
-6.266400E-5	4	0	
-6.260400E-5	4	0	
-6.361200E-5	4	0	
-5.078400E-5	4	0	
4.521600E-5	2	0	
6.476400E-5	2	0	
6.433200E-5	2	0	
6.388800E-5	2	0	
6.420000E-5	2	0	
6.451200E-5	2	0	
6.438000E-5	2	0	
6.508800E-5	2	0	
6.405600E-5	2	0	
6.420000E-5	2	0	
6.458400E-5	2	0	
6.510000E-5	2	0	
6.466800E-5	2	0	
6.396000E-5	2	0	
6.420000E-5	2	0	
6.504000E-5	2	0	
6.462000E-5	2	0	
6.453600E-5	2	0	
6.428400E-5	2	0	
6.441600E-5	2	0	
6.475200E-5	2	0	
6.474000E-5	2	0	
6.468000E-5	2	0	
6.428400E-5	2	0	
6.442800E-5	2	0	
6.486000E-5	2	0	
6.502800E-5	2	0	
6.472800E-5	2	0	
6.394800E-5	2	0	
6.484800E-5	2	0	
6.458400E-5	2	0	
6.517200E-5	2	0	
6.433200E-5	2	0	
6.465600E-5	2	0	
6.448800E-5	2	0	
6.474000E-5	2	0	
6.513600E-5	2	0	
6.492000E-5	2	0	
6.430800E-5	2	0	
6.424800E-5	2	0	
6.498000E-5	2	0	
6.518400E-5	2	0	
6.448800E-5	2	0	
6.436800E-5	2	0	
6.475200E-5	2	0	
6.480000E-5	2	0	
6.472800E-5	2	0	
6.470400E-5	2	0	
6.452400E-5	2	0	
6.462000E-5	2	0	
6.465600E-5	2	0	
6.512400E-5	2	0	
6.471600E-5	2	0	
6.421200E-5	2	0	
6.447600E-5	2	0	
6.520800E-5	2	0	
6.512400E-5	2	0	
6.421200E-5	2	0	
6.453600E-5	2	0	
6.470400E-5	2	0	
6.489600E-5	2	0	
6.465600E-5	2	0	
6.477600E-5	2	0	
6.456000E-5	2	0	
6.472800E-5	2	0	
6.464400E-5	2	0	
6.518400E-5	2	0	
6.480000E-5	2	0	
6.414000E-5	2	0	
6.468000E-5	2	0	
6.504000E-5	2	0	
6.477600E-5	2	0	
6.421200E-5	2	0	
6.477600E-5	2	0	
6.468000E-5	2	0	
6.476400E-5	2	0	
6.499200E-5	2	0	
6.478800E-5	2	0	
6.448800E-5	2	0	
9.090000E-5	3	0	
1.831800E-4	3	0	
1.921680E-4	3	0	
1.917120E-4	3	0	
1.915320E-4	3	0	
1.921800E-4	3	0	
1.920600E-4	3	0	
1.917000E-4	3	0	
1.911720E-4	3	0	
1.904760E-4	3	0	
1.864560E-4	3	0	
1.879680E-4	3	0	
1.914480E-4	3	0	
1.915800E-4	3	0	
1.915200E-4	3	0	
1.921560E-4	3	0	
1.928880E-4	3	0	
1.926720E-4	3	0	
1.918920E-4	3	0	
1.926720E-4	3	0	
1.797600E-4	3	0	
8.485200E-5	1	0	
6.493200E-5	1	0	
6.526800E-5	1	0	
6.471600E-5	1	0	
6.508800E-5	1	0	
6.541200E-5	1	0	
6.531600E-5	1	0	
6.465600E-5	1	0	
6.450000E-5	1	0	
6.518400E-5	1	0	
6.510000E-5	1	0	
6.480000E-5	1	0	
6.438000E-5	1	0	
6.495600E-5	1	0	
6.487200E-5	1	0	
6.492000E-5	1	0	
6.490800E-5	1	0	
6.465600E-5	1	0	
6.398400E-5	1	0	
6.476400E-5	1	0	
6.511200E-5	1	0	
6.481200E-5	1	0	
6.429600E-5	1	0	
6.453600E-5	1	0	
6.501600E-5	1	0	
6.499200E-5	1	0	
6.464400E-5	1	0	
6.463200E-5	1	0	
6.417600E-5	1	0	
6.504000E-5	1	0	
6.486000E-5	1	0	
6.488400E-5	1	0	
6.427200E-5	1	0	
6.422400E-5	1	0	
6.480000E-5	1	0	
6.510000E-5	1	0	
6.457200E-5	1	0	
6.412800E-5	1	0	
6.445200E-5	1	0	
6.475200E-5	1	0	
6.501600E-5	1	0	
6.428400E-5	1	0	
6.451200E-5	1	0	
6.448800E-5	1	0	
6.477600E-5	1	0	
6.487200E-5	1	0	
6.481200E-5	1	0	
6.429600E-5	1	0	
6.432000E-5	1	0	
6.514800E-5	1	0	
6.507600E-5	1	0	
6.436800E-5	1	0	
6.421200E-5	1	0	
6.478800E-5	1	0	
6.507600E-5	1	0	
6.488400E-5	1	0	
6.426000E-5	1	0	
6.434400E-5	1	0	
6.463200E-5	1	0	
6.468000E-5	1	0	
6.502800E-5	1	0	
6.463200E-5	1	0	
6.411600E-5	1	0	
6.442800E-5	1	0	
6.524400E-5	1	0	
6.483600E-5	1	0	
6.426000E-5	1	0	
6.441600E-5	1	0	
6.480000E-5	1	0	
6.510000E-5	1	0	
6.458400E-5	1	0	
6.445200E-5	1	0	
6.420000E-5	1	0	
6.495600E-5	1	0	
6.488400E-5	1	0	
6.506400E-5	1	0	
6.411600E-5	1	0	
6.422400E-5	1	0	
6.471600E-5	1	0	
3.896400E-5	4	0	
-5.306400E-5	4	0	
-6.316800E-5	4	0	
-6.272400E-5	4	0	
-6.253200E-5	4	0	
-6.226800E-5	4	0	
-6.273600E-5	4	0	
-6.244800E-5	4	0	
-6.237600E-5	4	0	
-6.146400E-5	4	0	
-5.712000E-5	4	0	
-5.829600E-5	4	0	
-6.194400E-5	4	0	
-6.243600E-5	4	0	
-6.204000E-5	4	0	
-6.224400E-5	4	0	
-6.273600E-5	4	0	
-6.364800E-5	4	0	
-6.316800E-5	4	0	
-6.279600E-5	4	0	
-5.001600E-5	4	0	
4.465200E-5	2	0	
6.406800E-5	2	0	
6.414000E-5	2	0	
6.441600E-5	2	0	
6.457200E-5	2	0	
6.426000E-5	2	0	
6.416400E-5	2	0	
6.452400E-5	2	0	
6.482400E-5	2	0	
6.487200E-5	2	0	
6.397200E-5	2	0	
6.436800E-5	2	0	
6.453600E-5	2	0	
6.482400E-5	2	0	
6.462000E-5	2	0	
6.446400E-5	2	0	
6.442800E-5	2	0	
6.435600E-5	2	0	
6.486000E-5	2	0	
6.492000E-5	2	0	
6.444000E-5	2	0	
6.409200E-5	2	0	
6.482400E-5	2	0	
6.495600E-5	2	0	
6.488400E-5	2	0	
6.424800E-5	2	0	
6.426000E-5	2	0	
6.489600E-5	2	0	
6.480000E-5	2	0	
6.490800E-5	2	0	
6.445200E-5	2	0	
6.417600E-5	2	0	
6.475200E-5	2	0	
6.507600E-5	2	0	
6.487200E-5	2	0	
6.418800E-5	2	0	
6.410400E-5	2	0	
6.476400E-5	2	0	
6.484800E-5	2	0	
6.464400E-5	2	0	
6.436800E-5	2	0	
6.454800E-5	2	0	
6.475200E-5	2	0	
6.495600E-5	2	0	
6.493200E-5	2	0	
6.433200E-5	2	0	
6.424800E-5	2	0	
6.470400E-5	2	0	
6.549600E-5	2	0	
6.475200E-5	2	0	
6.412800E-5	2	0	
6.458400E-5	2	0	
6.492000E-5	2	0	
6.522000E-5	2	0	
6.441600E-5	2	0	
6.456000E-5	2	0	
6.471600E-5	2	0	
6.504000E-5	2	0	
6.471600E-5	2	0	
6.490800E-5	2	0	
6.429600E-5	2	0	
6.451200E-5	2	0	
6.496800E-5	2	0	
6.520800E-5	2	0	
6.483600E-5	2	0	
6.406800E-5	2	0	
6.477600E-5	2	0	
6.489600E-5	2	0	
6.492000E-5	2	0	
6.466800E-5	2	0	
6.459600E-5	2	0	
6.452400E-5	2	0	
6.482400E-5	2	0	
6.518400E-5	2	0	
6.463200E-5	2	0	
6.423600E-5	2	0	
6.460800E-5	2	0	
6.518400E-5	2	0	
6.492000E-5	2	0	
9.062400E-5	3	0	
1.824120E-4	3	0	
1.921920E-4	3	0	
1.923720E-4	3	0	
1.920840E-4	3	0	
1.922520E-4	3	0	
1.917840E-4	3	0	
1.915560E-4	3	0	
1.912080E-4	3	0	
1.910400E-4	3	0	
1.866000E-4	3	0	
1.873920E-4	3	0	
1.911120E-4	3	0	
1.917360E-4	3	0	
1.923600E-4	3	0	
1.921440E-4	3	0	
1.923600E-4	3	0	
1.922400E-4	3	0	
1.926720E-4	3	0	
1.927680E-4	3	0	
1.797120E-4	3	0	
8.431200E-5	1	0	
6.493200E-5	1	0	
6.567600E-5	1	0	
6.543600E-5	1	0	
6.481200E-5	1	0	
6.471600E-5	1	0	
6.507600E-5	1	0	
6.540000E-5	1	0	
6.487200E-5	1	0	
6.505200E-5	1	0	
6.462000E-5	1	0	
6.475200E-5	1	0	
6.477600E-5	1	0	
6.523200E-5	1	0	
6.466800E-5	1	0	
6.438000E-5	1	0	
6.481200E-5	1	0	
6.514800E-5	1	0	
6.504000E-5	1	0	
6.430800E-5	1	0	
6.476400E-5	1	0	
6.475200E-5	1	0	
6.510000E-5	1	0	
6.493200E-5	1	0	
6.477600E-5	1	0	
6.424800E-5	1	0	
6.459600E-5	1	0	
6.511200E-5	1	0	
6.496800E-5	1	0	
6.451200E-5	1	0	
6.422400E-5	1	0	
6.469200E-5	1	0	
6.496800E-5	1	0	
6.470400E-5	1	0	
6.448800E-5	1	0	
6.468000E-5	1	0	
6.480000E-5	1	0	
6.470400E-5	1	0	
6.494400E-5	1	0	
6.483600E-5	1	0	
6.440400E-5	1	0	
6.442800E-5	1	0	
6.512400E-5	1	0	
6.489600E-5	1	0	
6.445200E-5	1	0	
6.442800E-5	1	0	
6.486000E-5	1	0	
6.510000E-5	1	0	
6.450000E-5	1	0	
6.472800E-5	1	0	
6.465600E-5	1	0	
6.451200E-5	1	0	
6.452400E-5	1	0	
6.507600E-5	1	0	
6.456000E-5	1	0	
6.422400E-5	1	0	
6.489600E-5	1	0	
6.501600E-5	1	0	
6.493200E-5	1	0	
6.424800E-5	1	0	
6.454800E-5	1	0	
6.490800E-5	1	0	
6.476400E-5	1	0	
6.501600E-5	1	0	
6.458400E-5	1	0	
6.457200E-5	1	0	
6.445200E-5	1	0	
6.510000E-5	1	0	
6.483600E-5	1	0	
6.421200E-5	1	0	
6.430800E-5	1	0	
6.472800E-5	1	0	
6.500400E-5	1	0	
6.429600E-5	1	0	
6.454800E-5	1	0	
6.459600E-5	1	0	
6.442800E-5	1	0	
6.470400E-5	1	0	
6.488400E-5	1	0	
3.823200E-5	4	0	
-5.385600E-5	4	0	
-6.286800E-5	4	0	
-6.242400E-5	4	0	
-6.250800E-5	4	0	
-6.316800E-5	4	0	
-6.285600E-5	4	0	
-6.238800E-5	4	0	
-6.171600E-5	4	0	
-6.130800E-5	4	0	
-5.768400E-5	4	0	
-5.900400E-5	4	0	
-6.157200E-5	4	0	
-6.187200E-5	4	0	
-6.195600E-5	4	0	
-6.314400E-5	4	0	
-6.328800E-5	4	0	
-6.274800E-5	4	0	
-6.279600E-5	4	0	
-6.312000E-5	4	0	
-5.046000E-5	4	0	
4.500000E-5	2	0	
6.488400E-5	2	0	
6.426000E-5	2	0	
6.463200E-5	2	0	
6.450000E-5	2	0	
6.429600E-5	2	0	
6.463200E-5	2	0	
6.511200E-5	2	0	
6.477600E-5	2	0	
6.416400E-5	2	0	
6.447600E-5	2	0	
6.523200E-5	2	0	
6.477600E-5	2	0	
6.465600E-5	2	0	
6.441600E-5	2	0	
6.472800E-5	2	0	
6.500400E-5	2	0	
6.487200E-5	2	0	
6.516000E-5	2	0	
6.451200E-5	2	0	
6.460800E-5	2	0	
6.494400E-5	2	0	
6.544800E-5	2	0	
6.477600E-5	2	0	
6.448800E-5	2	0	
6.447600E-5	2	0	
6.530400E-5	2	0	
6.535200E-5	2	0	
6.441600E-5	2	0	
6.465600E-5	2	0	
6.463200E-5	2	0	
6.532800E-5	2	0	
6.489600E-5	2	0	
6.487200E-5	2	0	
6.429600E-5	2	0	
6.475200E-5	2	0	
6.508800E-5	2	0	
6.529200E-5	2	0	
6.463200E-5	2	0	
6.433200E-5	2	0	
6.523200E-5	2	0	
6.520800E-5	2	0	
6.486000E-5	2	0	
6.430800E-5	2	0	
6.456000E-5	2	0	
6.495600E-5	2	0	
6.523200E-5	2	0	
6.514800E-5	2	0	
6.475200E-5	2	0	
6.423600E-5	2	0	
6.487200E-5	2	0	
6.511200E-5	2	0	
6.507600E-5	2	0	
6.435600E-5	2	0	
6.415200E-5	2	0	
6.543600E-5	2	0	
6.505200E-5	2	0	
6.469200E-5	2	0	
6.416400E-5	2	0	
6.476400E-5	2	0	
6.516000E-5	2	0	
6.477600E-5	2	0	
6.512400E-5	2	0	
6.444000E-5	2	0	
6.465600E-5	2	0	
6.507600E-5	2	0	
6.534000E-5	2	0	
6.471600E-5	2	0	
6.423600E-5	2	0	
6.448800E-5	2	0	
6.529200E-5	2	0	
6.498000E-5	2	0	
6.441600E-5	2	0	
6.439200E-5	2	0	
6.468000E-5	2	0	
6.524400E-5	2	0	
6.489600E-5	2	0	
6.465600E-5	2	0	
6.412800E-5	2	0	
9.100800E-5	3	0	
1.828320E-4	3	0	
1.926240E-4	3	0	
1.918200E-4	3	0	
1.915080E-4	3	0	
1.920240E-4	3	0	
1.926600E-4	3	0	
1.916640E-4	3	0	
1.906920E-4	3	0	
1.905240E-4	3	0	
1.869120E-4	3	0	
1.884120E-4	3	0	
1.908960E-4	3	0	
1.914240E-4	3	0	
1.917480E-4	3	0	
1.924440E-4	3	0	
1.926840E-4	3	0	
1.927440E-4	3	0	
1.921320E-4	3	0	
1.924440E-4	3	0	
1.798440E-4	3	0	
8.514000E-5	1	0	
6.505200E-5	1	0	
6.444000E-5	1	0	
6.493200E-5	1	0	
6.550800E-5	1	0	
6.534000E-5	1	0	
6.457200E-5	1	0	
6.466800E-5	1	0	
6.495600E-5	1	0	
6.513600E-5	1	0	
6.528000E-5	1	0	
6.469200E-5	1	0	
6.442800E-5	1	0	
6.476400E-5	1	0	
6.537600E-5	1	0	
6.518400E-5	1	0	
6.439200E-5	1	0	
6.454800E-5	1	0	
6.490800E-5	1	0	
6.537600E-5	1	0	
6.444000E-5	1	0	
6.452400E-5	1	0	
6.440400E-5	1	0	
6.492000E-5	1	0	
6.525600E-5	1	0	
6.518400E-5	1	0	
6.426000E-5	1	0	
6.450000E-5	1	0	
6.488400E-5	1	0	
6.534000E-5	1	0	
6.453600E-5	1	0	
6.440400E-5	1	0	
6.487200E-5	1	0	
6.498000E-5	1	0	
6.530400E-5	1	0	
6.447600E-5	1	0	
6.446400E-5	1	0	
6.445200E-5	1	0	
6.517200E-5	1	0	
6.496800E-5	1	0	
6.488400E-5	1	0	
6.424800E-5	1	0	
6.460800E-5	1	0	
6.511200E-5	1	0	
6.517200E-5	1	0	
6.440400E-5	1	0	
6.406800E-5	1	0	
6.487200E-5	1	0	
6.512400E-5	1	0	
6.487200E-5	1	0	
6.451200E-5	1	0	
6.434400E-5	1	0	
6.483600E-5	1	0	
6.496800E-5	1	0	
6.506400E-5	1	0	
6.432000E-5	1	0	
6.432000E-5	1	0	
6.463200E-5	1	0	
6.535200E-5	1	0	
6.507600E-5	1	0	
6.399600E-5	1	0	
6.414000E-5	1	0	
6.487200E-5	1	0	
6.512400E-5	1	0	
6.463200E-5	1	0	
6.442800E-5	1	0	
6.440400E-5	1	0	
6.492000E-5	1	0	
6.507600E-5	1	0	
6.484800E-5	1	0	
6.435600E-5	1	0	
6.435600E-5	1	0	
6.469200E-5	1	0	
6.514800E-5	1	0	
6.474000E-5	1	0	
6.408000E-5	1	0	
6.458400E-5	1	0	
6.490800E-5	1	0	
6.488400E-5	1	0	
3.816000E-5	4	0	
-5.334000E-5	4	0	
-6.292800E-5	4	0	
-6.241200E-5	4	0	
-6.244800E-5	4	0	
-6.240000E-5	4	0	
-6.298800E-5	4	0	
-6.248400E-5	4	0	
-6.153600E-5	4	0	
-6.094800E-5	4	0	
-5.744400E-5	4	0	
-5.898000E-5	4	0	
-6.146400E-5	4	0	
-6.175200E-5	4	0	
-6.216000E-5	4	0	
-6.316800E-5	4	0	
-6.314400E-5	4	0	
-6.298800E-5	4	0	
-6.289200E-5	4	0	
-6.286800E-5	4	0	
-5.064000E-5	4	0	
4.442400E-5	2	0	
6.433200E-5	2	0	
6.474000E-5	2	0	
6.423600E-5	2	0	
6.398400E-5	2	0	
6.394800E-5	2	0	
6.471600E-5	2	0	
6.493200E-5	2	0	
6.439200E-5	2	0	
6.416400E-5	2	0	
6.420000E-5	2	0	
6.471600E-5	2	0	
6.459600E-5	2	0	
6.480000E-5	2	0	
6.397200E-5	2	0	
6.422400E-5	2	0	
6.486000E-5	2	0	
6.511200E-5	2	0	
6.429600E-5	2	0	
6.409200E-5	2	0	
6.457200E-5	2	0	
6.484800E-5	2	0	
6.499200E-5	2	0	
6.432000E-5	2	0	
6.450000E-5	2	0	
6.417600E-5	2	0	
6.486000E-5	2	0	
6.516000E-5	2	0	
6.447600E-5	2	0	
6.416400E-5	2	0	
6.441600E-5	2	0	
6.522000E-5	2	0	
6.493200E-5	2	0	
6.464400E-5	2	0	
6.399600E-5	2	0	
6.458400E-5	2	0	
6.498000E-5	2	0	
6.513600E-5	2	0	
6.445200E-5	2	0	
6.446400E-5	2	0	
6.433200E-5	2	0	
6.487200E-5	2	0	
6.504000E-5	2	0	
6.458400E-5	2	0	
6.408000E-5	2	0	
6.450000E-5	2	0	
6.524400E-5	2	0	
6.494400E-5	2	0	
6.439200E-5	2	0	
6.438000E-5	2	0	
6.464400E-5	2	0	
6.501600E-5	2	0	
6.486000E-5	2	0	
6.469200E-5	2	0	
6.430800E-5	2	0	
6.477600E-5	2	0	
6.478800E-5	2	0	
6.504000E-5	2	0	
6.439200E-5	2	0	
6.382800E-5	2	0	
6.495600E-5	2	0	
6.492000E-5	2	0	
6.499200E-5	2	0	
6.433200E-5	2	0	
6.445200E-5	2	0	
6.483600E-5	2	0	
6.516000E-5	2	0	
6.464400E-5	2	0	
6.454800E-5	2	0	
6.418800E-5	2	0	
6.490800E-5	2	0	
6.535200E-5	2	0	
6.475200E-5	2	0	
6.408000E-5	2	0	
6.450000E-5	2	0	
6.520800E-5	2	0	
6.504000E-5	2	0	
6.470400E-5	2	0	
6.436800E-5	2	0	
9.080400E-5	3	0	
1.826040E-4	3	0	
1.925520E-4	3	0	
1.919640E-4	3	0	
1.918560E-4	3	0	
1.914720E-4	3	0	
1.922400E-4	3	0	
1.921920E-4	3	0	
1.911000E-4	3	0	
1.900080E-4	3	0	
1.867320E-4	3	0	
1.882800E-4	3	0	
1.911360E-4	3	0	
1.913880E-4	3	0	
1.917480E-4	3	0	
1.918920E-4	3	0	
1.924680E-4	3	0	
1.927560E-4	3	0	
1.927320E-4	3	0	
1.918680E-4	3	0	
1.795800E-4	3	0	
8.476800E-5	1	0	
6.553200E-5	1	0	
6.495600E-5	1	0	
6.454800E-5	1	0	
6.504000E-5	1	0	
6.520800E-5	1	0	
6.531600E-5	1	0	
6.450000E-5	1	0	
6.463200E-5	1	0	
6.474000E-5	1	0	
6.532800E-5	1	0	
6.494400E-5	1	0	
6.480000E-5	1	0	
6.433200E-5	1	0	
6.493200E-5	1	0	
6.534000E-5	1	0	
6.501600E-5	1	0	
6.459600E-5	1	0	
6.422400E-5	1	0	
6.493200E-5	1	0	
6.518400E-5	1	0	
6.454800E-5	1	0	
6.469200E-5	1	0	
6.428400E-5	1	0	
6.477600E-5	1	0	
6.492000E-5	1	0	
6.501600E-5	1	0	
6.440400E-5	1	0	
6.430800E-5	1	0	
6.465600E-5	1	0	
6.523200E-5	1	0	
6.469200E-5	1	0	
6.444000E-5	1	0	
6.454800E-5	1	0	
6.481200E-5	1	0	
6.501600E-5	1	0	
6.468000E-5	1	0	
6.471600E-5	1	0	
6.457200E-5	1	0	
6.453600E-5	1	0	
6.472800E-5	1	0	
6.501600E-5	1	0	
6.415200E-5	1	0	
6.445200E-5	1	0	
6.501600E-5	1	0	
6.506400E-5	1	0	
6.477600E-5	1	0	
6.416400E-5	1	0	
6.482400E-5	1	0	
6.481200E-5	1	0	
6.489600E-5	1	0	
6.472800E-5	1	0	
6.423600E-5	1	0	
6.459600E-5	1	0	
6.487200E-5	1	0	
6.508800E-5	1	0	
6.475200E-5	1	0	
6.430800E-5	1	0	
6.453600E-5	1	0	
6.512400E-5	1	0	
6.502800E-5	1	0	
6.435600E-5	1	0	
6.466800E-5	1	0	
6.453600E-5	1	0	
6.483600E-5	1	0	
6.483600E-5	1	0	
6.469200E-5	1	0	
6.442800E-5	1	0	
6.416400E-5	1	0	
6.478800E-5	1	0	
6.511200E-5	1	0	
6.451200E-5	1	0	
6.384000E-5	1	0	
6.469200E-5	1	0	
6.501600E-5	1	0	
6.492000E-5	1	0	
6.424800E-5	1	0	
6.448800E-5	1	0	
6.448800E-5	1	0	
3.858000E-5	4	0	
-5.319600E-5	4	0	
-6.261600E-5	4	0	
-6.310800E-5	4	0	
-6.308400E-5	4	0	
-6.214800E-5	4	0	
-6.223200E-5	4	0	
-6.258000E-5	4	0	
-6.259200E-5	4	0	
-6.138000E-5	4	0	
-5.719200E-5	4	0	
-5.864400E-5	4	0	
-6.159600E-5	4	0	
-6.237600E-5	4	0	
-6.247200E-5	4	0	
-6.253200E-5	4	0	
-6.268800E-5	4	0	
-6.296400E-5	4	0	
-6.356400E-5	4	0	
-6.330000E-5	4	0	
-4.980000E-5	4	0	
4.513200E-5	2	0	
6.394800E-5	2	0	
6.393600E-5	2	0	
6.440400E-5	2	0	
6.507600E-5	2	0	
6.452400E-5	2	0	
6.448800E-5	2	0	
6.405600E-5	2	0	
6.452400E-5	2	0	
6.490800E-5	2	0	
6.481200E-5	2	0	
6.426000E-5	2	0	
6.415200E-5	2	0	
6.475200E-5	2	0	
6.516000E-5	2	0	
6.465600E-5	2	0	
6.432000E-5	2	0	
6.460800E-5	2	0	
6.463200E-5	2	0	
6.494400E-5	2	0	
6.484800E-5	2	0	
6.451200E-5	2	0	
6.438000E-5	2	0	
6.492000E-5	2	0	
6.500400E-5	2	0	
6.482400E-5	2	0	
6.429600E-5	2	0	
6.418800E-5	2	0	
6.488400E-5	2	0	
6.505200E-5	2	0	
6.472800E-5	2	0	
6.423600E-5	2	0	
6.462000E-5	2	0	
6.476400E-5	2	0	
6.486000E-5	2	0	
6.453600E-5	2	0	
6.429600E-5	2	0	
6.420000E-5	2	0	
6.504000E-5	2	0	
6.529200E-5	2	0	
6.452400E-5	2	0	
6.398400E-5	2	0	
6.460800E-5	2	0	
6.516000E-5	2	0	
6.490800E-5	2	0	
6.453600E-5	2	0	
6.435600E-5	2	0	
6.465600E-5	2	0	
6.487200E-5	2	0	
6.501600E-5	2	0	
6.466800E-5	2	0	
6.411600E-5	2	0	
6.477600E-5	2	0	
6.502800E-5	2	0	
6.505200E-5	2	0	
6.442800E-5	2	0	
6.415200E-5	2	0	
6.495600E-5	2	0	
6.524400E-5	2	0	
6.480000E-5	2	0	
6.420000E-5	2	0	
6.429600E-5	2	0	
6.476400E-5	2	0	
6.524400E-5	2	0	
6.482400E-5	2	0	
6.435600E-5	2	0	
6.446400E-5	2	0	
6.483600E-5	2	0	
6.519600E-5	2	0	
6.508800E-5	2	0	
6.422400E-5	2	0	
6.430800E-5	2	0	
6.508800E-5	2	0	
6.518400E-5	2	0	
6.472800E-5	2	0	
6.426000E-5	2	0	
6.441600E-5	2	0	
6.498000E-5	2	0	
6.518400E-5	2	0	
9.106800E-5	3	0	
1.818720E-4	3	0	
1.920000E-4	3	0	
1.922520E-4	3	0	
1.927200E-4	3	0	
1.919160E-4	3	0	
1.915800E-4	3	0	
1.912800E-4	3	0	
1.916520E-4	3	0	
1.913280E-4	3	0	
1.864320E-4	3	0	
1.876200E-4	3	0	
1.909200E-4	3	0	
1.922400E-4	3	0	
1.924560E-4	3	0	
1.918680E-4	3	0	
1.922640E-4	3	0	
1.924080E-4	3	0	
1.929840E-4	3	0	
1.929000E-4	3	0	
1.794120E-4	3	0	
8.408400E-5	1	0	
6.502800E-5	1	0	
6.576000E-5	1	0	
6.549600E-5	1	0	
6.435600E-5	1	0	
6.462000E-5	1	0	
6.480000E-5	1	0	
6.556800E-5	1	0	
6.486000E-5	1	0	
6.474000E-5	1	0	
6.462000E-5	1	0	
6.495600E-5	1	0	
6.524400E-5	1	0	
6.475200E-5	1	0	
6.445200E-5	1	0	
6.412800E-5	1	0	
6.523200E-5	1	0	
6.513600E-5	1	0	
6.486000E-5	1	0	
6.435600E-5	1	0	
6.439200E-5	1	0	
6.500400E-5	1	0	
6.500400E-5	1	0	
6.492000E-5	1	0	
6.445200E-5	1	0	
6.451200E-5	1	0	
6.501600E-5	1	0	
6.513600E-5	1	0	
6.490800E-5	1	0	
6.436800E-5	1	0	
6.432000E-5	1	0	
6.492000E-5	1	0	
6.535200E-5	1	0	
6.440400E-5	1	0	
6.441600E-5	1	0	
6.456000E-5	1	0	
6.508800E-5	1	0	
6.489600E-5	1	0	
6.472800E-5	1	0	
6.409200E-5	1	0	
6.454800E-5	1	0	
6.510000E-5	1	0	
6.484800E-5	1	0	
6.471600E-5	1	0	
6.422400E-5	1	0	
6.465600E-5	1	0	
6.505200E-5	1	0	
6.508800E-5	1	0	
6.418800E-5	1	0	
6.433200E-5	1	0	
6.472800E-5	1	0	
6.526800E-5	1	0	
6.458400E-5	1	0	
6.428400E-5	1	0	
6.457200E-5	1	0	
6.470400E-5	1	0	
6.487200E-5	1	0	
6.486000E-5	1	0	
6.457200E-5	1	0	
6.422400E-5	1	0	
6.486000E-5	1	0	
6.514800E-5	1	0	
6.471600E-5	1	0	
6.409200E-5	1	0	
6.438000E-5	1	0	
6.501600E-5	1	0	
6.528000E-5	1	0	
6.464400E-5	1	0	
6.420000E-5	1	0	
6.414000E-5	1	0	
6.512400E-5	1	0	
6.493200E-5	1	0	
6.482400E-5	1	0	
6.386400E-5	1	0	
6.434400E-5	1	0	
6.519600E-5	1	0	
6.492000E-5	1	0	
6.434400E-5	1	0	
6.434400E-5	1	0	
3.837600E-5	4	0	
-5.274000E-5	4	0	
-6.253200E-5	4	0	
-6.262800E-5	4	0	
-6.336000E-5	4	0	
-6.222000E-5	4	0	
-6.274800E-5	4	0	
-6.174000E-5	4	0	
-6.231600E-5	4	0	
-6.187200E-5	4	0	
-5.715600E-5	4	0	
-5.809200E-5	4	0	
-6.112800E-5	4	0	
-6.282000E-5	4	0	
-6.285600E-5	4	0	
-6.258000E-5	4	0	
-6.235200E-5	4	0	
-6.297600E-5	4	0	
-6.354000E-5	4	0	
-6.337200E-5	4	0	
-5.019600E-5	4	0	
4.506000E-5	2	0	
6.512400E-5	2	0	
6.348000E-5	2	0	
6.369600E-5	2	0	
6.458400E-5	2	0	
6.470400E-5	2	0	
6.447600E-5	2	0	
6.433200E-5	2	0	
6.409200E-5	2	0	
6.453600E-5	2	0	
6.506400E-5	2	0	
6.409200E-5	2	0	
6.471600E-5	2	0	
6.384000E-5	2	0	
6.477600E-5	2	0	
6.484800E-5	2	0	
6.466800E-5	2	0	
6.409200E-5	2	0	
6.426000E-5	2	0	
6.507600E-5	2	0	
6.487200E-5	2	0	
6.426000E-5	2	0	
6.414000E-5	2	0	
6.478800E-5	2	0	
6.506400E-5	2	0	
6.468000E-5	2	0	
6.451200E-5	2	0	
6.453600E-5	2	0	
6.435600E-5	2	0	
6.498000E-5	2	0	
6.488400E-5	2	0	
6.463200E-5	2	0	
6.427200E-5	2	0	
6.448800E-5	2	0	
6.512400E-5	2	0	
6.522000E-5	2	0	
6.420000E-5	2	0	
6.462000E-5	2	0	
6.427200E-5	2	0	
6.516000E-5	2	0	
6.463200E-5	2	0	
6.453600E-5	2	0	
6.429600E-5	2	0	
6.460800E-5	2	0	
6.524400E-5	2	0	
6.457200E-5	2	0	
6.420000E-5	2	0	
6.429600E-5	2	0	
6.482400E-5	2	0	
6.504000E-5	2	0	
6.453600E-5	2	0	
6.438000E-5	2	0	
6.446400E-5	2	0	
6.486000E-5	2	0	
6.494400E-5	2	0	
6.489600E-5	2	0	
6.452400E-5	2	0	
6.439200E-5	2	0	
6.447600E-5	2	0	
6.517200E-5	2	0	
6.478800E-5	2	0	
6.390000E-5	2	0	
6.483600E-5	2	0	
6.462000E-5	2	0	
6.525600E-5	2	0	
6.421200E-5	2	0	
6.446400E-5	2	0	
6.462000E-5	2	0	
6.487200E-5	2	0	
6.477600E-5	2	0	
6.499200E-5	2	0	
6.426000E-5	2	0	
6.460800E-5	2	0	
6.499200E-5	2	0	
6.518400E-5	2	0	
6.442800E-5	2	0	
6.411600E-5	2	0	
6.480000E-5	2	0	
6.534000E-5	2	0	
9.108000E-5	3	0	
1.820040E-4	3	0	
1.917120E-4	3	0	
1.922160E-4	3	0	
1.922880E-4	3	0	
1.923600E-4	3	0	
1.914960E-4	3	0	
1.912080E-4	3	0	
1.915800E-4	3	0	
1.908600E-4	3	0	
1.870320E-4	3	0	
1.875840E-4	3	0	
1.903800E-4	3	0	
1.915800E-4	3	0	
1.926240E-4	3	0	
1.923960E-4	3	0	
1.918200E-4	3	0	
1.919760E-4	3	0	
1.926000E-4	3	0	
1.928520E-4	3	0	
1.801080E-4	3	0	
8.404800E-5	1	0	
6.478800E-5	1	0	
6.507600E-5	1	0	
6.570000E-5	1	0	
6.494400E-5	1	0	
6.433200E-5	1	0	
6.463200E-5	1	0	
6.522000E-5	1	0	
6.529200E-5	1	0	
6.472800E-5	1	0	
6.417600E-5	1	0	
6.483600E-5	1	0	
6.508800E-5	1	0	
6.490800E-5	1	0	
6.478800E-5	1	0	
6.438000E-5	1	0	
6.468000E-5	1	0	
6.514800E-5	1	0	
6.525600E-5	1	0	
6.456000E-5	1	0	
6.438000E-5	1	0	
6.477600E-5	1	0	
6.500400E-5	1	0	
6.502800E-5	1	0	
6.429600E-5	1	0	
6.459600E-5	1	0	
6.463200E-5	1	0	
6.512400E-5	1	0	
6.487200E-5	1	0	
6.476400E-5	1	0	
6.400800E-5	1	0	
6.464400E-5	1	0	
6.518400E-5	1	0	
6.494400E-5	1	0	
6.446400E-5	1	0	
6.420000E-5	1	0	
6.495600E-5	1	0	
6.508800E-5	1	0	
6.471600E-5	1	0	
6.433200E-5	1	0	
6.453600E-5	1	0	
6.471600E-5	1	0	
6.502800E-5	1	0	
6.487200E-5	1	0	
6.418800E-5	1	0	
6.424800E-5	1	0	
6.490800E-5	1	0	
6.517200E-5	1	0	
6.466800E-5	1	0	
6.418800E-5	1	0	
6.438000E-5	1	0	
6.522000E-5	1	0	
6.493200E-5	1	0	
6.448800E-5	1	0	
6.434400E-5	1	0	
6.462000E-5	1	0	
6.486000E-5	1	0	
6.499200E-5	1	0	
6.478800E-5	1	0	
6.411600E-5	1	0	
6.468000E-5	1	0	
6.470400E-5	1	0	
6.556800E-5	1	0	
6.432000E-5	1	0	
6.412800E-5	1	0	
6.432000E-5	1	0	
6.495600E-5	1	0	
6.528000E-5	1	0	
6.433200E-5	1	0	
6.418800E-5	1	0	
6.474000E-5	1	0	
6.505200E-5	1	0	
6.495600E-5	1	0	
6.446400E-5	1	0	
6.409200E-5	1	0	
6.456000E-5	1	0	
6.512400E-5	1	0	
6.471600E-5	1	0	
6.444000E-5	1	0	
3.780000E-5	4	0	
-5.301600E-5	4	0	
-6.241200E-5	4	0	
-6.270000E-5	4	0	
-6.276000E-5	4	0	
-6.314400E-5	4	0	
-6.253200E-5	4	0	
-6.194400E-5	4	0	
-6.164400E-5	4	0	
-6.141600E-5	4	0	
-5.782800E-5	4	0	
-5.822400E-5	4	0	
-6.102000E-5	4	0	
-6.223200E-5	4	0	
-6.295200E-5	4	0	
-6.303600E-5	4	0	
-6.276000E-5	4	0	
-6.248400E-5	4	0	
-6.330000E-5	4	0	
-6.344400E-5	4	0	
-5.065200E-5	4	0	
4.507200E-5	2	0	
6.447600E-5	2	0	
6.430800E-5	2	0	
6.402000E-5	2	0	
6.390000E-5	2	0	
6.454800E-5	2	0	
6.498000E-5	2	0	
6.447600E-5	2	0	
6.404400E-5	2	0	
6.412800E-5	2	0	
6.490800E-5	2	0	
6.481200E-5	2	0	
6.446400E-5	2	0	
6.451200E-5	2	0	
6.412800E-5	2	0	
6.487200E-5	2	0	
6.483600E-5	2	0	
6.475200E-5	2	0	
6.417600E-5	2	0	
6.428400E-5	2	0	
6.487200E-5	2	0	
6.504000E-5	2	0	
6.448800E-5	2	0	
6.414000E-5	2	0	
6.464400E-5	2	0	
6.487200E-5	2	0	
6.481200E-5	2	0	
6.472800E-5	2	0	
6.422400E-5	2	0	
6.452400E-5	2	0	
6.477600E-5	2	0	
6.488400E-5	2	0	
6.457200E-5	2	0	
6.417600E-5	2	0	
6.453600E-5	2	0	
6.512400E-5	2	0	
6.504000E-5	2	0	
6.417600E-5	2	0	
6.406800E-5	2	0	
6.474000E-5	2	0	
6.501600E-5	2	0	
6.501600E-5	2	0	
6.447600E-5	2	0	
6.441600E-5	2	0	
6.465600E-5	2	0	
6.489600E-5	2	0	
6.501600E-5	2	0	
6.451200E-5	2	0	
6.422400E-5	2	0	
6.492000E-5	2	0	
6.507600E-5	2	0	
6.463200E-5	2	0	
6.454800E-5	2	0	
6.440400E-5	2	0	
6.450000E-5	2	0	
6.510000E-5	2	0	
6.481200E-5	2	0	
6.464400E-5	2	0	
6.426000E-5	2	0	
6.456000E-5	2	0	
6.547200E-5	2	0	
6.476400E-5	2	0	
6.429600E-5	2	0	
6.439200E-5	2	0	
6.494400E-5	2	0	
6.507600E-5	2	0	
6.438000E-5	2	0	
6.448800E-5	2	0	
6.445200E-5	2	0	
6.486000E-5	2	0	
6.504000E-5	2	0	
6.478800E-5	2	0	
6.448800E-5	2	0	
6.447600E-5	2	0	
6.499200E-5	2	0	
6.520800E-5	2	0	
6.466800E-5	2	0	
6.411600E-5	2	0	
6.446400E-5	2	0	
9.136800E-5	3	0	
1.827840E-4	3	0	
1.918680E-4	3	0	
1.918800E-4	3	0	
1.918320E-4	3	0	
1.924320E-4	3	0	
1.921320E-4	3	0	
1.917480E-4	3	0	
1.907280E-4	3	0	
1.903440E-4	3	0	
1.868640E-4	3	0	
1.883280E-4	3	0	
1.909920E-4	3	0	
1.911600E-4	3	0	
1.920120E-4	3	0	
1.925880E-4	3	0	
1.926600E-4	3	0	
1.921800E-4	3	0	
1.920000E-4	3	0	
1.926000E-4	3	0	
1.800600E-4	3	0	
8.467200E-5	1	0	
6.512400E-5	1	0	
6.463200E-5	1	0	
6.498000E-5	1	0	
6.565200E-5	1	0	
6.520800E-5	1	0	
6.502800E-5	1	0	
6.426000E-5	1	0	
6.513600E-5	1	0	
6.541200E-5	1	0	
6.472800E-5	1	0	
6.489600E-5	1	0	
6.453600E-5	1	0	
6.492000E-5	1	0	
6.506400E-5	1	0	
6.496800E-5	1	0	
6.477600E-5	1	0	
6.422400E-5	1	0	
6.492000E-5	1	0	
6.538800E-5	1	0	
6.478800E-5	1	0	
6.433200E-5	1	0	
6.480000E-5	1	0	
6.478800E-5	1	0	
6.498000E-5	1	0	
6.478800E-5	1	0	
6.457200E-5	1	0	
6.416400E-5	1	0	
6.481200E-5	1	0	
6.504000E-5	1	0	
6.519600E-5	1	0	
6.426000E-5	1	0	
6.446400E-5	1	0	
6.494400E-5	1	0	
6.528000E-5	1	0	
6.477600E-5	1	0	
6.454800E-5	1	0	
6.446400E-5	1	0	
6.476400E-5	1	0	
6.502800E-5	1	0	
6.484800E-5	1	0	
6.445200E-5	1	0	
6.422400E-5	1	0	
6.496800E-5	1	0	
6.511200E-5	1	0	
6.496800E-5	1	0	
6.420000E-5	1	0	
6.454800E-5	1	0	
6.500400E-5	1	0	
6.512400E-5	1	0	
6.454800E-5	1	0	
6.450000E-5	1	0	
6.438000E-5	1	0	
6.505200E-5	1	0	
6.495600E-5	1	0	
6.458400E-5	1	0	
6.445200E-5	1	0	
6.433200E-5	1	0	
6.487200E-5	1	0	
6.548400E-5	1	0	
6.440400E-5	1	0	
6.415200E-5	1	0	
6.465600E-5	1	0	
6.518400E-5	1	0	
6.506400E-5	1	0	
6.444000E-5	1	0	
6.446400E-5	1	0	
6.451200E-5	1	0	
6.486000E-5	1	0	
6.478800E-5	1	0	
6.464400E-5	1	0	
6.446400E-5	1	0	
6.463200E-5	1	0	
6.512400E-5	1	0	
6.504000E-5	1	0	
6.434400E-5	1	0	
6.440400E-5	1	0	
6.468000E-5	1	0	
6.480000E-5	1	0	
3.868800E-5	4	0	
-5.341200E-5	4	0	
-6.303600E-5	4	0	
-6.266400E-5	4	0	
-6.224400E-5	4	0	
-6.234000E-5	4	0	
-6.250800E-5	4	0	
-6.282000E-5	4	0	
-6.204000E-5	4	0	
-6.066000E-5	4	0	
-5.689200E-5	4	0	
-5.880000E-5	4	0	
-6.153600E-5	4	0	
-6.216000E-5	4	0	
-6.219600E-5	4	0	
-6.256800E-5	4	0	
-6.276000E-5	4	0	
-6.330000E-5	4	0	
-6.303600E-5	4	0	
-6.274800E-5	4	0	
-4.982400E-5	4	0	
4.461600E-5	2	0	
6.393600E-5	2	0	
6.429600E-5	2	0	
6.463200E-5	2	0	
6.452400E-5	2	0	
6.411600E-5	2	0	
6.417600E-5	2	0	
6.432000E-5	2	0	
6.487200E-5	2	0	
6.451200E-5	2	0	
6.439200E-5	2	0	
6.423600E-5	2	0	
6.465600E-5	2	0	
6.480000E-5	2	0	
6.477600E-5	2	0	
6.441600E-5	2	0	
6.406800E-5	2	0	
6.478800E-5	2	0	
6.525600E-5	2	0	
6.446400E-5	2	0	
6.450000E-5	2	0	
6.433200E-5	2	0	
6.480000E-5	2	0	
6.501600E-5	2	0	
6.477600E-5	2	0	
6.432000E-5	2	0	
6.429600E-5	2	0	
6.494400E-5	2	0	
6.529200E-5	2	0	
6.458400E-5	2	0	
6.435600E-5	2	0	
6.454800E-5	2	0	
6.504000E-5	2	0	
6.481200E-5	2	0	
6.463200E-5	2	0	
6.453600E-5	2	0	
6.435600E-5	2	0	
6.477600E-5	2	0	
6.496800E-5	2	0	
6.481200E-5	2	0	
6.424800E-5	2	0	
6.453600E-5	2	0	
6.498000E-5	2	0	
6.518400E-5	2	0	
6.448800E-5	2	0	
6.424800E-5	2	0	
6.468000E-5	2	0	
6.477600E-5	2	0	
6.508800E-5	2	0	
6.457200E-5	2	0	
6.440400E-5	2	0	
6.453600E-5	2	0	
6.490800E-5	2	0	
6.502800E-5	2	0	
6.450000E-5	2	0	
6.453600E-5	2	0	
6.442800E-5	2	0	
6.500400E-5	2	0	
6.500400E-5	2	0	
6.447600E-5	2	0	
6.426000E-5	2	0	
6.458400E-5	2	0	
6.496800E-5	2	0	
6.512400E-5	2	0	
6.466800E-5	2	0	
6.430800E-5	2	0	
6.451200E-5	2	0	
6.499200E-5	2	0	
6.526800E-5	2	0	
6.448800E-5	2	0	
6.416400E-5	2	0	
6.478800E-5	2	0	
6.488400E-5	2	0	
6.494400E-5	2	0	
6.451200E-5	2	0	
6.445200E-5	2	0	
6.452400E-5	2	0	
6.523200E-5	2	0	
6.502800E-5	2	0	
9.062400E-5	3	0	
1.819680E-4	3	0	
1.921200E-4	3	0	
1.925040E-4	3	0	
1.924800E-4	3	0	
1.914120E-4	3	0	
1.914360E-4	3	0	
1.920000E-4	3	0	
1.916400E-4	3	0	
1.909560E-4	3	0	
1.859880E-4	3	0	
1.877040E-4	3	0	
1.912680E-4	3	0	
1.920240E-4	3	0	
1.924440E-4	3	0	
1.918080E-4	3	0	
1.921320E-4	3	0	
1.926840E-4	3	0	
1.929000E-4	3	0	
1.929600E-4	3	0	
1.791480E-4	3	0	
8.419200E-5	1	0	
6.528000E-5	1	0	
6.567600E-5	1	0	
6.536400E-5	1	0	
6.440400E-5	1	0	
6.501600E-5	1	0	
6.493200E-5	1	0	
6.518400E-5	1	0	
6.512400E-5	1	0	
6.414000E-5	1	0	
6.447600E-5	1	0	
6.496800E-5	1	0	
6.535200E-5	1	0	
6.494400E-5	1	0	
6.398400E-5	1	0	
6.502800E-5	1	0	
6.477600E-5	1	0	
6.481200E-5	1	0	
6.488400E-5	1	0	
6.417600E-5	1	0	
6.454800E-5	1	0	
6.492000E-5	1	0	
6.512400E-5	1	0	
6.495600E-5	1	0	
6.409200E-5	1	0	
6.471600E-5	1	0	
6.512400E-5	1	0	
6.495600E-5	1	0	
6.492000E-5	1	0	
6.397200E-5	1	0	
6.483600E-5	1	0	
6.506400E-5	1	0	
6.499200E-5	1	0	
6.452400E-5	1	0	
6.445200E-5	1	0	
6.458400E-5	1	0	
6.523200E-5	1	0	
6.478800E-5	1	0	
6.481200E-5	1	0	
6.402000E-5	1	0	
6.444000E-5	1	0	
6.536400E-5	1	0	
6.464400E-5	1	0	
6.439200E-5	1	0	
6.453600E-5	1	0	
6.460800E-5	1	0	
6.499200E-5	1	0	
6.499200E-5	1	0	
6.447600E-5	1	0	
6.421200E-5	1	0	
6.457200E-5	1	0	
6.506400E-5	1	0	
6.477600E-5	1	0	
6.477600E-5	1	0	
6.418800E-5	1	0	
6.482400E-5	1	0	
6.511200E-5	1	0	
6.481200E-5	1	0	
6.445200E-5	1	0	
6.422400E-5	1	0	
6.456000E-5	1	0	
6.526800E-5	1	0	
6.454800E-5	1	0	
6.444000E-5	1	0	
6.440400E-5	1	0	
6.459600E-5	1	0	
6.507600E-5	1	0	
6.484800E-5	1	0	
6.399600E-5	1	0	
6.403200E-5	1	0	
6.495600E-5	1	0	
6.508800E-5	1	0	
6.454800E-5	1	0	
6.447600E-5	1	0	
6.421200E-5	1	0	
6.489600E-5	1	0	
6.525600E-5	1	0	
6.463200E-5	1	0	
6.436800E-5	1	0	
3.822000E-5	4	0	
-5.299200E-5	4	0	
-6.250800E-5	4	0	
-6.267600E-5	4	0	
-6.302400E-5	4	0	
-6.298800E-5	4	0	
-6.214800E-5	4	0	
-6.174000E-5	4	0	
-6.201600E-5	4	0	
-6.175200E-5	4	0	
-5.764800E-5	4	0	
-5.824800E-5	4	0	
-6.129600E-5	4	0	
-6.223200E-5	4	0	
-6.259200E-5	4	0	
-6.291600E-5	4	0	
-6.283200E-5	4	0	
-6.252000E-5	4	0	
-6.350400E-5	4	0	
-6.355200E-5	4	0	
-5.048400E-5	4	0	
4.513200E-5	2	0	
6.477600E-5	2	0	
6.392400E-5	2	0	
6.397200E-5	2	0	
6.409200E-5	2	0	
6.489600E-5	2	0	
6.452400E-5	2	0	
6.445200E-5	2	0	
6.393600E-5	2	0	
6.444000E-5	2	0	
6.482400E-5	2	0	
6.487200E-5	2	0	
6.424800E-5	2	0	
6.441600E-5	2	0	
6.435600E-5	2	0	
6.476400E-5	2	0	
6.512400E-5	2	0	
6.417600E-5	2	0	
6.410400E-5	2	0	
6.468000E-5	2	0	
6.456000E-5	2	0	
6.483600E-5	2	0	
6.438000E-5	2	0	
6.442800E-5	2	0	
6.446400E-5	2	0	
6.502800E-5	2	0	
6.498000E-5	2	0	
6.415200E-5	2	0	
6.452400E-5	2	0	
6.454800E-5	2	0	
6.499200E-5	2	0	
6.482400E-5	2	0	
6.448800E-5	2	0	
6.416400E-5	2	0	
6.456000E-5	2	0	
6.514800E-5	2	0	
6.487200E-5	2	0	
6.444000E-5	2	0	
6.414000E-5	2	0	
6.464400E-5	2	0	
6.501600E-5	2	0	
6.492000E-5	2	0	
6.458400E-5	2	0	
6.428400E-5	2	0	
6.472800E-5	2	0	
6.493200E-5	2	0	
6.478800E-5	2	0	
6.432000E-5	2	0	
6.433200E-5	2	0	
6.475200E-5	2	0	
6.536400E-5	2	0	
6.488400E-5	2	0	
6.447600E-5	2	0	
6.435600E-5	2	0	
6.462000E-5	2	0	
6.532800E-5	2	0	
6.471600E-5	2	0	
6.447600E-5	2	0	
6.441600E-5	2	0	
6.480000E-5	2	0	
6.490800E-5	2	0	
6.510000E-5	2	0	
6.454800E-5	2	0	
6.427200E-5	2	0	
6.480000E-5	2	0	
6.501600E-5	2	0	
6.481200E-5	2	0	
6.433200E-5	2	0	
6.444000E-5	2	0	
6.471600E-5	2	0	
6.514800E-5	2	0	
6.468000E-5	2	0	
6.463200E-5	2	0	
6.432000E-5	2	0	
6.458400E-5	2	0	
6.517200E-5	2	0	
6.488400E-5	2	0	
6.434400E-5	2	0	
6.436800E-5	2	0	
9.100800E-5	3	0	
1.828920E-4	3	0	
1.922040E-4	3	0	
1.918320E-4	3	0	
1.918920E-4	3	0	
1.919760E-4	3	0	
1.921080E-4	3	0	
1.919520E-4	3	0	
1.910400E-4	3	0	
1.901400E-4	3	0	
1.866360E-4	3	0	
1.882320E-4	3	0	
1.909800E-4	3	0	
1.916760E-4	3	0	
1.912920E-4	3	0	
1.922040E-4	3	0	
1.927320E-4	3	0	
1.926360E-4	3	0	
1.925520E-4	3	0	
1.922160E-4	3	0	
1.797720E-4	3	0	
8.499600E-5	1	0	
6.523200E-5	1	0	
6.472800E-5	1	0	
6.469200E-5	1	0	
6.516000E-5	1	0	
6.549600E-5	1	0	
6.501600E-5	1	0	
6.459600E-5	1	0	
6.487200E-5	1	0	
6.489600E-5	1	0	
6.524400E-5	1	0	
6.486000E-5	1	0	
6.466800E-5	1	0	
6.448800E-5	1	0	
6.471600E-5	1	0	
6.517200E-5	1	0	
6.482400E-5	1	0	
6.439200E-5	1	0	
6.438000E-5	1	0	
6.480000E-5	1	0	
6.508800E-5	1	0	
6.481200E-5	1	0	
6.444000E-5	1	0	
6.453600E-5	1	0	
6.470400E-5	1	0	
6.524400E-5	1	0	
6.505200E-5	1	0	
6.432000E-5	1	0	
6.422400E-5	1	0	
6.478800E-5	1	0	
6.506400E-5	1	0	
6.496800E-5	1	0	
6.452400E-5	1	0	
6.442800E-5	1	0	
6.495600E-5	1	0	
6.523200E-5	1	0	
6.445200E-5	1	0	
6.465600E-5	1	0	
6.426000E-5	1	0	
6.488400E-5	1	0	
6.493200E-5	1	0	
6.493200E-5	1	0	
6.452400E-5	1	0	
6.428400E-5	1	0	
6.466800E-5	1	0	
6.508800E-5	1	0	
6.487200E-5	1	0	
6.442800E-5	1	0	
6.414000E-5	1	0	
6.492000E-5	1	0	
6.501600E-5	1	0	
6.499200E-5	1	0	
6.456000E-5	1	0	
6.408000E-5	1	0	
6.471600E-5	1	0	
6.517200E-5	1	0	
6.488400E-5	1	0	
6.417600E-5	1	0	
6.423600E-5	1	0	
6.482400E-5	1	0	
6.496800E-5	1	0	
6.483600E-5	1	0	
6.424800E-5	1	0	
6.434400E-5	1	0	
6.463200E-5	1	0	
6.482400E-5	1	0	
6.500400E-5	1	0	
6.416400E-5	1	0	
6.422400E-5	1	0	
6.469200E-5	1	0	
6.496800E-5	1	0	
6.495600E-5	1	0	
6.412800E-5	1	0	
6.448800E-5	1	0	
6.471600E-5	1	0	
6.490800E-5	1	0	
6.465600E-5	1	0	
6.432000E-5	1	0	
6.434400E-5	1	0	
3.831600E-5	4	0	
-5.268000E-5	4	0	
-6.266400E-5	4	0	
-6.294000E-5	4	0	
-6.291600E-5	4	0	
-6.264000E-5	4	0	
-6.204000E-5	4	0	
-6.210000E-5	4	0	
-6.244800E-5	4	0	
-6.129600E-5	4	0	
-5.707200E-5	4	0	
-5.818800E-5	4	0	
-6.134400E-5	4	0	
-6.243600E-5	4	0	
-6.282000E-5	4	0	
-6.249600E-5	4	0	
-6.264000E-5	4	0	
-6.300000E-5	4	0	
-6.337200E-5	4	0	
-6.352800E-5	4	0	
-5.006400E-5	4	0	
4.537200E-5	2	0	
6.421200E-5	2	0	
6.397200E-5	2	0	
6.393600E-5	2	0	
6.434400E-5	2	0	
6.464400E-5	2	0	
6.470400E-5	2	0	
6.405600E-5	2	0	
6.428400E-5	2	0	
6.464400E-5	2	0	
6.471600E-5	2	0	
6.464400E-5	2	0	
6.412800E-5	2	0	
6.433200E-5	2	0	
6.456000E-5	2	0	
6.478800E-5	2	0	
6.486000E-5	2	0	
6.435600E-5	2	0	
6.426000E-5	2	0	
6.463200E-5	2	0	
6.502800E-5	2	0	
6.466800E-5	2	0	
6.435600E-5	2	0	
6.430800E-5	2	0	
6.486000E-5	2	0	
6.513600E-5	2	0	
6.459600E-5	2	0	
6.434400E-5	2	0	
6.448800E-5	2	0	
6.505200E-5	2	0	
6.499200E-5	2	0	
6.486000E-5	2	0	
6.438000E-5	2	0	
6.451200E-5	2	0	
6.498000E-5	2	0	
6.522000E-5	2	0	
6.460800E-5	2	0	
6.451200E-5	2	0	
6.456000E-5	2	0	
6.501600E-5	2	0	
6.532800E-5	2	0	
6.459600E-5	2	0	
6.488400E-5	2	0	
6.446400E-5	2	0	
6.478800E-5	2	0	
6.508800E-5	2	0	
6.488400E-5	2	0	
6.418800E-5	2	0	
6.463200E-5	2	0	
6.520800E-5	2	0	
6.529200E-5	2	0	
6.463200E-5	2	0	
6.420000E-5	2	0	
6.482400E-5	2	0	
6.518400E-5	2	0	
6.506400E-5	2	0	
6.488400E-5	2	0	
6.478800E-5	2	0	
6.451200E-5	2	0	
6.488400E-5	2	0	
6.524400E-5	2	0	
6.482400E-5	2	0	
6.411600E-5	2	0	
6.487200E-5	2	0	
6.508800E-5	2	0	
6.465600E-5	2	0	
6.432000E-5	2	0	
6.458400E-5	2	0	
6.471600E-5	2	0	
6.496800E-5	2	0	
6.525600E-5	2	0	
6.486000E-5	2	0	
6.439200E-5	2	0	
6.451200E-5	2	0	
6.508800E-5	2	0	
6.511200E-5	2	0	
6.445200E-5	2	0	
6.428400E-5	2	0	
6.471600E-5	2	0	
9.122400E-5	3	0	
1.828200E-4	3	0	
1.917720E-4	3	0	
1.916040E-4	3	0	
1.923360E-4	3	0	
1.922640E-4	3	0	
1.922520E-4	3	0	
1.914840E-4	3	0	
1.910280E-4	3	0	
1.907160E-4	3	0	
1.872960E-4	3	0	
1.883520E-4	3	0	
1.903320E-4	3	0	
1.914360E-4	3	0	
1.921680E-4	3	0	
1.927560E-4	3	0	
1.923960E-4	3	0	
1.920360E-4	3	0	
1.922760E-4	3	0	
1.928400E-4	3	0	
1.800120E-4	3	0	
8.480400E-5	1	0	
6.475200E-5	1	0	
6.462000E-5	1	0	
6.540000E-5	1	0	
6.549600E-5	1	0	
6.506400E-5	1	0	
6.422400E-5	1	0	
6.472800E-5	1	0	
6.510000E-5	1	0	
6.529200E-5	1	0	
6.501600E-5	1	0	
6.434400E-5	1	0	
6.447600E-5	1	0	
6.501600E-5	1	0	
6.512400E-5	1	0	
6.520800E-5	1	0	
6.411600E-5	1	0	
6.459600E-5	1	0	
6.496800E-5	1	0	
6.517200E-5	1	0	
6.476400E-5	1	0	
6.417600E-5	1	0	
6.457200E-5	1	0	
6.510000E-5	1	0	
6.488400E-5	1	0	
6.476400E-5	1	0	
6.435600E-5	1	0	
6.480000E-5	1	0	
6.475200E-5	1	0	
6.514800E-5	1	0	
6.474000E-5	1	0	
6.404400E-5	1	0	
6.457200E-5	1	0	
6.505200E-5	1	0	
6.508800E-5	1	0	
6.464400E-5	1	0	
6.426000E-5	1	0	
6.442800E-5	1	0	
6.522000E-5	1	0	
6.504000E-5	1	0	
6.438000E-5	1	0	
6.428400E-5	1	0	
6.472800E-5	1	0	
6.502800E-5	1	0	
6.501600E-5	1	0	
6.448800E-5	1	0	
6.440400E-5	1	0	
6.482400E-5	1	0	
6.501600E-5	1	0	
6.481200E-5	1	0	
6.468000E-5	1	0	
6.414000E-5	1	0	
6.438000E-5	1	0	
6.510000E-5	1	0	
6.482400E-5	1	0	
6.459600E-5	1	0	
6.412800E-5	1	0	
6.450000E-5	1	0	
6.510000E-5	1	0	
6.492000E-5	1	0	
6.439200E-5	1	0	
6.420000E-5	1	0	
6.469200E-5	1	0	
6.528000E-5	1	0	
6.471600E-5	1	0	
6.456000E-5	1	0	
6.412800E-5	1	0	
6.496800E-5	1	0	
6.501600E-5	1	0	
6.493200E-5	1	0	
6.418800E-5	1	0	
6.435600E-5	1	0	
6.477600E-5	1	0	
6.526800E-5	1	0	
6.482400E-5	1	0	
6.386400E-5	1	0	
6.471600E-5	1	0	
6.498000E-5	1	0	
6.499200E-5	1	0	
3.864000E-5	4	0	
-5.334000E-5	4	0	
-6.318000E-5	4	0	
-6.250800E-5	4	0	
-6.222000E-5	4	0	
-6.244800E-5	4	0	
-6.295200E-5	4	0	
-6.268800E-5	4	0	
-6.154800E-5	4	0	
-6.123600E-5	4	0	
-5.731200E-5	4	0	
-5.907600E-5	4	0	
-6.151200E-5	4	0	
-6.189600E-5	4	0	
-6.226800E-5	4	0	
-6.252000E-5	4	0	
-6.330000E-5	4	0	
-6.313200E-5	4	0	
-6.276000E-5	4	0	
-6.291600E-5	4	0	
-5.006400E-5	4	0	
4.414800E-5	2	0	
6.423600E-5	2	0	
6.417600E-5	2	0	
6.465600E-5	2	0	
6.418800E-5	2	0	
6.384000E-5	2	0	
6.423600E-5	2	0	
6.481200E-5	2	0	
6.453600E-5	2	0	
6.446400E-5	2	0	
6.406800E-5	2	0	
6.428400E-5	2	0	
6.476400E-5	2	0	
6.512400E-5	2	0	
6.468000E-5	2	0	
6.411600E-5	2	0	
6.463200E-5	2	0	
6.477600E-5	2	0	
6.477600E-5	2	0	
6.430800E-5	2	0	
6.402000E-5	2	0	
6.442800E-5	2	0	
6.490800E-5	2	0	
6.454800E-5	2	0	
6.472800E-5	2	0	
6.412800E-5	2	0	
6.474000E-5	2	0	
6.472800E-5	2	0	
6.506400E-5	2	0	
6.445200E-5	2	0	
6.435600E-5	2	0	
6.453600E-5	2	0	
6.489600E-5	2	0	
6.480000E-5	2	0	
6.436800E-5	2	0	
6.422400E-5	2	0	
6.457200E-5	2	0	
6.490800E-5	2	0	
6.477600E-5	2	0	
6.468000E-5	2	0	
6.406800E-5	2	0	
6.445200E-5	2	0	
6.495600E-5	2	0	
6.475200E-5	2	0	
6.453600E-5	2	0	
6.410400E-5	2	0	
6.435600E-5	2	0	
6.507600E-5	2	0	
6.504000E-5	2	0	
6.442800E-5	2	0	
6.411600E-5	2	0	
6.481200E-5	2	0	
6.486000E-5	2	0	
6.498000E-5	2	0	
6.428400E-5	2	0	
6.424800E-5	2	0	
6.481200E-5	2	0	
6.492000E-5	2	0	
6.466800E-5	2	0	
6.463200E-5	2	0	
6.440400E-5	2	0	
6.451200E-5	2	0	
6.499200E-5	2	0	
6.502800E-5	2	0	
6.447600E-5	2	0	
6.390000E-5	2	0	
6.427200E-5	2	0	
6.487200E-5	2	0	
6.512400E-5	2	0	
6.450000E-5	2	0	
6.406800E-5	2	0	
6.442800E-5	2	0	
6.502800E-5	2	0	
6.478800E-5	2	0	
6.445200E-5	2	0	
6.439200E-5	2	0	
6.448800E-5	2	0	
6.471600E-5	2	0	
6.488400E-5	2	0	
9.098400E-5	3	0	
1.818840E-4	3	0	
1.919400E-4	3	0	
1.922040E-4	3	0	
1.921920E-4	3	0	
1.919640E-4	3	0	
1.913160E-4	3	0	
1.913160E-4	3	0	
1.914480E-4	3	0	
1.905120E-4	3	0	
1.868400E-4	3	0	
1.874760E-4	3	0	
1.905840E-4	3	0	
1.918320E-4	3	0	
1.922520E-4	3	0	
1.921080E-4	3	0	
1.918800E-4	3	0	
1.922280E-4	3	0	
1.928760E-4	3	0	
1.927920E-4	3	0	
1.791960E-4	3	0	
8.427600E-5	1	0	
6.486000E-5	1	0	
6.540000E-5	1	0	
6.525600E-5	1	0	
6.488400E-5	1	0	
6.432000E-5	1	0	
6.480000E-5	1	0	
6.504000E-5	1	0	
6.500400E-5	1	0	
6.460800E-5	1	0	
6.445200E-5	1	0	
6.465600E-5	1	0	
6.500400E-5	1	0	
6.489600E-5	1	0	
6.447600E-5	1	0	
6.428400E-5	1	0	
6.457200E-5	1	0	
6.474000E-5	1	0	
6.504000E-5	1	0	
6.447600E-5	1	0	
6.421200E-5	1	0	
6.421200E-5	1	0	
6.508800E-5	1	0	
6.484800E-5	1	0	
6.429600E-5	1	0	
6.408000E-5	1	0	
6.468000E-5	1	0	
6.489600E-5	1	0	
6.483600E-5	1	0	
6.451200E-5	1	0	
6.392400E-5	1	0	
6.430800E-5	1	0	
6.498000E-5	1	0	
6.482400E-5	1	0	
6.405600E-5	1	0	
6.398400E-5	1	0	
6.438000E-5	1	0	
6.500400E-5	1	0	
6.470400E-5	1	0	
6.432000E-5	1	0	
6.399600E-5	1	0	
6.451200E-5	1	0	
6.472800E-5	1	0	
6.495600E-5	1	0	
6.420000E-5	1	0	
6.399600E-5	1	0	
6.456000E-5	1	0	
6.500400E-5	1	0	
6.468000E-5	1	0	
6.381600E-5	1	0	
6.430800E-5	1	0	
6.469200E-5	1	0	
6.452400E-5	1	0	
6.462000E-5	1	0	
6.423600E-5	1	0	
6.399600E-5	1	0	
6.445200E-5	1	0	
6.495600E-5	1	0	
6.474000E-5	1	0	
6.421200E-5	1	0	
6.396000E-5	1	0	
6.472800E-5	1	0	
6.490800E-5	1	0	
6.481200E-5	1	0	
6.409200E-5	1	0	
6.450000E-5	1	0	
6.452400E-5	1	0	
6.500400E-5	1	0	
6.463200E-5	1	0	
6.428400E-5	1	0	
6.402000E-5	1	0	
6.486000E-5	1	0	
6.501600E-5	1	0	
6.496800E-5	1	0	
6.397200E-5	1	0	
6.410400E-5	1	0	
6.489600E-5	1	0	
6.487200E-5	1	0	
6.436800E-5	1	0	
3.768000E-5	4	0	
-5.362800E-5	4	0	
-6.253200E-5	4	0	
-6.246000E-5	4	0	
-6.297600E-5	4	0	
-6.340800E-5	4	0	
-6.289200E-5	4	0	
-6.199200E-5	4	0	
-6.171600E-5	4	0	
-6.144000E-5	4	0	
-5.808000E-5	4	0	
-5.889600E-5	4	0	
-6.130800E-5	4	0	
-6.189600E-5	4	0	
-6.280800E-5	4	0	
-6.326400E-5	4	0	
-6.315600E-5	4	0	
-6.253200E-5	4	0	
-6.320400E-5	4	0	
-6.340800E-5	4	0	
-5.133600E-5	4	0	
4.489200E-5	2	0	
6.465600E-5	2	0	
6.429600E-5	2	0	
6.388800E-5	2	0	
6.370800E-5	2	0	
6.439200E-5	2	0	
6.475200E-5	2	0	
6.457200E-5	2	0	
6.387600E-5	2	0	
6.385200E-5	2	0	
6.463200E-5	2	0	
6.498000E-5	2	0	
6.451200E-5	2	0	
6.391200E-5	2	0	
6.446400E-5	2	0	
6.436800E-5	2	0	
6.493200E-5	2	0	
6.494400E-5	2	0	
6.432000E-5	2	0	
6.410400E-5	2	0	
6.454800E-5	2	0	
6.496800E-5	2	0	
6.478800E-5	2	0	
6.422400E-5	2	0	
6.410400E-5	2	0	
6.495600E-5	2	0	
6.512400E-5	2	0	
6.464400E-5	2	0	
6.436800E-5	2	0	
6.430800E-5	2	0	
6.452400E-5	2	0	
6.529200E-5	2	0	
6.484800E-5	2	0	
6.412800E-5	2	0	
6.448800E-5	2	0	
6.469200E-5	2	0	
6.540000E-5	2	0	
6.483600E-5	2	0	
6.428400E-5	2	0	
6.439200E-5	2	0	
6.484800E-5	2	0	
6.501600E-5	2	0	
6.463200E-5	2	0	
6.453600E-5	2	0	
6.460800E-5	2	0	
6.508800E-5	2	0	
6.496800E-5	2	0	
6.471600E-5	2	0	
6.424800E-5	2	0	
6.448800E-5	2	0	
6.494400E-5	2	0	
6.513600E-5	2	0	
6.453600E-5	2	0	
6.411600E-5	2	0	
6.472800E-5	2	0	
6.490800E-5	2	0	
6.488400E-5	2	0	
6.471600E-5	2	0	
6.418800E-5	2	0	
6.423600E-5	2	0	
6.514800E-5	2	0	
6.522000E-5	2	0	
6.433200E-5	2	0	
6.433200E-5	2	0	
6.450000E-5	2	0	
6.493200E-5	2	0	
6.504000E-5	2	0	
6.427200E-5	2	0	
6.411600E-5	2	0	
6.464400E-5	2	0	
6.487200E-5	2	0	
6.507600E-5	2	0	
6.447600E-5	2	0	
6.414000E-5	2	0	
6.453600E-5	2	0	
6.507600E-5	2	0	
6.518400E-5	2	0	
6.412800E-5	2	0	
6.421200E-5	2	0	
9.069600E-5	3	0	
1.832040E-4	3	0	
1.922040E-4	3	0	
1.915680E-4	3	0	
1.915080E-4	3	0	
1.920600E-4	3	0	
1.920240E-4	3	0	
1.920000E-4	3	0	
1.911000E-4	3	0	
1.898880E-4	3	0	
1.868040E-4	3	0	
1.882080E-4	3	0	
1.911720E-4	3	0	
1.911120E-4	3	0	
1.916280E-4	3	0	
1.922400E-4	3	0	
1.927680E-4	3	0	
1.925640E-4	3	0	
1.920000E-4	3	0	
1.921320E-4	3	0	
1.794840E-4	3	0	
8.499600E-5	1	0	
