start date: 	2016-02-19
start time: 	15.56.29
stop date: 	2016-02-19
stop time: 	15.58.59
com rel. humid (%):	35.2
com temp (°C):	26.07
cn temp (°C):	27.00
nv temp (°C):	31.37
remarks: 	
R1 Info: 	QHR
R2 Info: 	1445
data filepath: 	C:\MagniconData\CCCViewerData\cccviewer_measure\2016-02-19_CCC\160219_029_1556.txt
config filepath: 	C:\MagniconData\CCCViewerData\cccviewer_measure\2016-02-19_CCC\160219_029_1556_cccdrive.cfg
time base (Hz): 	60
integration time (time base multiples):	3
number of samples per half cycle: 	100
ignored first samples: 	50
ignored last samples: 	0
amplifier gain: 	10000
delta N1/NA (mTurns): 	-41.137695312
delta (I2*R2) (V): 	3.0000

data(V)	phase	error
6.676800E-5	1	0	
6.637200E-5	1	0	
6.646800E-5	1	0	
6.638400E-5	1	0	
6.646800E-5	1	0	
6.644400E-5	1	0	
6.624000E-5	1	0	
6.672000E-5	1	0	
6.604800E-5	1	0	
6.643200E-5	1	0	
6.630000E-5	1	0	
6.630000E-5	1	0	
6.608400E-5	1	0	
6.649200E-5	1	0	
6.636000E-5	1	0	
6.624000E-5	1	0	
6.607200E-5	1	0	
6.648000E-5	1	0	
6.634800E-5	1	0	
6.620400E-5	1	0	
6.640800E-5	1	0	
6.615600E-5	1	0	
6.622800E-5	1	0	
6.616800E-5	1	0	
6.620400E-5	1	0	
6.625200E-5	1	0	
6.627600E-5	1	0	
6.631200E-5	1	0	
6.658800E-5	1	0	
6.620400E-5	1	0	
6.620400E-5	1	0	
6.630000E-5	1	0	
6.613200E-5	1	0	
6.609600E-5	1	0	
6.631200E-5	1	0	
6.612000E-5	1	0	
6.634800E-5	1	0	
6.616800E-5	1	0	
6.618000E-5	1	0	
6.644400E-5	1	0	
6.614400E-5	1	0	
6.666000E-5	1	0	
6.602400E-5	1	0	
6.642000E-5	1	0	
6.637200E-5	1	0	
6.628800E-5	1	0	
6.602400E-5	1	0	
6.654000E-5	1	0	
6.618000E-5	1	0	
6.625200E-5	1	0	
6.615600E-5	1	0	
6.637200E-5	1	0	
6.634800E-5	1	0	
6.628800E-5	1	0	
6.633600E-5	1	0	
6.632400E-5	1	0	
6.631200E-5	1	0	
6.634800E-5	1	0	
6.625200E-5	1	0	
6.657600E-5	1	0	
6.631200E-5	1	0	
6.613200E-5	1	0	
6.615600E-5	1	0	
6.632400E-5	1	0	
6.640800E-5	1	0	
6.620400E-5	1	0	
6.631200E-5	1	0	
6.624000E-5	1	0	
6.630000E-5	1	0	
6.652800E-5	1	0	
6.627600E-5	1	0	
6.633600E-5	1	0	
6.637200E-5	1	0	
6.619200E-5	1	0	
6.633600E-5	1	0	
6.632400E-5	1	0	
6.616800E-5	1	0	
6.639600E-5	1	0	
6.615600E-5	1	0	
6.643200E-5	1	0	
6.612000E-5	1	0	
6.645600E-5	1	0	
6.631200E-5	1	0	
6.631200E-5	1	0	
6.609600E-5	1	0	
6.636000E-5	1	0	
6.619200E-5	1	0	
4.029600E-5	4	0	
-5.139600E-5	4	0	
-6.108000E-5	4	0	
-6.079200E-5	4	0	
-6.063600E-5	4	0	
-6.070800E-5	4	0	
-6.096000E-5	4	0	
-6.048000E-5	4	0	
-6.026400E-5	4	0	
-5.948400E-5	4	0	
-5.493600E-5	4	0	
-5.617200E-5	4	0	
-5.959200E-5	4	0	
-6.027600E-5	4	0	
-6.067200E-5	4	0	
-6.120000E-5	4	0	
-6.099600E-5	4	0	
-6.124800E-5	4	0	
-6.124800E-5	4	0	
-6.121200E-5	4	0	
-4.833600E-5	4	0	
4.630800E-5	2	0	
6.609600E-5	2	0	
6.572400E-5	2	0	
6.585600E-5	2	0	
6.604800E-5	2	0	
6.607200E-5	2	0	
6.602400E-5	2	0	
6.613200E-5	2	0	
6.614400E-5	2	0	
6.592800E-5	2	0	
6.614400E-5	2	0	
6.624000E-5	2	0	
6.619200E-5	2	0	
6.616800E-5	2	0	
6.622800E-5	2	0	
6.613200E-5	2	0	
6.636000E-5	2	0	
6.626400E-5	2	0	
6.640800E-5	2	0	
6.613200E-5	2	0	
6.603600E-5	2	0	
6.646800E-5	2	0	
6.646800E-5	2	0	
6.615600E-5	2	0	
6.613200E-5	2	0	
6.637200E-5	2	0	
6.633600E-5	2	0	
6.622800E-5	2	0	
6.625200E-5	2	0	
6.639600E-5	2	0	
6.631200E-5	2	0	
6.638400E-5	2	0	
6.613200E-5	2	0	
6.675600E-5	2	0	
6.602400E-5	2	0	
6.649200E-5	2	0	
6.616800E-5	2	0	
6.636000E-5	2	0	
6.643200E-5	2	0	
6.626400E-5	2	0	
6.624000E-5	2	0	
6.639600E-5	2	0	
6.634800E-5	2	0	
6.625200E-5	2	0	
6.654000E-5	2	0	
6.613200E-5	2	0	
6.669600E-5	2	0	
6.614400E-5	2	0	
6.649200E-5	2	0	
6.614400E-5	2	0	
6.643200E-5	2	0	
6.632400E-5	2	0	
6.642000E-5	2	0	
6.628800E-5	2	0	
6.632400E-5	2	0	
6.613200E-5	2	0	
6.626400E-5	2	0	
6.652800E-5	2	0	
6.624000E-5	2	0	
6.636000E-5	2	0	
6.625200E-5	2	0	
6.649200E-5	2	0	
6.631200E-5	2	0	
6.648000E-5	2	0	
6.624000E-5	2	0	
6.654000E-5	2	0	
6.619200E-5	2	0	
6.667200E-5	2	0	
6.638400E-5	2	0	
6.652800E-5	2	0	
6.630000E-5	2	0	
6.652800E-5	2	0	
6.638400E-5	2	0	
6.628800E-5	2	0	
6.637200E-5	2	0	
6.631200E-5	2	0	
6.633600E-5	2	0	
6.630000E-5	2	0	
6.663600E-5	2	0	
9.270000E-5	3	0	
1.837800E-4	3	0	
1.935600E-4	3	0	
1.933800E-4	3	0	
1.935960E-4	3	0	
1.934160E-4	3	0	
1.933320E-4	3	0	
1.930920E-4	3	0	
1.925760E-4	3	0	
1.919400E-4	3	0	
1.878720E-4	3	0	
1.889880E-4	3	0	
1.922760E-4	3	0	
1.931040E-4	3	0	
1.934520E-4	3	0	
1.938720E-4	3	0	
1.936920E-4	3	0	
1.940160E-4	3	0	
1.939440E-4	3	0	
1.941720E-4	3	0	
1.811880E-4	3	0	
8.636400E-5	1	0	
6.681600E-5	1	0	
6.709200E-5	1	0	
6.685200E-5	1	0	
6.666000E-5	1	0	
6.680400E-5	1	0	
6.663600E-5	1	0	
6.702000E-5	1	0	
6.676800E-5	1	0	
6.650400E-5	1	0	
6.642000E-5	1	0	
6.681600E-5	1	0	
6.650400E-5	1	0	
6.664800E-5	1	0	
6.685200E-5	1	0	
6.668400E-5	1	0	
6.649200E-5	1	0	
6.657600E-5	1	0	
6.644400E-5	1	0	
6.667200E-5	1	0	
6.662400E-5	1	0	
6.669600E-5	1	0	
6.630000E-5	1	0	
6.663600E-5	1	0	
6.666000E-5	1	0	
6.630000E-5	1	0	
6.675600E-5	1	0	
6.648000E-5	1	0	
6.660000E-5	1	0	
6.668400E-5	1	0	
6.622800E-5	1	0	
6.661200E-5	1	0	
6.662400E-5	1	0	
6.638400E-5	1	0	
6.672000E-5	1	0	
6.640800E-5	1	0	
6.664800E-5	1	0	
6.636000E-5	1	0	
6.670800E-5	1	0	
6.651600E-5	1	0	
6.644400E-5	1	0	
6.654000E-5	1	0	
6.667200E-5	1	0	
6.648000E-5	1	0	
6.670800E-5	1	0	
6.651600E-5	1	0	
6.655200E-5	1	0	
6.649200E-5	1	0	
6.657600E-5	1	0	
6.658800E-5	1	0	
6.664800E-5	1	0	
6.645600E-5	1	0	
6.655200E-5	1	0	
6.654000E-5	1	0	
6.672000E-5	1	0	
6.642000E-5	1	0	
6.643200E-5	1	0	
6.654000E-5	1	0	
6.643200E-5	1	0	
6.650400E-5	1	0	
6.669600E-5	1	0	
6.650400E-5	1	0	
6.626400E-5	1	0	
6.670800E-5	1	0	
6.643200E-5	1	0	
6.664800E-5	1	0	
6.643200E-5	1	0	
6.651600E-5	1	0	
6.642000E-5	1	0	
6.664800E-5	1	0	
6.639600E-5	1	0	
6.669600E-5	1	0	
6.639600E-5	1	0	
6.652800E-5	1	0	
6.649200E-5	1	0	
6.662400E-5	1	0	
6.630000E-5	1	0	
6.688800E-5	1	0	
6.636000E-5	1	0	
4.050000E-5	4	0	
-5.112000E-5	4	0	
-6.070800E-5	4	0	
-6.054000E-5	4	0	
-6.062400E-5	4	0	
-6.040800E-5	4	0	
-6.148800E-5	4	0	
-6.001200E-5	4	0	
-6.013200E-5	4	0	
-5.902800E-5	4	0	
-5.496000E-5	4	0	
-5.581200E-5	4	0	
-5.942400E-5	4	0	
-5.985600E-5	4	0	
-6.024000E-5	4	0	
-6.054000E-5	4	0	
-6.103200E-5	4	0	
-6.076800E-5	4	0	
-6.096000E-5	4	0	
-6.117600E-5	4	0	
-4.830000E-5	4	0	
4.678800E-5	2	0	
6.604800E-5	2	0	
6.583200E-5	2	0	
6.618000E-5	2	0	
6.628800E-5	2	0	
6.606000E-5	2	0	
6.627600E-5	2	0	
6.640800E-5	2	0	
6.620400E-5	2	0	
6.630000E-5	2	0	
6.645600E-5	2	0	
6.627600E-5	2	0	
6.666000E-5	2	0	
6.594000E-5	2	0	
6.633600E-5	2	0	
6.660000E-5	2	0	
6.648000E-5	2	0	
6.644400E-5	2	0	
6.631200E-5	2	0	
6.660000E-5	2	0	
6.651600E-5	2	0	
6.619200E-5	2	0	
6.649200E-5	2	0	
6.657600E-5	2	0	
6.658800E-5	2	0	
6.627600E-5	2	0	
6.654000E-5	2	0	
6.646800E-5	2	0	
6.640800E-5	2	0	
6.646800E-5	2	0	
6.645600E-5	2	0	
6.651600E-5	2	0	
6.660000E-5	2	0	
6.660000E-5	2	0	
6.656400E-5	2	0	
6.654000E-5	2	0	
6.674400E-5	2	0	
6.634800E-5	2	0	
6.660000E-5	2	0	
6.652800E-5	2	0	
6.626400E-5	2	0	
6.648000E-5	2	0	
6.658800E-5	2	0	
6.650400E-5	2	0	
6.663600E-5	2	0	
6.651600E-5	2	0	
6.639600E-5	2	0	
6.682800E-5	2	0	
6.646800E-5	2	0	
6.654000E-5	2	0	
6.633600E-5	2	0	
6.667200E-5	2	0	
6.670800E-5	2	0	
6.657600E-5	2	0	
6.644400E-5	2	0	
6.668400E-5	2	0	
6.652800E-5	2	0	
6.666000E-5	2	0	
6.640800E-5	2	0	
6.675600E-5	2	0	
6.651600E-5	2	0	
6.666000E-5	2	0	
6.672000E-5	2	0	
6.638400E-5	2	0	
6.666000E-5	2	0	
6.656400E-5	2	0	
6.674400E-5	2	0	
6.645600E-5	2	0	
6.687600E-5	2	0	
6.638400E-5	2	0	
6.657600E-5	2	0	
6.646800E-5	2	0	
6.680400E-5	2	0	
6.667200E-5	2	0	
6.680400E-5	2	0	
6.658800E-5	2	0	
6.658800E-5	2	0	
6.675600E-5	2	0	
6.687600E-5	2	0	
9.253200E-5	3	0	
1.841280E-4	3	0	
1.937400E-4	3	0	
1.938600E-4	3	0	
1.934640E-4	3	0	
1.940880E-4	3	0	
1.933200E-4	3	0	
1.934640E-4	3	0	
1.927920E-4	3	0	
1.920000E-4	3	0	
1.878600E-4	3	0	
1.892880E-4	3	0	
1.928640E-4	3	0	
1.932960E-4	3	0	
1.937880E-4	3	0	
1.936680E-4	3	0	
1.943400E-4	3	0	
1.940640E-4	3	0	
1.942080E-4	3	0	
1.944720E-4	3	0	
1.815240E-4	3	0	
8.638800E-5	1	0	
6.728400E-5	1	0	
6.721200E-5	1	0	
6.705600E-5	1	0	
6.717600E-5	1	0	
6.699600E-5	1	0	
6.674400E-5	1	0	
6.703200E-5	1	0	
6.706800E-5	1	0	
6.668400E-5	1	0	
6.706800E-5	1	0	
6.688800E-5	1	0	
6.687600E-5	1	0	
6.694800E-5	1	0	
6.679200E-5	1	0	
6.680400E-5	1	0	
6.676800E-5	1	0	
6.645600E-5	1	0	
6.696000E-5	1	0	
6.686400E-5	1	0	
6.680400E-5	1	0	
6.667200E-5	1	0	
6.690000E-5	1	0	
6.674400E-5	1	0	
6.674400E-5	1	0	
6.667200E-5	1	0	
6.700800E-5	1	0	
6.656400E-5	1	0	
6.694800E-5	1	0	
6.655200E-5	1	0	
6.700800E-5	1	0	
6.632400E-5	1	0	
6.687600E-5	1	0	
6.663600E-5	1	0	
6.705600E-5	1	0	
6.657600E-5	1	0	
6.670800E-5	1	0	
6.661200E-5	1	0	
6.693600E-5	1	0	
6.661200E-5	1	0	
6.674400E-5	1	0	
6.686400E-5	1	0	
6.679200E-5	1	0	
6.633600E-5	1	0	
6.687600E-5	1	0	
6.637200E-5	1	0	
6.694800E-5	1	0	
6.681600E-5	1	0	
6.686400E-5	1	0	
6.681600E-5	1	0	
6.685200E-5	1	0	
6.686400E-5	1	0	
6.652800E-5	1	0	
6.680400E-5	1	0	
6.663600E-5	1	0	
6.614400E-5	1	0	
6.686400E-5	1	0	
6.682800E-5	1	0	
6.656400E-5	1	0	
6.660000E-5	1	0	
6.676800E-5	1	0	
6.668400E-5	1	0	
6.678000E-5	1	0	
6.666000E-5	1	0	
6.685200E-5	1	0	
6.632400E-5	1	0	
6.676800E-5	1	0	
6.646800E-5	1	0	
6.651600E-5	1	0	
6.687600E-5	1	0	
6.681600E-5	1	0	
6.642000E-5	1	0	
6.672000E-5	1	0	
6.660000E-5	1	0	
6.670800E-5	1	0	
6.661200E-5	1	0	
6.669600E-5	1	0	
6.666000E-5	1	0	
6.679200E-5	1	0	
4.044000E-5	4	0	
-5.082000E-5	4	0	
-6.058800E-5	4	0	
-6.026400E-5	4	0	
-6.045600E-5	4	0	
-6.030000E-5	4	0	
-6.015600E-5	4	0	
-6.010800E-5	4	0	
-5.972400E-5	4	0	
-5.894400E-5	4	0	
-5.443200E-5	4	0	
-5.582400E-5	4	0	
-5.922000E-5	4	0	
-5.984400E-5	4	0	
-6.033600E-5	4	0	
-6.069600E-5	4	0	
-6.042000E-5	4	0	
-6.115200E-5	4	0	
-6.084000E-5	4	0	
-6.111600E-5	4	0	
-4.809600E-5	4	0	
4.660800E-5	2	0	
6.640800E-5	2	0	
6.613200E-5	2	0	
6.609600E-5	2	0	
6.632400E-5	2	0	
6.668400E-5	2	0	
6.686400E-5	2	0	
6.607200E-5	2	0	
6.680400E-5	2	0	
6.640800E-5	2	0	
6.645600E-5	2	0	
6.644400E-5	2	0	
6.660000E-5	2	0	
6.633600E-5	2	0	
6.682800E-5	2	0	
6.645600E-5	2	0	
6.685200E-5	2	0	
6.624000E-5	2	0	
6.667200E-5	2	0	
6.667200E-5	2	0	
6.664800E-5	2	0	
6.657600E-5	2	0	
6.664800E-5	2	0	
6.668400E-5	2	0	
6.667200E-5	2	0	
6.654000E-5	2	0	
6.682800E-5	2	0	
6.651600E-5	2	0	
6.670800E-5	2	0	
6.644400E-5	2	0	
6.687600E-5	2	0	
6.670800E-5	2	0	
6.663600E-5	2	0	
6.672000E-5	2	0	
6.678000E-5	2	0	
6.644400E-5	2	0	
6.676800E-5	2	0	
6.645600E-5	2	0	
6.685200E-5	2	0	
6.657600E-5	2	0	
6.649200E-5	2	0	
6.679200E-5	2	0	
6.664800E-5	2	0	
6.660000E-5	2	0	
6.687600E-5	2	0	
6.676800E-5	2	0	
6.657600E-5	2	0	
6.672000E-5	2	0	
6.668400E-5	2	0	
6.649200E-5	2	0	
6.675600E-5	2	0	
6.654000E-5	2	0	
6.674400E-5	2	0	
6.660000E-5	2	0	
6.651600E-5	2	0	
6.673200E-5	2	0	
6.667200E-5	2	0	
6.650400E-5	2	0	
6.686400E-5	2	0	
6.656400E-5	2	0	
6.654000E-5	2	0	
6.663600E-5	2	0	
6.734400E-5	2	0	
6.672000E-5	2	0	
6.680400E-5	2	0	
6.680400E-5	2	0	
6.657600E-5	2	0	
6.664800E-5	2	0	
6.697200E-5	2	0	
6.668400E-5	2	0	
6.672000E-5	2	0	
6.664800E-5	2	0	
6.675600E-5	2	0	
6.662400E-5	2	0	
6.662400E-5	2	0	
6.712800E-5	2	0	
6.650400E-5	2	0	
6.705600E-5	2	0	
6.697200E-5	2	0	
9.304800E-5	3	0	
1.843320E-4	3	0	
1.941000E-4	3	0	
1.935000E-4	3	0	
1.941840E-4	3	0	
1.935840E-4	3	0	
1.938600E-4	3	0	
1.933680E-4	3	0	
1.932720E-4	3	0	
1.919640E-4	3	0	
1.882080E-4	3	0	
1.891680E-4	3	0	
1.929720E-4	3	0	
1.933320E-4	3	0	
1.938960E-4	3	0	
1.939800E-4	3	0	
1.941360E-4	3	0	
1.943880E-4	3	0	
1.941960E-4	3	0	
1.943160E-4	3	0	
1.813920E-4	3	0	
8.643600E-5	1	0	
6.698400E-5	1	0	
6.718800E-5	1	0	
6.732000E-5	1	0	
6.712800E-5	1	0	
6.688800E-5	1	0	
6.710400E-5	1	0	
6.669600E-5	1	0	
6.698400E-5	1	0	
6.684000E-5	1	0	
6.686400E-5	1	0	
6.687600E-5	1	0	
6.690000E-5	1	0	
6.669600E-5	1	0	
6.714000E-5	1	0	
6.691200E-5	1	0	
6.682800E-5	1	0	
6.686400E-5	1	0	
6.692400E-5	1	0	
6.675600E-5	1	0	
6.700800E-5	1	0	
6.699600E-5	1	0	
6.687600E-5	1	0	
6.705600E-5	1	0	
6.680400E-5	1	0	
6.703200E-5	1	0	
6.670800E-5	1	0	
6.702000E-5	1	0	
6.686400E-5	1	0	
6.704400E-5	1	0	
6.669600E-5	1	0	
6.694800E-5	1	0	
6.693600E-5	1	0	
6.664800E-5	1	0	
6.661200E-5	1	0	
6.723600E-5	1	0	
6.651600E-5	1	0	
6.688800E-5	1	0	
6.673200E-5	1	0	
6.703200E-5	1	0	
6.657600E-5	1	0	
6.693600E-5	1	0	
6.670800E-5	1	0	
6.679200E-5	1	0	
6.672000E-5	1	0	
6.661200E-5	1	0	
6.667200E-5	1	0	
6.642000E-5	1	0	
6.694800E-5	1	0	
6.638400E-5	1	0	
6.680400E-5	1	0	
6.648000E-5	1	0	
6.697200E-5	1	0	
6.669600E-5	1	0	
6.668400E-5	1	0	
6.664800E-5	1	0	
6.662400E-5	1	0	
6.694800E-5	1	0	
6.667200E-5	1	0	
6.708000E-5	1	0	
6.638400E-5	1	0	
6.698400E-5	1	0	
6.682800E-5	1	0	
6.696000E-5	1	0	
6.657600E-5	1	0	
6.717600E-5	1	0	
6.669600E-5	1	0	
6.690000E-5	1	0	
6.684000E-5	1	0	
6.709200E-5	1	0	
6.660000E-5	1	0	
6.703200E-5	1	0	
6.697200E-5	1	0	
6.700800E-5	1	0	
6.667200E-5	1	0	
6.698400E-5	1	0	
6.688800E-5	1	0	
6.662400E-5	1	0	
6.693600E-5	1	0	
4.010400E-5	4	0	
-5.080800E-5	4	0	
-6.022800E-5	4	0	
-6.039600E-5	4	0	
-6.024000E-5	4	0	
-6.034800E-5	4	0	
-6.026400E-5	4	0	
-6.004800E-5	4	0	
-5.989200E-5	4	0	
-5.889600E-5	4	0	
-5.480400E-5	4	0	
-5.568000E-5	4	0	
-5.932800E-5	4	0	
-5.982000E-5	4	0	
-6.040800E-5	4	0	
-6.021600E-5	4	0	
-6.072000E-5	4	0	
-6.042000E-5	4	0	
-6.104400E-5	4	0	
-6.074400E-5	4	0	
-4.791600E-5	4	0	
4.707600E-5	2	0	
6.632400E-5	2	0	
6.637200E-5	2	0	
6.658800E-5	2	0	
6.644400E-5	2	0	
6.661200E-5	2	0	
6.662400E-5	2	0	
6.662400E-5	2	0	
6.649200E-5	2	0	
6.660000E-5	2	0	
6.678000E-5	2	0	
6.650400E-5	2	0	
6.682800E-5	2	0	
6.668400E-5	2	0	
6.643200E-5	2	0	
6.675600E-5	2	0	
6.666000E-5	2	0	
6.684000E-5	2	0	
6.644400E-5	2	0	
6.679200E-5	2	0	
6.650400E-5	2	0	
6.646800E-5	2	0	
6.668400E-5	2	0	
6.657600E-5	2	0	
6.656400E-5	2	0	
6.668400E-5	2	0	
6.661200E-5	2	0	
6.667200E-5	2	0	
6.684000E-5	2	0	
6.675600E-5	2	0	
6.682800E-5	2	0	
6.660000E-5	2	0	
6.682800E-5	2	0	
6.686400E-5	2	0	
6.664800E-5	2	0	
6.691200E-5	2	0	
6.669600E-5	2	0	
6.654000E-5	2	0	
6.694800E-5	2	0	
6.691200E-5	2	0	
6.694800E-5	2	0	
6.672000E-5	2	0	
6.691200E-5	2	0	
6.669600E-5	2	0	
6.697200E-5	2	0	
6.661200E-5	2	0	
6.692400E-5	2	0	
6.670800E-5	2	0	
6.669600E-5	2	0	
6.675600E-5	2	0	
6.664800E-5	2	0	
6.670800E-5	2	0	
6.658800E-5	2	0	
6.682800E-5	2	0	
6.649200E-5	2	0	
6.705600E-5	2	0	
6.652800E-5	2	0	
6.714000E-5	2	0	
6.658800E-5	2	0	
6.692400E-5	2	0	
6.656400E-5	2	0	
6.693600E-5	2	0	
6.675600E-5	2	0	
6.678000E-5	2	0	
6.699600E-5	2	0	
6.684000E-5	2	0	
6.711600E-5	2	0	
6.709200E-5	2	0	
6.716400E-5	2	0	
6.674400E-5	2	0	
6.702000E-5	2	0	
6.700800E-5	2	0	
6.680400E-5	2	0	
6.692400E-5	2	0	
6.687600E-5	2	0	
6.684000E-5	2	0	
6.681600E-5	2	0	
6.704400E-5	2	0	
6.663600E-5	2	0	
9.318000E-5	3	0	
1.841760E-4	3	0	
1.939200E-4	3	0	
1.935840E-4	3	0	
1.939200E-4	3	0	
1.937760E-4	3	0	
1.936440E-4	3	0	
1.935240E-4	3	0	
1.931040E-4	3	0	
1.925640E-4	3	0	
1.879200E-4	3	0	
1.896120E-4	3	0	
1.925520E-4	3	0	
1.938600E-4	3	0	
1.941360E-4	3	0	
1.941840E-4	3	0	
1.942080E-4	3	0	
1.944120E-4	3	0	
1.942680E-4	3	0	
1.943400E-4	3	0	
1.818000E-4	3	0	
8.658000E-5	1	0	
6.722400E-5	1	0	
6.721200E-5	1	0	
6.750000E-5	1	0	
6.732000E-5	1	0	
6.686400E-5	1	0	
6.739200E-5	1	0	
6.681600E-5	1	0	
6.705600E-5	1	0	
6.658800E-5	1	0	
6.702000E-5	1	0	
6.721200E-5	1	0	
6.684000E-5	1	0	
6.693600E-5	1	0	
6.705600E-5	1	0	
6.728400E-5	1	0	
6.698400E-5	1	0	
6.728400E-5	1	0	
6.702000E-5	1	0	
6.739200E-5	1	0	
6.687600E-5	1	0	
6.687600E-5	1	0	
6.721200E-5	1	0	
6.676800E-5	1	0	
6.706800E-5	1	0	
6.672000E-5	1	0	
6.692400E-5	1	0	
6.679200E-5	1	0	
6.668400E-5	1	0	
6.703200E-5	1	0	
6.663600E-5	1	0	
6.718800E-5	1	0	
6.646800E-5	1	0	
6.714000E-5	1	0	
6.660000E-5	1	0	
6.687600E-5	1	0	
6.700800E-5	1	0	
6.694800E-5	1	0	
6.721200E-5	1	0	
6.684000E-5	1	0	
6.709200E-5	1	0	
6.692400E-5	1	0	
6.697200E-5	1	0	
6.698400E-5	1	0	
6.685200E-5	1	0	
6.703200E-5	1	0	
6.658800E-5	1	0	
6.703200E-5	1	0	
6.661200E-5	1	0	
6.672000E-5	1	0	
6.679200E-5	1	0	
6.667200E-5	1	0	
6.716400E-5	1	0	
6.657600E-5	1	0	
6.691200E-5	1	0	
6.656400E-5	1	0	
6.728400E-5	1	0	
6.684000E-5	1	0	
6.688800E-5	1	0	
6.706800E-5	1	0	
6.681600E-5	1	0	
6.734400E-5	1	0	
6.680400E-5	1	0	
6.703200E-5	1	0	
6.700800E-5	1	0	
6.657600E-5	1	0	
6.728400E-5	1	0	
6.660000E-5	1	0	
6.699600E-5	1	0	
6.681600E-5	1	0	
6.675600E-5	1	0	
6.710400E-5	1	0	
6.632400E-5	1	0	
6.736800E-5	1	0	
6.637200E-5	1	0	
6.716400E-5	1	0	
6.664800E-5	1	0	
6.708000E-5	1	0	
6.724800E-5	1	0	
4.051200E-5	4	0	
-5.029200E-5	4	0	
-6.030000E-5	4	0	
-6.000000E-5	4	0	
-5.997600E-5	4	0	
-6.008400E-5	4	0	
-5.984400E-5	4	0	
-6.018000E-5	4	0	
-5.940000E-5	4	0	
-5.889600E-5	4	0	
-5.473200E-5	4	0	
-5.546400E-5	4	0	
-5.954400E-5	4	0	
-5.941200E-5	4	0	
-6.039600E-5	4	0	
-5.983200E-5	4	0	
-6.073200E-5	4	0	
-6.064800E-5	4	0	
-6.021600E-5	4	0	
-6.100800E-5	4	0	
-4.740000E-5	4	0	
4.659600E-5	2	0	
6.684000E-5	2	0	
6.621600E-5	2	0	
6.663600E-5	2	0	
6.649200E-5	2	0	
6.651600E-5	2	0	
6.651600E-5	2	0	
6.658800E-5	2	0	
6.646800E-5	2	0	
6.660000E-5	2	0	
6.616800E-5	2	0	
6.693600E-5	2	0	
6.642000E-5	2	0	
6.680400E-5	2	0	
6.658800E-5	2	0	
6.680400E-5	2	0	
6.716400E-5	2	0	
6.644400E-5	2	0	
6.714000E-5	2	0	
6.650400E-5	2	0	
6.733200E-5	2	0	
6.686400E-5	2	0	
6.688800E-5	2	0	
6.685200E-5	2	0	
6.680400E-5	2	0	
6.670800E-5	2	0	
6.700800E-5	2	0	
6.622800E-5	2	0	
6.686400E-5	2	0	
6.644400E-5	2	0	
6.705600E-5	2	0	
6.649200E-5	2	0	
6.669600E-5	2	0	
6.696000E-5	2	0	
6.651600E-5	2	0	
6.757200E-5	2	0	
6.631200E-5	2	0	
6.750000E-5	2	0	
6.663600E-5	2	0	
6.742800E-5	2	0	
6.669600E-5	2	0	
6.704400E-5	2	0	
6.690000E-5	2	0	
6.705600E-5	2	0	
6.679200E-5	2	0	
6.676800E-5	2	0	
6.631200E-5	2	0	
6.696000E-5	2	0	
6.658800E-5	2	0	
6.676800E-5	2	0	
6.672000E-5	2	0	
6.685200E-5	2	0	
6.716400E-5	2	0	
6.674400E-5	2	0	
6.751200E-5	2	0	
6.672000E-5	2	0	
6.710400E-5	2	0	
6.697200E-5	2	0	
6.712800E-5	2	0	
6.706800E-5	2	0	
6.697200E-5	2	0	
6.674400E-5	2	0	
6.688800E-5	2	0	
6.669600E-5	2	0	
6.694800E-5	2	0	
6.675600E-5	2	0	
6.652800E-5	2	0	
6.721200E-5	2	0	
6.643200E-5	2	0	
6.702000E-5	2	0	
6.694800E-5	2	0	
6.712800E-5	2	0	
6.751200E-5	2	0	
6.711600E-5	2	0	
6.694800E-5	2	0	
6.721200E-5	2	0	
6.708000E-5	2	0	
6.693600E-5	2	0	
6.679200E-5	2	0	
9.309600E-5	3	0	
1.843080E-4	3	0	
1.939080E-4	3	0	
1.937400E-4	3	0	
1.935720E-4	3	0	
1.939680E-4	3	0	
1.938120E-4	3	0	
1.939080E-4	3	0	
1.933080E-4	3	0	
1.926600E-4	3	0	
1.886400E-4	3	0	
1.895280E-4	3	0	
1.931520E-4	3	0	
1.938720E-4	3	0	
1.939920E-4	3	0	
1.942560E-4	3	0	
1.943400E-4	3	0	
1.942680E-4	3	0	
1.944000E-4	3	0	
1.943520E-4	3	0	
1.814040E-4	3	0	
8.646000E-5	1	0	
6.703200E-5	1	0	
6.768000E-5	1	0	
6.744000E-5	1	0	
6.794400E-5	1	0	
6.728400E-5	1	0	
6.784800E-5	1	0	
6.730800E-5	1	0	
6.766800E-5	1	0	
6.687600E-5	1	0	
6.750000E-5	1	0	
6.680400E-5	1	0	
6.720000E-5	1	0	
6.698400E-5	1	0	
6.678000E-5	1	0	
6.692400E-5	1	0	
6.660000E-5	1	0	
6.708000E-5	1	0	
6.699600E-5	1	0	
6.716400E-5	1	0	
6.722400E-5	1	0	
6.714000E-5	1	0	
6.729600E-5	1	0	
6.750000E-5	1	0	
6.694800E-5	1	0	
6.741600E-5	1	0	
6.694800E-5	1	0	
6.720000E-5	1	0	
6.682800E-5	1	0	
6.663600E-5	1	0	
6.710400E-5	1	0	
6.672000E-5	1	0	
6.718800E-5	1	0	
6.675600E-5	1	0	
6.693600E-5	1	0	
6.722400E-5	1	0	
6.702000E-5	1	0	
6.734400E-5	1	0	
6.718800E-5	1	0	
6.717600E-5	1	0	
6.715200E-5	1	0	
6.709200E-5	1	0	
6.702000E-5	1	0	
6.684000E-5	1	0	
6.660000E-5	1	0	
6.715200E-5	1	0	
6.667200E-5	1	0	
6.699600E-5	1	0	
6.702000E-5	1	0	
6.668400E-5	1	0	
6.727200E-5	1	0	
6.685200E-5	1	0	
6.744000E-5	1	0	
6.688800E-5	1	0	
6.723600E-5	1	0	
6.702000E-5	1	0	
6.710400E-5	1	0	
6.661200E-5	1	0	
6.716400E-5	1	0	
6.667200E-5	1	0	
6.693600E-5	1	0	
6.688800E-5	1	0	
6.648000E-5	1	0	
6.728400E-5	1	0	
6.662400E-5	1	0	
6.754800E-5	1	0	
6.684000E-5	1	0	
6.693600E-5	1	0	
6.736800E-5	1	0	
6.721200E-5	1	0	
6.684000E-5	1	0	
6.736800E-5	1	0	
6.644400E-5	1	0	
6.666000E-5	1	0	
6.692400E-5	1	0	
6.609600E-5	1	0	
6.744000E-5	1	0	
6.644400E-5	1	0	
6.705600E-5	1	0	
4.100400E-5	4	0	
-5.074800E-5	4	0	
-5.982000E-5	4	0	
-5.992800E-5	4	0	
-6.033600E-5	4	0	
-5.979600E-5	4	0	
-6.032400E-5	4	0	
-6.021600E-5	4	0	
-5.940000E-5	4	0	
-5.937600E-5	4	0	
-5.408400E-5	4	0	
-5.570400E-5	4	0	
-5.925600E-5	4	0	
-5.929200E-5	4	0	
-6.032400E-5	4	0	
-5.989200E-5	4	0	
-5.992800E-5	4	0	
-6.049200E-5	4	0	
-6.044400E-5	4	0	
-6.088800E-5	4	0	
-4.818000E-5	4	0	
4.756800E-5	2	0	
6.583200E-5	2	0	
6.626400E-5	2	0	
6.646800E-5	2	0	
6.620400E-5	2	0	
6.691200E-5	2	0	
6.638400E-5	2	0	
6.669600E-5	2	0	
6.750000E-5	2	0	
6.686400E-5	2	0	
6.692400E-5	2	0	
6.730800E-5	2	0	
6.630000E-5	2	0	
6.668400E-5	2	0	
6.637200E-5	2	0	
6.664800E-5	2	0	
6.705600E-5	2	0	
6.650400E-5	2	0	
6.663600E-5	2	0	
6.720000E-5	2	0	
6.645600E-5	2	0	
6.699600E-5	2	0	
6.704400E-5	2	0	
6.699600E-5	2	0	
6.692400E-5	2	0	
6.643200E-5	2	0	
6.662400E-5	2	0	
6.736800E-5	2	0	
6.656400E-5	2	0	
6.669600E-5	2	0	
6.675600E-5	2	0	
6.658800E-5	2	0	
6.748800E-5	2	0	
6.691200E-5	2	0	
6.706800E-5	2	0	
6.723600E-5	2	0	
6.667200E-5	2	0	
6.710400E-5	2	0	
6.692400E-5	2	0	
6.658800E-5	2	0	
6.662400E-5	2	0	
6.685200E-5	2	0	
6.666000E-5	2	0	
6.738000E-5	2	0	
6.692400E-5	2	0	
6.690000E-5	2	0	
6.733200E-5	2	0	
6.680400E-5	2	0	
6.724800E-5	2	0	
6.723600E-5	2	0	
6.667200E-5	2	0	
6.685200E-5	2	0	
6.708000E-5	2	0	
6.643200E-5	2	0	
6.734400E-5	2	0	
6.681600E-5	2	0	
6.661200E-5	2	0	
6.735600E-5	2	0	
6.696000E-5	2	0	
6.754800E-5	2	0	
6.720000E-5	2	0	
6.705600E-5	2	0	
6.708000E-5	2	0	
6.716400E-5	2	0	
6.649200E-5	2	0	
6.722400E-5	2	0	
6.652800E-5	2	0	
6.688800E-5	2	0	
6.687600E-5	2	0	
6.680400E-5	2	0	
6.728400E-5	2	0	
6.727200E-5	2	0	
6.685200E-5	2	0	
6.723600E-5	2	0	
6.718800E-5	2	0	
6.661200E-5	2	0	
6.726000E-5	2	0	
6.678000E-5	2	0	
6.651600E-5	2	0	
9.340800E-5	3	0	
1.843920E-4	3	0	
1.940880E-4	3	0	
1.941960E-4	3	0	
1.943160E-4	3	0	
1.942440E-4	3	0	
1.939320E-4	3	0	
1.936920E-4	3	0	
1.930440E-4	3	0	
1.925880E-4	3	0	
1.876800E-4	3	0	
1.896480E-4	3	0	
1.929480E-4	3	0	
1.933440E-4	3	0	
1.941960E-4	3	0	
1.941960E-4	3	0	
1.946880E-4	3	0	
1.946880E-4	3	0	
1.945200E-4	3	0	
1.945560E-4	3	0	
1.818600E-4	3	0	
8.655600E-5	1	0	
6.721200E-5	1	0	
6.752400E-5	1	0	
6.711600E-5	1	0	
6.754800E-5	1	0	
6.750000E-5	1	0	
6.710400E-5	1	0	
6.777600E-5	1	0	
6.720000E-5	1	0	
6.750000E-5	1	0	
6.709200E-5	1	0	
6.702000E-5	1	0	
6.687600E-5	1	0	
6.728400E-5	1	0	
6.696000E-5	1	0	
6.705600E-5	1	0	
6.732000E-5	1	0	
6.752400E-5	1	0	
6.732000E-5	1	0	
6.724800E-5	1	0	
6.688800E-5	1	0	
6.715200E-5	1	0	
6.702000E-5	1	0	
6.674400E-5	1	0	
6.680400E-5	1	0	
6.728400E-5	1	0	
6.705600E-5	1	0	
6.736800E-5	1	0	
6.712800E-5	1	0	
6.690000E-5	1	0	
6.757200E-5	1	0	
6.687600E-5	1	0	
6.698400E-5	1	0	
6.682800E-5	1	0	
6.704400E-5	1	0	
6.655200E-5	1	0	
6.709200E-5	1	0	
6.696000E-5	1	0	
6.703200E-5	1	0	
6.738000E-5	1	0	
6.698400E-5	1	0	
6.722400E-5	1	0	
6.754800E-5	1	0	
6.679200E-5	1	0	
6.673200E-5	1	0	
6.705600E-5	1	0	
6.668400E-5	1	0	
6.675600E-5	1	0	
6.718800E-5	1	0	
6.681600E-5	1	0	
6.699600E-5	1	0	
6.760800E-5	1	0	
6.686400E-5	1	0	
6.762000E-5	1	0	
6.698400E-5	1	0	
6.678000E-5	1	0	
6.657600E-5	1	0	
6.684000E-5	1	0	
6.658800E-5	1	0	
6.715200E-5	1	0	
6.730800E-5	1	0	
6.703200E-5	1	0	
6.752400E-5	1	0	
6.717600E-5	1	0	
6.679200E-5	1	0	
6.723600E-5	1	0	
6.678000E-5	1	0	
6.672000E-5	1	0	
6.675600E-5	1	0	
6.703200E-5	1	0	
6.702000E-5	1	0	
6.727200E-5	1	0	
6.740400E-5	1	0	
6.681600E-5	1	0	
6.744000E-5	1	0	
6.704400E-5	1	0	
6.662400E-5	1	0	
6.680400E-5	1	0	
6.670800E-5	1	0	
4.041600E-5	4	0	
-5.067600E-5	4	0	
-6.000000E-5	4	0	
-6.025200E-5	4	0	
-5.934000E-5	4	0	
-5.983200E-5	4	0	
-6.014400E-5	4	0	
-5.956800E-5	4	0	
-5.965200E-5	4	0	
-5.904000E-5	4	0	
-5.456400E-5	4	0	
-5.570400E-5	4	0	
-5.916000E-5	4	0	
-5.895600E-5	4	0	
-5.982000E-5	4	0	
-6.027600E-5	4	0	
-5.961600E-5	4	0	
-6.058800E-5	4	0	
-6.086400E-5	4	0	
-6.085200E-5	4	0	
-4.794000E-5	4	0	
4.664400E-5	2	0	
6.670800E-5	2	0	
6.685200E-5	2	0	
6.651600E-5	2	0	
6.723600E-5	2	0	
6.691200E-5	2	0	
6.654000E-5	2	0	
6.692400E-5	2	0	
6.638400E-5	2	0	
6.633600E-5	2	0	
6.658800E-5	2	0	
6.679200E-5	2	0	
6.650400E-5	2	0	
6.729600E-5	2	0	
6.728400E-5	2	0	
6.658800E-5	2	0	
6.753600E-5	2	0	
6.691200E-5	2	0	
6.638400E-5	2	0	
6.686400E-5	2	0	
6.657600E-5	2	0	
6.663600E-5	2	0	
6.704400E-5	2	0	
6.724800E-5	2	0	
6.693600E-5	2	0	
6.714000E-5	2	0	
6.746400E-5	2	0	
6.669600E-5	2	0	
6.705600E-5	2	0	
6.644400E-5	2	0	
6.668400E-5	2	0	
6.637200E-5	2	0	
6.724800E-5	2	0	
6.700800E-5	2	0	
6.692400E-5	2	0	
6.783600E-5	2	0	
6.679200E-5	2	0	
6.711600E-5	2	0	
6.712800E-5	2	0	
6.672000E-5	2	0	
6.658800E-5	2	0	
6.685200E-5	2	0	
6.686400E-5	2	0	
6.697200E-5	2	0	
6.730800E-5	2	0	
6.716400E-5	2	0	
6.727200E-5	2	0	
6.721200E-5	2	0	
6.657600E-5	2	0	
6.705600E-5	2	0	
6.657600E-5	2	0	
6.675600E-5	2	0	
6.664800E-5	2	0	
6.744000E-5	2	0	
6.754800E-5	2	0	
6.698400E-5	2	0	
6.760800E-5	2	0	
6.706800E-5	2	0	
6.668400E-5	2	0	
6.688800E-5	2	0	
6.673200E-5	2	0	
6.670800E-5	2	0	
6.704400E-5	2	0	
6.742800E-5	2	0	
6.709200E-5	2	0	
6.728400E-5	2	0	
6.756000E-5	2	0	
6.690000E-5	2	0	
6.676800E-5	2	0	
6.687600E-5	2	0	
6.654000E-5	2	0	
6.661200E-5	2	0	
6.744000E-5	2	0	
6.727200E-5	2	0	
6.690000E-5	2	0	
6.765600E-5	2	0	
6.709200E-5	2	0	
6.686400E-5	2	0	
6.678000E-5	2	0	
9.294000E-5	3	0	
1.841400E-4	3	0	
1.943280E-4	3	0	
1.944000E-4	3	0	
1.944120E-4	3	0	
1.944960E-4	3	0	
1.945800E-4	3	0	
1.936320E-4	3	0	
1.930800E-4	3	0	
1.924200E-4	3	0	
1.876800E-4	3	0	
1.892040E-4	3	0	
1.934760E-4	3	0	
1.939920E-4	3	0	
1.941000E-4	3	0	
1.948920E-4	3	0	
1.948200E-4	3	0	
1.943160E-4	3	0	
1.945800E-4	3	0	
1.940760E-4	3	0	
1.814160E-4	3	0	
8.667600E-5	1	0	
6.788400E-5	1	0	
6.781200E-5	1	0	
6.784800E-5	1	0	
6.804000E-5	1	0	
6.730800E-5	1	0	
6.685200E-5	1	0	
6.703200E-5	1	0	
6.691200E-5	1	0	
6.720000E-5	1	0	
6.745200E-5	1	0	
6.753600E-5	1	0	
6.751200E-5	1	0	
6.753600E-5	1	0	
6.764400E-5	1	0	
6.694800E-5	1	0	
6.662400E-5	1	0	
6.687600E-5	1	0	
6.692400E-5	1	0	
6.699600E-5	1	0	
6.746400E-5	1	0	
6.770400E-5	1	0	
6.716400E-5	1	0	
6.771600E-5	1	0	
6.694800E-5	1	0	
6.669600E-5	1	0	
6.685200E-5	1	0	
6.692400E-5	1	0	
6.691200E-5	1	0	
6.706800E-5	1	0	
6.786000E-5	1	0	
6.754800E-5	1	0	
6.711600E-5	1	0	
6.753600E-5	1	0	
6.678000E-5	1	0	
6.648000E-5	1	0	
6.680400E-5	1	0	
6.687600E-5	1	0	
6.681600E-5	1	0	
6.757200E-5	1	0	
6.754800E-5	1	0	
6.733200E-5	1	0	
6.711600E-5	1	0	
6.711600E-5	1	0	
6.652800E-5	1	0	
6.648000E-5	1	0	
6.702000E-5	1	0	
6.733200E-5	1	0	
6.706800E-5	1	0	
6.742800E-5	1	0	
6.781200E-5	1	0	
6.732000E-5	1	0	
6.698400E-5	1	0	
6.676800E-5	1	0	
6.678000E-5	1	0	
6.646800E-5	1	0	
6.715200E-5	1	0	
6.732000E-5	1	0	
6.741600E-5	1	0	
6.751200E-5	1	0	
6.747600E-5	1	0	
6.670800E-5	1	0	
6.705600E-5	1	0	
6.650400E-5	1	0	
6.657600E-5	1	0	
6.693600E-5	1	0	
6.751200E-5	1	0	
6.747600E-5	1	0	
6.746400E-5	1	0	
6.754800E-5	1	0	
6.699600E-5	1	0	
6.658800E-5	1	0	
6.669600E-5	1	0	
6.697200E-5	1	0	
6.682800E-5	1	0	
6.727200E-5	1	0	
6.754800E-5	1	0	
6.736800E-5	1	0	
6.727200E-5	1	0	
4.090800E-5	4	0	
-5.109600E-5	4	0	
-6.028800E-5	4	0	
-6.016800E-5	4	0	
-6.012000E-5	4	0	
-5.956800E-5	4	0	
-5.956800E-5	4	0	
-5.906400E-5	4	0	
-5.936400E-5	4	0	
-5.878800E-5	4	0	
-5.432400E-5	4	0	
-5.602800E-5	4	0	
-5.884800E-5	4	0	
-5.931600E-5	4	0	
-5.937600E-5	4	0	
-5.959200E-5	4	0	
-6.009600E-5	4	0	
-6.031200E-5	4	0	
-6.062400E-5	4	0	
-6.097200E-5	4	0	
-4.789200E-5	4	0	
4.706400E-5	2	0	
6.684000E-5	2	0	
6.682800E-5	2	0	
6.716400E-5	2	0	
6.699600E-5	2	0	
6.639600E-5	2	0	
6.661200E-5	2	0	
6.618000E-5	2	0	
6.712800E-5	2	0	
6.652800E-5	2	0	
6.734400E-5	2	0	
6.759600E-5	2	0	
6.686400E-5	2	0	
6.712800E-5	2	0	
6.645600E-5	2	0	
6.661200E-5	2	0	
6.676800E-5	2	0	
6.712800E-5	2	0	
6.706800E-5	2	0	
6.786000E-5	2	0	
6.720000E-5	2	0	
6.715200E-5	2	0	
6.669600E-5	2	0	
6.681600E-5	2	0	
6.650400E-5	2	0	
6.690000E-5	2	0	
6.703200E-5	2	0	
6.718800E-5	2	0	
6.765600E-5	2	0	
6.742800E-5	2	0	
6.667200E-5	2	0	
6.673200E-5	2	0	
6.658800E-5	2	0	
6.691200E-5	2	0	
6.702000E-5	2	0	
6.758400E-5	2	0	
6.768000E-5	2	0	
6.709200E-5	2	0	
6.712800E-5	2	0	
6.682800E-5	2	0	
6.657600E-5	2	0	
6.690000E-5	2	0	
6.714000E-5	2	0	
6.732000E-5	2	0	
6.764400E-5	2	0	
6.714000E-5	2	0	
6.722400E-5	2	0	
6.661200E-5	2	0	
6.668400E-5	2	0	
6.688800E-5	2	0	
6.721200E-5	2	0	
6.771600E-5	2	0	
6.724800E-5	2	0	
6.728400E-5	2	0	
6.715200E-5	2	0	
6.654000E-5	2	0	
6.682800E-5	2	0	
6.675600E-5	2	0	
6.723600E-5	2	0	
6.748800E-5	2	0	
6.756000E-5	2	0	
6.751200E-5	2	0	
6.694800E-5	2	0	
6.656400E-5	2	0	
6.688800E-5	2	0	
6.678000E-5	2	0	
6.717600E-5	2	0	
6.722400E-5	2	0	
6.758400E-5	2	0	
6.765600E-5	2	0	
6.670800E-5	2	0	
6.663600E-5	2	0	
6.664800E-5	2	0	
6.716400E-5	2	0	
6.715200E-5	2	0	
6.759600E-5	2	0	
6.768000E-5	2	0	
6.714000E-5	2	0	
6.717600E-5	2	0	
9.289200E-5	3	0	
1.841280E-4	3	0	
1.936920E-4	3	0	
1.944600E-4	3	0	
1.947840E-4	3	0	
1.948200E-4	3	0	
1.941120E-4	3	0	
1.935000E-4	3	0	
1.930680E-4	3	0	
1.921320E-4	3	0	
1.882200E-4	3	0	
1.898280E-4	3	0	
1.936560E-4	3	0	
1.946280E-4	3	0	
1.942080E-4	3	0	
1.942680E-4	3	0	
1.938240E-4	3	0	
1.944000E-4	3	0	
1.946520E-4	3	0	
1.949040E-4	3	0	
1.824960E-4	3	0	
8.725200E-5	1	0	
6.772800E-5	1	0	
6.729600E-5	1	0	
6.712800E-5	1	0	
6.718800E-5	1	0	
6.742800E-5	1	0	
6.789600E-5	1	0	
6.774000E-5	1	0	
6.763200E-5	1	0	
6.757200E-5	1	0	
6.697200E-5	1	0	
6.690000E-5	1	0	
6.688800E-5	1	0	
6.750000E-5	1	0	
6.777600E-5	1	0	
6.776400E-5	1	0	
6.740400E-5	1	0	
6.724800E-5	1	0	
6.673200E-5	1	0	
6.686400E-5	1	0	
6.684000E-5	1	0	
6.716400E-5	1	0	
6.801600E-5	1	0	
6.763200E-5	1	0	
6.733200E-5	1	0	
6.720000E-5	1	0	
6.676800E-5	1	0	
6.672000E-5	1	0	
6.693600E-5	1	0	
6.759600E-5	1	0	
6.786000E-5	1	0	
6.726000E-5	1	0	
6.745200E-5	1	0	
6.656400E-5	1	0	
6.684000E-5	1	0	
6.694800E-5	1	0	
6.718800E-5	1	0	
6.753600E-5	1	0	
6.770400E-5	1	0	
6.745200E-5	1	0	
6.729600E-5	1	0	
6.686400E-5	1	0	
6.682800E-5	1	0	
6.685200E-5	1	0	
6.726000E-5	1	0	
6.760800E-5	1	0	
6.775200E-5	1	0	
6.727200E-5	1	0	
6.704400E-5	1	0	
6.654000E-5	1	0	
6.687600E-5	1	0	
6.679200E-5	1	0	
6.748800E-5	1	0	
6.756000E-5	1	0	
6.756000E-5	1	0	
6.721200E-5	1	0	
6.682800E-5	1	0	
6.664800E-5	1	0	
6.690000E-5	1	0	
6.732000E-5	1	0	
6.760800E-5	1	0	
6.788400E-5	1	0	
6.746400E-5	1	0	
6.687600E-5	1	0	
6.652800E-5	1	0	
6.703200E-5	1	0	
6.687600E-5	1	0	
6.729600E-5	1	0	
6.793200E-5	1	0	
6.742800E-5	1	0	
6.726000E-5	1	0	
6.679200E-5	1	0	
6.667200E-5	1	0	
6.687600E-5	1	0	
6.697200E-5	1	0	
6.774000E-5	1	0	
6.783600E-5	1	0	
6.723600E-5	1	0	
6.694800E-5	1	0	
4.024800E-5	4	0	
-5.084400E-5	4	0	
-5.984400E-5	4	0	
-5.970000E-5	4	0	
-5.904000E-5	4	0	
-5.949600E-5	4	0	
-6.004800E-5	4	0	
-6.030000E-5	4	0	
-5.995200E-5	4	0	
-5.839200E-5	4	0	
-5.371200E-5	4	0	
-5.478000E-5	4	0	
-5.866800E-5	4	0	
-5.946000E-5	4	0	
-6.037200E-5	4	0	
-6.072000E-5	4	0	
-6.048000E-5	4	0	
-5.984400E-5	4	0	
-5.967600E-5	4	0	
-6.021600E-5	4	0	
-4.790400E-5	4	0	
4.672800E-5	2	0	
6.652800E-5	2	0	
6.652800E-5	2	0	
6.692400E-5	2	0	
6.748800E-5	2	0	
6.739200E-5	2	0	
6.660000E-5	2	0	
6.624000E-5	2	0	
6.618000E-5	2	0	
6.703200E-5	2	0	
6.742800E-5	2	0	
6.769200E-5	2	0	
6.728400E-5	2	0	
6.688800E-5	2	0	
6.634800E-5	2	0	
6.638400E-5	2	0	
6.692400E-5	2	0	
6.734400E-5	2	0	
6.763200E-5	2	0	
6.727200E-5	2	0	
6.681600E-5	2	0	
6.640800E-5	2	0	
6.670800E-5	2	0	
6.711600E-5	2	0	
6.758400E-5	2	0	
6.782400E-5	2	0	
6.727200E-5	2	0	
6.670800E-5	2	0	
6.638400E-5	2	0	
6.663600E-5	2	0	
6.734400E-5	2	0	
6.759600E-5	2	0	
6.793200E-5	2	0	
6.715200E-5	2	0	
6.664800E-5	2	0	
6.651600E-5	2	0	
6.662400E-5	2	0	
6.723600E-5	2	0	
6.766800E-5	2	0	
6.794400E-5	2	0	
6.723600E-5	2	0	
6.680400E-5	2	0	
6.626400E-5	2	0	
6.709200E-5	2	0	
6.740400E-5	2	0	
6.758400E-5	2	0	
6.765600E-5	2	0	
6.729600E-5	2	0	
6.664800E-5	2	0	
6.663600E-5	2	0	
6.672000E-5	2	0	
6.722400E-5	2	0	
6.778800E-5	2	0	
6.781200E-5	2	0	
6.710400E-5	2	0	
6.654000E-5	2	0	
6.664800E-5	2	0	
6.694800E-5	2	0	
6.736800E-5	2	0	
6.793200E-5	2	0	
6.765600E-5	2	0	
6.730800E-5	2	0	
6.666000E-5	2	0	
6.637200E-5	2	0	
6.694800E-5	2	0	
6.750000E-5	2	0	
6.776400E-5	2	0	
6.759600E-5	2	0	
6.698400E-5	2	0	
6.680400E-5	2	0	
6.672000E-5	2	0	
6.680400E-5	2	0	
6.747600E-5	2	0	
6.786000E-5	2	0	
6.764400E-5	2	0	
6.693600E-5	2	0	
6.655200E-5	2	0	
6.693600E-5	2	0	
6.717600E-5	2	0	
9.367200E-5	3	0	
1.854240E-4	3	0	
1.944720E-4	3	0	
1.938600E-4	3	0	
1.936440E-4	3	0	
1.937280E-4	3	0	
1.941480E-4	3	0	
1.944120E-4	3	0	
1.943280E-4	3	0	
1.929720E-4	3	0	
1.881600E-4	3	0	
1.891080E-4	3	0	
1.929960E-4	3	0	
1.940400E-4	3	0	
1.949640E-4	3	0	
1.948800E-4	3	0	
1.948080E-4	3	0	
1.943040E-4	3	0	
1.940880E-4	3	0	
1.945080E-4	3	0	
1.822080E-4	3	0	
8.803200E-5	1	0	
6.817200E-5	1	0	
6.746400E-5	1	0	
6.716400E-5	1	0	
6.710400E-5	1	0	
6.769200E-5	1	0	
6.810000E-5	1	0	
6.794400E-5	1	0	
6.756000E-5	1	0	
6.705600E-5	1	0	
6.693600E-5	1	0	
6.708000E-5	1	0	
6.770400E-5	1	0	
6.820800E-5	1	0	
6.796800E-5	1	0	
6.714000E-5	1	0	
6.646800E-5	1	0	
6.667200E-5	1	0	
6.735600E-5	1	0	
6.806400E-5	1	0	
6.802800E-5	1	0	
6.757200E-5	1	0	
6.690000E-5	1	0	
6.656400E-5	1	0	
6.697200E-5	1	0	
6.748800E-5	1	0	
6.817200E-5	1	0	
6.780000E-5	1	0	
6.739200E-5	1	0	
6.651600E-5	1	0	
6.674400E-5	1	0	
6.718800E-5	1	0	
6.787200E-5	1	0	
6.800400E-5	1	0	
6.730800E-5	1	0	
6.668400E-5	1	0	
6.642000E-5	1	0	
6.700800E-5	1	0	
6.754800E-5	1	0	
6.787200E-5	1	0	
6.774000E-5	1	0	
6.714000E-5	1	0	
6.672000E-5	1	0	
6.669600E-5	1	0	
6.709200E-5	1	0	
6.778800E-5	1	0	
6.813600E-5	1	0	
6.759600E-5	1	0	
6.655200E-5	1	0	
6.661200E-5	1	0	
6.681600E-5	1	0	
6.792000E-5	1	0	
6.812400E-5	1	0	
6.756000E-5	1	0	
6.702000E-5	1	0	
6.636000E-5	1	0	
6.681600E-5	1	0	
6.717600E-5	1	0	
6.772800E-5	1	0	
6.794400E-5	1	0	
6.751200E-5	1	0	
6.662400E-5	1	0	
6.658800E-5	1	0	
6.670800E-5	1	0	
6.759600E-5	1	0	
6.798000E-5	1	0	
6.775200E-5	1	0	
6.691200E-5	1	0	
6.655200E-5	1	0	
6.652800E-5	1	0	
6.738000E-5	1	0	
6.788400E-5	1	0	
6.789600E-5	1	0	
6.722400E-5	1	0	
6.669600E-5	1	0	
6.652800E-5	1	0	
6.703200E-5	1	0	
6.765600E-5	1	0	
6.800400E-5	1	0	
4.135200E-5	4	0	
-5.072400E-5	4	0	
-6.058800E-5	4	0	
-6.032400E-5	4	0	
-5.968800E-5	4	0	
-5.911200E-5	4	0	
-5.913600E-5	4	0	
-5.965200E-5	4	0	
-6.003600E-5	4	0	
-5.918400E-5	4	0	
-5.396400E-5	4	0	
-5.478000E-5	4	0	
-5.794800E-5	4	0	
-5.922000E-5	4	0	
-6.012000E-5	4	0	
-6.060000E-5	4	0	
-6.042000E-5	4	0	
-6.009600E-5	4	0	
-5.953200E-5	4	0	
-5.983200E-5	4	0	
-4.777200E-5	4	0	
4.641600E-5	2	0	
6.634800E-5	2	0	
6.675600E-5	2	0	
6.739200E-5	2	0	
6.754800E-5	2	0	
6.687600E-5	2	0	
6.625200E-5	2	0	
6.612000E-5	2	0	
6.688800E-5	2	0	
6.754800E-5	2	0	
6.775200E-5	2	0	
6.739200E-5	2	0	
6.680400E-5	2	0	
6.624000E-5	2	0	
6.644400E-5	2	0	
6.720000E-5	2	0	
6.781200E-5	2	0	
6.788400E-5	2	0	
6.700800E-5	2	0	
6.650400E-5	2	0	
6.646800E-5	2	0	
6.693600E-5	2	0	
6.786000E-5	2	0	
6.802800E-5	2	0	
6.724800E-5	2	0	
6.648000E-5	2	0	
6.621600E-5	2	0	
6.699600E-5	2	0	
6.752400E-5	2	0	
6.800400E-5	2	0	
6.718800E-5	2	0	
6.688800E-5	2	0	
6.634800E-5	2	0	
6.678000E-5	2	0	
6.742800E-5	2	0	
6.801600E-5	2	0	
6.792000E-5	2	0	
6.710400E-5	2	0	
6.638400E-5	2	0	
6.642000E-5	2	0	
6.702000E-5	2	0	
6.796800E-5	2	0	
6.804000E-5	2	0	
6.735600E-5	2	0	
6.657600E-5	2	0	
6.626400E-5	2	0	
6.663600E-5	2	0	
6.772800E-5	2	0	
6.800400E-5	2	0	
6.748800E-5	2	0	
6.682800E-5	2	0	
6.640800E-5	2	0	
6.686400E-5	2	0	
6.756000E-5	2	0	
6.794400E-5	2	0	
6.760800E-5	2	0	
6.698400E-5	2	0	
6.650400E-5	2	0	
6.687600E-5	2	0	
6.752400E-5	2	0	
6.806400E-5	2	0	
6.788400E-5	2	0	
6.724800E-5	2	0	
6.640800E-5	2	0	
6.650400E-5	2	0	
6.721200E-5	2	0	
6.813600E-5	2	0	
6.794400E-5	2	0	
6.696000E-5	2	0	
6.637200E-5	2	0	
6.664800E-5	2	0	
6.706800E-5	2	0	
6.793200E-5	2	0	
6.805200E-5	2	0	
6.723600E-5	2	0	
6.660000E-5	2	0	
6.640800E-5	2	0	
6.722400E-5	2	0	
6.794400E-5	2	0	
9.423600E-5	3	0	
1.848000E-4	3	0	
1.937640E-4	3	0	
1.935720E-4	3	0	
1.941600E-4	3	0	
1.947240E-4	3	0	
1.950840E-4	3	0	
1.941360E-4	3	0	
1.929240E-4	3	0	
1.920600E-4	3	0	
1.881960E-4	3	0	
1.903080E-4	3	0	
1.941480E-4	3	0	
1.944720E-4	3	0	
1.937640E-4	3	0	
1.937520E-4	3	0	
1.941120E-4	3	0	
1.952520E-4	3	0	
1.957440E-4	3	0	
1.954440E-4	3	0	
1.814880E-4	3	0	
8.662800E-5	1	0	
6.686400E-5	1	0	
6.801600E-5	1	0	
6.866400E-5	1	0	
6.831600E-5	1	0	
6.738000E-5	1	0	
6.673200E-5	1	0	
6.678000E-5	1	0	
6.754800E-5	1	0	
6.838800E-5	1	0	
6.818400E-5	1	0	
6.729600E-5	1	0	
6.673200E-5	1	0	
6.698400E-5	1	0	
6.714000E-5	1	0	
6.818400E-5	1	0	
6.826800E-5	1	0	
6.759600E-5	1	0	
6.672000E-5	1	0	
6.664800E-5	1	0	
6.721200E-5	1	0	
6.781200E-5	1	0	
6.819600E-5	1	0	
6.758400E-5	1	0	
6.663600E-5	1	0	
6.663600E-5	1	0	
6.694800E-5	1	0	
6.795600E-5	1	0	
6.825600E-5	1	0	
6.787200E-5	1	0	
6.675600E-5	1	0	
6.643200E-5	1	0	
6.696000E-5	1	0	
6.807600E-5	1	0	
6.837600E-5	1	0	
6.740400E-5	1	0	
6.654000E-5	1	0	
6.625200E-5	1	0	
6.734400E-5	1	0	
6.776400E-5	1	0	
6.848400E-5	1	0	
6.756000E-5	1	0	
6.684000E-5	1	0	
6.630000E-5	1	0	
6.691200E-5	1	0	
6.794400E-5	1	0	
6.820800E-5	1	0	
6.745200E-5	1	0	
6.679200E-5	1	0	
6.637200E-5	1	0	
6.700800E-5	1	0	
6.788400E-5	1	0	
6.818400E-5	1	0	
6.756000E-5	1	0	
6.669600E-5	1	0	
6.658800E-5	1	0	
6.710400E-5	1	0	
6.782400E-5	1	0	
6.820800E-5	1	0	
6.769200E-5	1	0	
6.687600E-5	1	0	
6.627600E-5	1	0	
6.690000E-5	1	0	
6.768000E-5	1	0	
6.816000E-5	1	0	
6.772800E-5	1	0	
6.667200E-5	1	0	
6.622800E-5	1	0	
6.657600E-5	1	0	
6.759600E-5	1	0	
6.826800E-5	1	0	
6.763200E-5	1	0	
6.660000E-5	1	0	
6.651600E-5	1	0	
6.670800E-5	1	0	
6.793200E-5	1	0	
6.823200E-5	1	0	
6.774000E-5	1	0	
6.663600E-5	1	0	
4.008000E-5	4	0	
-5.059200E-5	4	0	
-5.949600E-5	4	0	
-5.876400E-5	4	0	
-5.972400E-5	4	0	
-6.028800E-5	4	0	
-6.066000E-5	4	0	
-5.964000E-5	4	0	
-5.868000E-5	4	0	
-5.752800E-5	4	0	
-5.397600E-5	4	0	
-5.601600E-5	4	0	
-5.952000E-5	4	0	
-5.947200E-5	4	0	
-5.922000E-5	4	0	
-5.907600E-5	4	0	
-6.001200E-5	4	0	
-6.099600E-5	4	0	
-6.128400E-5	4	0	
-6.051600E-5	4	0	
-4.680000E-5	4	0	
4.828800E-5	2	0	
6.690000E-5	2	0	
6.573600E-5	2	0	
6.585600E-5	2	0	
6.669600E-5	2	0	
6.778800E-5	2	0	
6.747600E-5	2	0	
6.688800E-5	2	0	
6.609600E-5	2	0	
6.624000E-5	2	0	
6.696000E-5	2	0	
6.766800E-5	2	0	
6.763200E-5	2	0	
6.710400E-5	2	0	
6.601200E-5	2	0	
6.648000E-5	2	0	
6.734400E-5	2	0	
6.801600E-5	2	0	
6.778800E-5	2	0	
6.658800E-5	2	0	
6.616800E-5	2	0	
6.676800E-5	2	0	
6.736800E-5	2	0	
6.810000E-5	2	0	
6.762000E-5	2	0	
6.660000E-5	2	0	
6.622800E-5	2	0	
6.675600E-5	2	0	
6.760800E-5	2	0	
6.810000E-5	2	0	
6.742800E-5	2	0	
6.640800E-5	2	0	
6.628800E-5	2	0	
6.687600E-5	2	0	
6.783600E-5	2	0	
6.807600E-5	2	0	
6.733200E-5	2	0	
6.615600E-5	2	0	
6.646800E-5	2	0	
6.716400E-5	2	0	
6.793200E-5	2	0	
6.796800E-5	2	0	
6.703200E-5	2	0	
6.624000E-5	2	0	
6.658800E-5	2	0	
6.711600E-5	2	0	
6.817200E-5	2	0	
6.787200E-5	2	0	
6.688800E-5	2	0	
6.613200E-5	2	0	
6.639600E-5	2	0	
6.734400E-5	2	0	
6.828000E-5	2	0	
6.775200E-5	2	0	
6.655200E-5	2	0	
6.646800E-5	2	0	
6.654000E-5	2	0	
6.760800E-5	2	0	
6.805200E-5	2	0	
6.771600E-5	2	0	
6.649200E-5	2	0	
6.610800E-5	2	0	
6.660000E-5	2	0	
6.786000E-5	2	0	
6.823200E-5	2	0	
6.718800E-5	2	0	
6.649200E-5	2	0	
6.634800E-5	2	0	
6.685200E-5	2	0	
6.808800E-5	2	0	
6.810000E-5	2	0	
6.705600E-5	2	0	
6.615600E-5	2	0	
6.640800E-5	2	0	
6.747600E-5	2	0	
6.829200E-5	2	0	
6.794400E-5	2	0	
6.681600E-5	2	0	
6.628800E-5	2	0	
9.270000E-5	3	0	
1.851960E-4	3	0	
1.952760E-4	3	0	
1.947720E-4	3	0	
1.934520E-4	3	0	
1.932720E-4	3	0	
1.939320E-4	3	0	
1.945680E-4	3	0	
1.946160E-4	3	0	
1.928520E-4	3	0	
1.874400E-4	3	0	
1.886160E-4	3	0	
1.933080E-4	3	0	
1.949160E-4	3	0	
1.950360E-4	3	0	
2.703240E-4	3	0	
3.471720E-4	3	8	
3.072000E-4	3	8	
3.068400E-4	3	8	
3.068520E-4	3	8	
3.068640E-4	3	8	
3.068640E-4	1	8	
3.068520E-4	1	8	
3.068520E-4	1	8	
3.068520E-4	1	8	
3.068520E-4	1	8	
3.068640E-4	1	8	
3.068520E-4	1	8	
3.068520E-4	1	8	
3.068520E-4	1	8	
3.068400E-4	1	8	
3.068400E-4	1	8	
3.068520E-4	1	8	
3.068520E-4	1	8	
3.068400E-4	1	8	
3.068520E-4	1	8	
3.068400E-4	1	8	
3.068520E-4	1	8	
3.068400E-4	1	8	
3.068400E-4	1	8	
3.068400E-4	1	8	
3.068400E-4	1	8	
3.068400E-4	1	8	
3.068400E-4	1	8	
3.068400E-4	1	8	
3.068400E-4	1	8	
3.068400E-4	1	8	
3.068400E-4	1	8	
3.068400E-4	1	8	
3.068400E-4	1	8	
3.068400E-4	1	8	
3.068400E-4	1	8	
3.068280E-4	1	8	
3.068400E-4	1	8	
3.068400E-4	1	8	
3.068280E-4	1	8	
3.068400E-4	1	8	
3.068400E-4	1	8	
3.068280E-4	1	8	
3.068400E-4	1	8	
3.068280E-4	1	8	
3.068400E-4	1	8	
3.068280E-4	1	8	
3.068400E-4	1	8	
3.068280E-4	1	8	
3.068400E-4	1	8	
3.068280E-4	1	8	
3.068280E-4	1	8	
3.068280E-4	1	8	
3.068280E-4	1	8	
3.068400E-4	1	8	
3.068280E-4	1	8	
3.068280E-4	1	8	
3.068280E-4	1	8	
3.068400E-4	1	8	
3.068280E-4	1	8	
3.068280E-4	1	8	
3.068280E-4	1	8	
3.068280E-4	1	8	
3.068400E-4	1	8	
3.068280E-4	1	8	
3.068280E-4	1	8	
3.068280E-4	1	8	
3.068280E-4	1	8	
3.068280E-4	1	8	
3.068280E-4	1	8	
3.068400E-4	1	8	
3.068280E-4	1	8	
3.068280E-4	1	8	
3.068280E-4	1	8	
3.068280E-4	1	8	
3.068280E-4	1	8	
3.068280E-4	1	8	
3.068280E-4	1	8	
3.068280E-4	1	8	
3.068280E-4	1	8	
3.068280E-4	1	8	
3.068280E-4	1	8	
3.068280E-4	1	8	
3.068280E-4	1	8	
3.141240E-4	4	8	
3.547920E-4	4	8	
3.525360E-4	4	8	
3.543720E-4	4	8	
3.534120E-4	4	8	
3.492240E-4	4	8	
3.494160E-4	4	8	
3.516360E-4	4	8	
3.513960E-4	4	8	
3.534240E-4	4	8	
3.546840E-4	4	8	
3.547800E-4	4	8	
3.510120E-4	4	8	
3.526200E-4	4	8	
3.548400E-4	4	8	
3.544560E-4	4	8	
3.485040E-4	4	8	
3.487440E-4	4	8	
3.486960E-4	4	8	
3.499800E-4	4	8	
3.513480E-4	4	8	
3.490920E-4	2	8	
3.081120E-4	2	8	
3.068400E-4	2	8	
3.068640E-4	2	8	
3.068640E-4	2	8	
3.068640E-4	2	8	
3.068640E-4	2	8	
3.068640E-4	2	8	
3.068640E-4	2	8	
3.068640E-4	2	8	
3.068520E-4	2	8	
3.068640E-4	2	8	
3.068520E-4	2	8	
3.068520E-4	2	8	
3.068520E-4	2	8	
3.068520E-4	2	8	
3.068400E-4	2	8	
3.068520E-4	2	8	
3.068520E-4	2	8	
3.068400E-4	2	8	
3.068520E-4	2	8	
3.068400E-4	2	8	
3.068520E-4	2	8	
3.068400E-4	2	8	
3.068400E-4	2	8	
3.068400E-4	2	8	
3.068400E-4	2	8	
3.068400E-4	2	8	
3.068400E-4	2	8	
3.068400E-4	2	8	
3.068400E-4	2	8	
3.068400E-4	2	8	
3.068280E-4	2	8	
3.068400E-4	2	8	
3.068280E-4	2	8	
3.068280E-4	2	8	
3.068280E-4	2	8	
3.068280E-4	2	8	
3.068280E-4	2	8	
3.068400E-4	2	8	
3.068280E-4	2	8	
3.068280E-4	2	8	
3.068400E-4	2	8	
3.068280E-4	2	8	
3.068280E-4	2	8	
3.068280E-4	2	8	
3.068280E-4	2	8	
3.068280E-4	2	8	
3.068280E-4	2	8	
3.068280E-4	2	8	
3.068280E-4	2	8	
3.068280E-4	2	8	
3.068280E-4	2	8	
3.068280E-4	2	8	
3.068280E-4	2	8	
3.068280E-4	2	8	
3.068280E-4	2	8	
3.068280E-4	2	8	
3.068280E-4	2	8	
3.068160E-4	2	8	
3.068160E-4	2	8	
3.068280E-4	2	8	
3.068280E-4	2	8	
3.068160E-4	2	8	
3.068280E-4	2	8	
3.068160E-4	2	8	
3.068280E-4	2	8	
3.068160E-4	2	8	
3.068280E-4	2	8	
3.068160E-4	2	8	
3.068160E-4	2	8	
3.068160E-4	2	8	
3.068160E-4	2	8	
3.068160E-4	2	8	
3.068160E-4	2	8	
3.068160E-4	2	8	
3.068160E-4	2	8	
3.068160E-4	2	8	
3.068160E-4	2	8	
3.068160E-4	3	8	
3.068160E-4	3	8	
3.068160E-4	3	8	
3.068160E-4	3	8	
3.068160E-4	3	8	
3.068160E-4	3	8	
3.068160E-4	3	8	
3.068040E-4	3	8	
3.068160E-4	3	8	
3.068040E-4	3	8	
3.068160E-4	3	8	
3.068040E-4	3	8	
3.068160E-4	3	8	
3.068040E-4	3	8	
3.068040E-4	3	8	
3.068160E-4	3	8	
3.068040E-4	3	8	
3.068040E-4	3	8	
3.068040E-4	3	8	
3.068160E-4	3	8	
3.068040E-4	3	8	
3.068040E-4	1	8	
3.068040E-4	1	8	
3.068040E-4	1	8	
3.068160E-4	1	8	
3.068040E-4	1	8	
3.068040E-4	1	8	
3.068040E-4	1	8	
3.068040E-4	1	8	
3.068040E-4	1	8	
3.068040E-4	1	8	
3.067920E-4	1	8	
3.068040E-4	1	8	
3.068040E-4	1	8	
3.068040E-4	1	8	
3.068040E-4	1	8	
3.067920E-4	1	8	
3.067920E-4	1	8	
3.068040E-4	1	8	
3.067920E-4	1	8	
3.068040E-4	1	8	
3.067920E-4	1	8	
3.068040E-4	1	8	
3.068040E-4	1	8	
3.067920E-4	1	8	
3.068040E-4	1	8	
3.067920E-4	1	8	
3.068040E-4	1	8	
3.067920E-4	1	8	
3.068040E-4	1	8	
3.067920E-4	1	8	
3.068040E-4	1	8	
3.067920E-4	1	8	
3.067920E-4	1	8	
3.067920E-4	1	8	
3.067920E-4	1	8	
3.068040E-4	1	8	
3.067920E-4	1	8	
3.068040E-4	1	8	
3.067920E-4	1	8	
3.067920E-4	1	8	
3.068040E-4	1	8	
3.067920E-4	1	8	
3.067920E-4	1	8	
3.067920E-4	1	8	
3.068040E-4	1	8	
3.067920E-4	1	8	
3.067920E-4	1	8	
3.067920E-4	1	8	
3.068040E-4	1	8	
3.067920E-4	1	8	
3.067920E-4	1	8	
3.067920E-4	1	8	
3.067920E-4	1	8	
3.068040E-4	1	8	
3.067920E-4	1	8	
3.067920E-4	1	8	
3.067920E-4	1	8	
3.067920E-4	1	8	
3.067920E-4	1	8	
3.067800E-4	1	8	
3.067920E-4	1	8	
3.067920E-4	1	8	
3.067920E-4	1	8	
3.067920E-4	1	8	
3.067920E-4	1	8	
3.067920E-4	1	8	
3.067920E-4	1	8	
3.067920E-4	1	8	
3.067920E-4	1	8	
3.067920E-4	1	8	
3.067920E-4	1	8	
3.067920E-4	1	8	
3.067920E-4	1	8	
3.067920E-4	1	8	
3.067800E-4	1	8	
3.067800E-4	1	8	
3.067920E-4	1	8	
3.067920E-4	1	8	
3.067920E-4	1	8	
3.087960E-4	4	8	
3.546720E-4	4	8	
3.524880E-4	4	8	
3.506880E-4	4	8	
3.507120E-4	4	8	
3.498000E-4	4	8	
3.495360E-4	4	8	
3.499200E-4	4	8	
3.510120E-4	4	8	
3.529560E-4	4	8	
3.544920E-4	4	8	
3.547560E-4	4	8	
3.509520E-4	4	8	
3.532560E-4	4	8	
3.551520E-4	4	8	
3.534720E-4	4	8	
3.501720E-4	4	8	
3.503520E-4	4	8	
3.527880E-4	4	8	
3.514200E-4	4	8	
3.543720E-4	4	8	
3.463080E-4	2	8	
3.070680E-4	2	8	
3.068280E-4	2	8	
3.068520E-4	2	8	
3.068640E-4	2	8	
3.068520E-4	2	8	
3.068520E-4	2	8	
3.068520E-4	2	8	
3.068520E-4	2	8	
3.068520E-4	2	8	
3.068520E-4	2	8	
3.068520E-4	2	8	
3.068520E-4	2	8	
3.068400E-4	2	8	
3.068400E-4	2	8	
3.068400E-4	2	8	
3.068400E-4	2	8	
3.068400E-4	2	8	
3.068400E-4	2	8	
3.068400E-4	2	8	
3.068400E-4	2	8	
3.068400E-4	2	8	
3.068400E-4	2	8	
3.068400E-4	2	8	
3.068280E-4	2	8	
3.068400E-4	2	8	
3.068400E-4	2	8	
3.068280E-4	2	8	
3.068400E-4	2	8	
3.068400E-4	2	8	
3.068280E-4	2	8	
3.068400E-4	2	8	
3.068280E-4	2	8	
3.068400E-4	2	8	
3.068280E-4	2	8	
3.068280E-4	2	8	
3.068280E-4	2	8	
3.068280E-4	2	8	
3.068280E-4	2	8	
3.068280E-4	2	8	
3.068280E-4	2	8	
3.068280E-4	2	8	
3.068280E-4	2	8	
3.068400E-4	2	8	
3.068160E-4	2	8	
3.068280E-4	2	8	
3.068280E-4	2	8	
3.068280E-4	2	8	
3.068280E-4	2	8	
3.068160E-4	2	8	
3.068280E-4	2	8	
3.068280E-4	2	8	
3.068160E-4	2	8	
3.068280E-4	2	8	
3.068280E-4	2	8	
3.068160E-4	2	8	
3.068280E-4	2	8	
3.068280E-4	2	8	
3.068160E-4	2	8	
3.068160E-4	2	8	
3.068280E-4	2	8	
3.068160E-4	2	8	
3.068280E-4	2	8	
3.068160E-4	2	8	
3.068160E-4	2	8	
3.068160E-4	2	8	
3.068160E-4	2	8	
3.068160E-4	2	8	
3.068160E-4	2	8	
3.068160E-4	2	8	
3.068160E-4	2	8	
3.068160E-4	2	8	
3.068160E-4	2	8	
3.068160E-4	2	8	
3.068040E-4	2	8	
3.068160E-4	2	8	
3.068160E-4	2	8	
3.068040E-4	2	8	
3.068160E-4	2	8	
3.068040E-4	3	8	
3.068160E-4	3	8	
3.068040E-4	3	8	
3.068160E-4	3	8	
3.068040E-4	3	8	
3.068040E-4	3	8	
3.068040E-4	3	8	
3.068040E-4	3	8	
3.068040E-4	3	8	
3.068040E-4	3	8	
3.068040E-4	3	8	
3.068040E-4	3	8	
3.068040E-4	3	8	
3.068040E-4	3	8	
3.068040E-4	3	8	
3.068040E-4	3	8	
3.068040E-4	3	8	
3.068040E-4	3	8	
3.068040E-4	3	8	
3.068040E-4	3	8	
3.068040E-4	3	8	
3.068040E-4	1	8	
3.067920E-4	1	8	
3.068040E-4	1	8	
3.068040E-4	1	8	
3.068040E-4	1	8	
3.068040E-4	1	8	
3.068040E-4	1	8	
3.067920E-4	1	8	
3.068040E-4	1	8	
3.068040E-4	1	8	
3.067920E-4	1	8	
3.068040E-4	1	8	
3.068040E-4	1	8	
3.068040E-4	1	8	
3.067920E-4	1	8	
3.067920E-4	1	8	
3.068040E-4	1	8	
3.067920E-4	1	8	
3.068040E-4	1	8	
3.067920E-4	1	8	
3.068040E-4	1	8	
3.067920E-4	1	8	
3.067920E-4	1	8	
3.068040E-4	1	8	
3.067920E-4	1	8	
3.068040E-4	1	8	
3.067920E-4	1	8	
3.067920E-4	1	8	
3.068040E-4	1	8	
3.067920E-4	1	8	
3.068040E-4	1	8	
3.067920E-4	1	8	
3.068040E-4	1	8	
3.067920E-4	1	8	
3.067920E-4	1	8	
3.068040E-4	1	8	
3.067920E-4	1	8	
3.068040E-4	1	8	
3.067920E-4	1	8	
3.067920E-4	1	8	
3.068040E-4	1	8	
3.067920E-4	1	8	
3.067920E-4	1	8	
3.067920E-4	1	8	
3.067920E-4	1	8	
3.067920E-4	1	8	
3.067920E-4	1	8	
3.067920E-4	1	8	
3.067920E-4	1	8	
3.067920E-4	1	8	
3.067920E-4	1	8	
3.067920E-4	1	8	
3.067920E-4	1	8	
3.067920E-4	1	8	
3.068040E-4	1	8	
3.067920E-4	1	8	
3.067920E-4	1	8	
3.067920E-4	1	8	
3.067920E-4	1	8	
3.067920E-4	1	8	
3.067920E-4	1	8	
3.067920E-4	1	8	
3.067920E-4	1	8	
3.067920E-4	1	8	
3.067920E-4	1	8	
3.067920E-4	1	8	
3.067920E-4	1	8	
3.067800E-4	1	8	
3.067800E-4	1	8	
3.067800E-4	1	8	
3.067920E-4	1	8	
3.067920E-4	1	8	
3.067920E-4	1	8	
3.067920E-4	1	8	
3.067920E-4	1	8	
3.067920E-4	1	8	
3.067920E-4	1	8	
3.067920E-4	1	8	
3.067920E-4	1	8	
3.217080E-4	4	8	
3.547920E-4	4	8	
3.543120E-4	4	8	
3.499680E-4	4	8	
3.523800E-4	4	8	
3.551400E-4	4	8	
3.538680E-4	4	8	
3.510480E-4	4	8	
3.493440E-4	4	8	
3.506520E-4	4	8	
3.583560E-4	4	8	
3.551640E-4	4	8	
3.529080E-4	4	8	
3.522720E-4	4	8	
3.503160E-4	4	8	
3.547800E-4	4	8	
3.537360E-4	4	8	
3.522960E-4	4	8	
3.515400E-4	4	8	
3.469440E-4	4	8	
3.544440E-4	4	8	
3.499560E-4	2	8	
3.092760E-4	2	8	
3.068280E-4	2	8	
3.068640E-4	2	8	
3.068520E-4	2	8	
3.068640E-4	2	8	
3.068520E-4	2	8	
3.068640E-4	2	8	
3.068520E-4	2	8	
3.068520E-4	2	8	
3.068520E-4	2	8	
3.068520E-4	2	8	
3.068400E-4	2	8	
3.068520E-4	2	8	
3.068520E-4	2	8	
3.068400E-4	2	8	
3.068520E-4	2	8	
3.068400E-4	2	8	
3.068400E-4	2	8	
3.068400E-4	2	8	
3.068400E-4	2	8	
3.068400E-4	2	8	
3.068400E-4	2	8	
3.068400E-4	2	8	
3.068280E-4	2	8	
3.068400E-4	2	8	
3.068400E-4	2	8	
3.068400E-4	2	8	
3.068280E-4	2	8	
3.068400E-4	2	8	
3.068400E-4	2	8	
3.068280E-4	2	8	
3.068400E-4	2	8	
3.068280E-4	2	8	
3.068400E-4	2	8	
3.068280E-4	2	8	
3.068280E-4	2	8	
3.068400E-4	2	8	
3.068280E-4	2	8	
3.068280E-4	2	8	
3.068280E-4	2	8	
3.068280E-4	2	8	
3.068280E-4	2	8	
3.068400E-4	2	8	
3.068280E-4	2	8	
3.068280E-4	2	8	
3.068280E-4	2	8	
3.068280E-4	2	8	
3.068280E-4	2	8	
3.068280E-4	2	8	
3.068280E-4	2	8	
3.068280E-4	2	8	
3.068280E-4	2	8	
3.068160E-4	2	8	
3.068280E-4	2	8	
3.068280E-4	2	8	
3.068280E-4	2	8	
3.068160E-4	2	8	
3.068160E-4	2	8	
3.068280E-4	2	8	
3.068160E-4	2	8	
3.068280E-4	2	8	
3.068160E-4	2	8	
3.068280E-4	2	8	
3.068160E-4	2	8	
3.068280E-4	2	8	
3.068160E-4	2	8	
3.068280E-4	2	8	
3.068160E-4	2	8	
3.068160E-4	2	8	
3.068280E-4	2	8	
3.068160E-4	2	8	
3.068160E-4	2	8	
3.068160E-4	2	8	
3.068160E-4	2	8	
3.068160E-4	2	8	
3.068160E-4	2	8	
3.068160E-4	2	8	
3.068160E-4	2	8	
3.068160E-4	3	8	
3.068160E-4	3	8	
3.068040E-4	3	8	
3.068160E-4	3	8	
3.068160E-4	3	8	
3.068040E-4	3	8	
3.068160E-4	3	8	
3.068040E-4	3	8	
3.068160E-4	3	8	
3.068040E-4	3	8	
3.068160E-4	3	8	
3.068040E-4	3	8	
3.068160E-4	3	8	
3.068040E-4	3	8	
3.068160E-4	3	8	
3.068040E-4	3	8	
3.068040E-4	3	8	
3.068040E-4	3	8	
3.068040E-4	3	8	
3.068040E-4	3	8	
3.068040E-4	3	8	
3.068040E-4	1	8	
3.068040E-4	1	8	
3.068040E-4	1	8	
3.068040E-4	1	8	
3.068040E-4	1	8	
3.068040E-4	1	8	
3.068040E-4	1	8	
3.068040E-4	1	8	
3.067920E-4	1	8	
3.067920E-4	1	8	
3.068040E-4	1	8	
3.068040E-4	1	8	
3.068040E-4	1	8	
3.068040E-4	1	8	
3.068040E-4	1	8	
3.068040E-4	1	8	
3.068040E-4	1	8	
3.068040E-4	1	8	
3.067920E-4	1	8	
3.068040E-4	1	8	
3.068040E-4	1	8	
3.068040E-4	1	8	
3.067920E-4	1	8	
3.068040E-4	1	8	
3.067920E-4	1	8	
3.068040E-4	1	8	
3.067920E-4	1	8	
3.067920E-4	1	8	
3.068040E-4	1	8	
3.067920E-4	1	8	
3.068040E-4	1	8	
3.067920E-4	1	8	
3.067920E-4	1	8	
3.068040E-4	1	8	
3.067920E-4	1	8	
3.067920E-4	1	8	
3.067920E-4	1	8	
3.068040E-4	1	8	
3.067920E-4	1	8	
3.067920E-4	1	8	
3.067920E-4	1	8	
3.067920E-4	1	8	
3.067920E-4	1	8	
3.067920E-4	1	8	
3.067920E-4	1	8	
3.067920E-4	1	8	
3.067920E-4	1	8	
3.067920E-4	1	8	
3.067920E-4	1	8	
3.067920E-4	1	8	
3.068040E-4	1	8	
3.067920E-4	1	8	
3.067920E-4	1	8	
3.067920E-4	1	8	
3.067920E-4	1	8	
3.067920E-4	1	8	
3.067920E-4	1	8	
3.067920E-4	1	8	
3.067920E-4	1	8	
3.067920E-4	1	8	
3.067920E-4	1	8	
3.067920E-4	1	8	
3.067920E-4	1	8	
3.067920E-4	1	8	
3.067920E-4	1	8	
3.067920E-4	1	8	
3.067920E-4	1	8	
3.067920E-4	1	8	
3.067920E-4	1	8	
3.067920E-4	1	8	
3.067800E-4	1	8	
3.067920E-4	1	8	
3.067920E-4	1	8	
3.067920E-4	1	8	
3.067920E-4	1	8	
3.067920E-4	1	8	
3.067920E-4	1	8	
3.067920E-4	1	8	
3.067920E-4	1	8	
3.194040E-4	4	8	
3.547800E-4	4	8	
3.530520E-4	4	8	
3.475080E-4	4	8	
3.483120E-4	4	8	
3.499920E-4	4	8	
3.545040E-4	4	8	
3.504360E-4	4	8	
3.497400E-4	4	8	
3.538440E-4	4	8	
3.583680E-4	4	8	
3.552840E-4	4	8	
3.547320E-4	4	8	
3.507960E-4	4	8	
3.504720E-4	4	8	
3.532320E-4	4	8	
3.496680E-4	4	8	
3.501240E-4	4	8	
3.529800E-4	4	8	
3.515640E-4	4	8	
3.528360E-4	4	8	
3.490680E-4	2	8	
3.080760E-4	2	8	
3.068400E-4	2	8	
3.068520E-4	2	8	
3.068640E-4	2	8	
3.068640E-4	2	8	
3.068640E-4	2	8	
3.068640E-4	2	8	
3.068520E-4	2	8	
3.068520E-4	2	8	
3.068520E-4	2	8	
3.068400E-4	2	8	
3.068400E-4	2	8	
3.068520E-4	2	8	
3.068520E-4	2	8	
3.068400E-4	2	8	
3.068520E-4	2	8	
3.068400E-4	2	8	
3.068400E-4	2	8	
3.068400E-4	2	8	
3.068400E-4	2	8	
3.068400E-4	2	8	
3.068400E-4	2	8	
3.068400E-4	2	8	
3.068280E-4	2	8	
3.068400E-4	2	8	
3.068400E-4	2	8	
3.068400E-4	2	8	
3.068400E-4	2	8	
3.068280E-4	2	8	
3.068400E-4	2	8	
3.068280E-4	2	8	
3.068400E-4	2	8	
3.068280E-4	2	8	
3.068280E-4	2	8	
3.068400E-4	2	8	
3.068280E-4	2	8	
3.068280E-4	2	8	
3.068400E-4	2	8	
3.068280E-4	2	8	
3.068280E-4	2	8	
3.068400E-4	2	8	
3.068280E-4	2	8	
3.068280E-4	2	8	
3.068280E-4	2	8	
3.068280E-4	2	8	
3.068280E-4	2	8	
3.068280E-4	2	8	
3.068280E-4	2	8	
3.068280E-4	2	8	
3.068280E-4	2	8	
3.068280E-4	2	8	
3.068280E-4	2	8	
3.068160E-4	2	8	
3.068280E-4	2	8	
3.068280E-4	2	8	
3.068160E-4	2	8	
3.068160E-4	2	8	
3.068280E-4	2	8	
