tau (s)	adev [BVD]	adev err [BVD]
60.0	9.615648393717623e-10	3.401771864591149e-11
120.0	6.622163411273736e-10	3.315228334319499e-11
180.0	5.347066383282957e-10	3.284676768637697e-11
240.0	4.885606510916093e-10	3.4633146306547714e-11
300.0	3.948439647326816e-10	3.131316323424921e-11
360.0	3.7001013339676167e-10	3.220524835078167e-11
420.0	3.799215878735178e-10	3.574001660620508e-11
480.0	3.5261907762718305e-10	3.543955073971426e-11
540.0	3.116889181662629e-10	3.341655961360821e-11
600.0	3.239978614446509e-10	3.64526073837283e-11
660.0	3.361547454866502e-10	3.9894228625837945e-11
720.0	2.8509626015453467e-10	3.5361838960643635e-11
780.0	2.71140914374952e-10	3.500414152832134e-11
840.0	2.528839072532372e-10	3.3793033556083256e-11
900.0	2.405503733206384e-10	3.335833482075256e-11
960.0	2.053064310140498e-10	2.932949014486426e-11
1020.0	2.0155685248337206e-10	2.9717936606572415e-11
1080.0	1.9031581370015025e-10	2.9022889500959253e-11
1140.0	2.0516659265070566e-10	3.2041638588127944e-11
1200.0	1.6831658163907445e-10	2.695222347264822e-11
1260.0	1.8648202034314255e-10	3.0657455295069676e-11
1320.0	2.071932411155106e-10	3.5022049855953036e-11
1380.0	1.7843902348615247e-10	3.106224693949313e-11
1440.0	1.630615735970001e-10	2.8825486110347016e-11
1500.0	1.5096525943560748e-10	2.7114161016482713e-11
1560.0	1.2547738445918732e-10	2.3300565340720744e-11
1620.0	1.2694654092413086e-10	2.399064122036671e-11
1680.0	1.2791244028631356e-10	2.4616760610668354e-11
1740.0	1.323673301013188e-10	2.5959369198030852e-11
1800.0	1.2301236924029818e-10	2.4602473848059637e-11
1860.0	1.139215643859023e-10	2.325414195375676e-11
1920.0	1.2491225876179874e-10	2.5497608048742016e-11
1980.0	1.406517675136266e-10	2.932792088919576e-11
2040.0	1.405785253802963e-10	2.9971442315294534e-11
2100.0	1.1894756620390454e-10	2.5956486945722077e-11
2160.0	1.310443512872852e-10	2.8596221865255632e-11
2220.0	1.1255551890256052e-10	2.5168179150888782e-11
2280.0	1.2942451548287506e-10	2.8940201457468265e-11
2340.0	1.1627416547959649e-10	2.6675123003688764e-11
2400.0	1.5078477463842006e-10	3.459239973018041e-11
2460.0	1.0413376066618373e-10	2.4544562772505163e-11
2520.0	1.279516491635128e-10	3.015849292917398e-11
2580.0	1.0666131104503793e-10	2.5869167741503e-11
2640.0	1.4327148431667906e-10	3.474843899862893e-11
2700.0	1.1554402987395377e-10	2.8886007468488444e-11
2760.0	1.218454232908234e-10	3.046135582270585e-11
2820.0	1.4047242608056879e-10	3.5118106520142197e-11
2880.0	1.393031763339462e-10	3.596792546767792e-11
2940.0	1.3837428227342322e-10	3.5728086052558154e-11
3000.0	1.0245001128602659e-10	2.6452479168636193e-11
3060.0	1.1715703662474295e-10	3.131153510710819e-11
3120.0	8.257074724547447e-11	2.2067960454462402e-11
3180.0	1.0885166900321354e-10	2.9091832242039e-11
3240.0	1.3451871428268118e-10	3.730877860428439e-11
3300.0	1.3793441619378138e-10	3.825612386445148e-11
3360.0	9.359602638215729e-11	2.5958867100042185e-11
3420.0	7.858824051754416e-11	2.1796456218038626e-11
3480.0	1.0646182579027782e-10	3.073288188921797e-11
3540.0	9.125810616725749e-11	2.634394608070078e-11
3600.0	7.522943830920133e-11	2.171686822940087e-11
3660.0	7.85032004016996e-11	2.26619219420842e-11
3720.0	9.901490077033084e-11	2.9854115864496297e-11
3780.0	1.2138481475322314e-10	3.659889870756707e-11
3840.0	7.378782116633867e-11	2.224786517332634e-11
3900.0	6.472779581017106e-11	1.9516164746279612e-11
3960.0	7.988122440834202e-11	2.4085095377877274e-11
4020.0	6.521503353288185e-11	2.06228043648164e-11
4080.0	5.453118447044246e-11	1.7244274643340105e-11
4140.0	6.390656135996938e-11	2.0209029132681094e-11
4200.0	8.780163533998363e-11	2.776531499618807e-11
4260.0	7.192173482542014e-11	2.2743649531898024e-11
4320.0	8.183074601327455e-11	2.5877154003269076e-11
4380.0	9.867242812136705e-11	3.2890809373789016e-11
4440.0	6.38704885314057e-11	2.12901628438019e-11
4500.0	6.40301261319775e-11	2.1343375377325833e-11
4560.0	8.910389541076439e-11	2.9701298470254793e-11
4620.0	7.638005069649546e-11	2.546001689883182e-11
4680.0	5.5849448133382736e-11	1.8616482711127578e-11
4740.0	3.4292510159261555e-11	1.1430836719753851e-11
4800.0	3.433215981855906e-11	1.1444053272853021e-11
4860.0	3.727202871635148e-11	1.3177652126955931e-11
4920.0	4.219525291885369e-11	1.4918274736401454e-11
4980.0	3.6970968920059747e-11	1.3071211415205667e-11
5040.0	5.3137422918283476e-11	1.8786916040147855e-11
5100.0	7.025472385960133e-11	2.4838795825756218e-11
5160.0	7.558923670405742e-11	2.6724830929077036e-11
5220.0	1.0777751474688574e-10	3.810510576847801e-11
5280.0	1.5362700213748272e-10	5.4315347492387126e-11
5340.0	8.916366273545012e-11	3.3700696797376874e-11
5400.0	5.3082282467648044e-11	2.0063216919011534e-11
5460.0	3.9517813396628445e-11	1.493632951493365e-11
5520.0	5.3190514062867826e-11	2.0104124616861728e-11
5580.0	6.306997056456185e-11	2.3838208187142093e-11
5640.0	5.6144819841848576e-11	2.12207472437223e-11
5700.0	6.629581531383137e-11	2.505746289780933e-11
5760.0	6.440721923346806e-11	2.434364067556752e-11
5820.0	6.241236986448166e-11	2.3589658485085784e-11
5880.0	6.037294931243779e-11	2.2818829970888333e-11
5940.0	3.485320352933387e-11	1.3173272704648016e-11
6000.0	6.226843351573383e-11	2.3535255658884437e-11
6060.0	5.959295799492252e-11	2.432872322511192e-11
6120.0	6.310181121181585e-11	2.576120655239725e-11
6180.0	4.499001408481213e-11	1.8367096338069674e-11
6240.0	4.167145236667775e-11	1.701229918984249e-11
6300.0	6.922002968394089e-11	2.8258958784326725e-11
6360.0	7.986443097603238e-11	3.260451741483441e-11
6420.0	6.304038160633209e-11	2.5736128020974632e-11
6480.0	7.252054943009238e-11	2.9606390328335294e-11
6540.0	6.691488981472901e-11	2.731788937344088e-11
6600.0	6.626065969848328e-11	2.7050801046913584e-11
6660.0	5.261848294869984e-11	2.1481405710608637e-11
6720.0	4.289284191130259e-11	1.751092938342602e-11
6780.0	4.7836889614281694e-11	1.9529328406139027e-11
6840.0	5.481219295790208e-11	2.2376984071638916e-11
6900.0	5.614779340842029e-11	2.5110056569568476e-11
6960.0	7.394096259947124e-11	3.306740373883745e-11
7020.0	6.884335236918197e-11	3.078768313929241e-11
7080.0	4.762757337754532e-11	2.1299698335110118e-11
7140.0	3.929210967244593e-11	1.7571965641393217e-11
7200.0	3.4030915370510297e-11	1.521908802100069e-11
7260.0	3.177857864588485e-11	1.4211812416104348e-11
7320.0	5.4140976135995706e-11	2.4212580601656057e-11
7380.0	5.630939727558103e-11	2.5182328016048128e-11
7440.0	5.178586515274546e-11	2.3159342951035276e-11
7500.0	4.970376987714134e-11	2.222820163665888e-11
7560.0	5.866056202816404e-11	2.6233800858663542e-11
7620.0	5.5240691605024456e-11	2.470438831058733e-11
7680.0	5.032217418464151e-11	2.2504760450488692e-11
7740.0	4.910363470083345e-11	2.1959813026676225e-11
7800.0	5.3942831908137725e-11	2.4123967809088126e-11
7860.0	5.1846096882255754e-11	2.3186279399352754e-11
7920.0	4.6079033044885245e-11	2.0607170045164503e-11
7980.0	4.0942057757979175e-11	1.8309844857112812e-11
8040.0	3.6561709687062956e-11	1.8280854843531478e-11
8100.0	4.901655215450781e-11	2.4508276077253904e-11
8160.0	4.011494867088039e-11	2.0057474335440194e-11
8220.0	4.282738895109372e-11	2.141369447554686e-11
8280.0	4.2446338136656214e-11	2.1223169068328107e-11
8340.0	4.4247259810555106e-11	2.2123629905277553e-11
8400.0	4.189341767242622e-11	2.094670883621311e-11
8460.0	4.5234159280390807e-11	2.2617079640195403e-11
8520.0	4.4904848739946244e-11	2.2452424369973122e-11
8580.0	5.2882519788872466e-11	2.6441259894436233e-11
8640.0	6.374206855616267e-11	3.187103427808134e-11
8700.0	4.918700088850517e-11	2.4593500444252586e-11
8760.0	5.887182914879755e-11	2.943591457439878e-11
8820.0	6.791612289183587e-11	3.395806144591794e-11
8880.0	5.648530365650104e-11	2.824265182825052e-11
8940.0	4.997909452648791e-11	2.4989547263243954e-11
9000.0	4.3065804481339424e-11	2.1532902240669712e-11
9060.0	5.008403513562748e-11	2.504201756781374e-11
9120.0	6.137120997957794e-11	3.068560498978897e-11
9180.0	6.902285016138746e-11	3.451142508069373e-11
9240.0	5.974780005280599e-11	2.9873900026402996e-11
9300.0	5.6602461040663904e-11	2.8301230520331952e-11
9360.0	5.649771402372235e-11	2.8248857011861174e-11
9420.0	4.874903369931356e-11	2.437451684965678e-11
9480.0	3.554835048695648e-11	1.777417524347824e-11
9540.0	4.62393447902262e-11	2.31196723951131e-11
9600.0	4.985434817340066e-11	2.492717408670033e-11
9660.0	5.2958561321756553e-11	3.057563963501145e-11
9720.0	5.016667988357988e-11	2.896374613513463e-11
9780.0	6.011590581857617e-11	3.470793440693314e-11
9840.0	6.488840814791435e-11	3.746333991148466e-11
9900.0	5.935231209114557e-11	3.426707336284958e-11
9960.0	5.643588650860995e-11	3.258327426770112e-11
10020.0	5.598733064856328e-11	3.23243004211566e-11
10080.0	5.7069753317688016e-11	3.2949237440552716e-11
10140.0	5.401692738000953e-11	3.118668756364497e-11
10200.0	4.7801075285411496e-11	2.7597963683585897e-11
10260.0	4.82744112251847e-11	2.787124431583108e-11
10320.0	5.5709319219991465e-11	3.2163790448032865e-11
10380.0	5.160921753391679e-11	2.9796595635872816e-11
10440.0	5.5583993404894565e-11	3.209143355495026e-11
10500.0	4.552354982242072e-11	2.6283033744441944e-11
10560.0	3.7313927592223433e-11	2.1543206139892404e-11
10620.0	3.604963252505343e-11	2.0813265042526688e-11
10680.0	4.3796970584404145e-11	2.5286192756595856e-11
10740.0	4.1703667490563565e-11	2.407762365187152e-11
10800.0	4.803838832128656e-11	2.7734976428730572e-11
10860.0	5.054307798337713e-11	2.918105967937503e-11
10920.0	4.881941220366106e-11	2.8185900777463016e-11
10980.0	6.182933952162693e-11	3.5697185816628076e-11
11040.0	5.3541515414528477e-11	3.0912208337398514e-11
11100.0	5.360931775034146e-11	3.095135403423183e-11
11160.0	5.562312350657995e-11	3.211402532969174e-11
11220.0	4.939362174786349e-11	2.8517420812379543e-11
11280.0	4.623669997635713e-11	2.6694771177789753e-11
11340.0	6.042543966473346e-11	3.488664385633535e-11
11400.0	5.861722603727647e-11	3.384267123177071e-11
11460.0	6.76149375554368e-11	3.903750239887118e-11
11520.0	6.367954929580479e-11	3.676540492780694e-11
11580.0	6.697509026746348e-11	3.866808639491953e-11
11640.0	7.354607459582793e-11	4.246184596574155e-11
11700.0	7.1930877644964e-11	4.1529311571366e-11
11760.0	5.863019867427862e-11	3.3850160987236e-11
11820.0	5.7893772088230186e-11	3.342498489954254e-11
11880.0	5.4036381850795914e-11	3.119791960759043e-11
11940.0	5.7016188122953926e-11	3.2918311560953794e-11
12000.0	6.217757427068204e-11	3.5898239242736226e-11
12060.0	7.421095577880168e-11	5.2475070069525674e-11
12120.0	6.77619575194373e-11	4.7914939668468874e-11
12180.0	6.751059626121556e-11	4.7737200418252704e-11
12240.0	6.266940566524655e-11	4.431396171882647e-11
12300.0	5.605783861736939e-11	3.9638877825003004e-11
12360.0	5.764104997446793e-11	4.075837731165894e-11
12420.0	5.07467660246221e-11	3.588338237929738e-11
12480.0	5.4706798191864405e-11	3.8683547978471276e-11
12540.0	5.3588664014925825e-11	3.7892907719681567e-11
12600.0	5.1538218274282366e-11	3.6443023632017505e-11
12660.0	5.6161609013413e-11	3.971225457573186e-11
12720.0	6.357328779185116e-11	4.4953102899941905e-11
12780.0	4.9901423206290306e-11	3.5285634740027624e-11
12840.0	5.861300337665178e-11	4.144565215334048e-11
12900.0	5.456952849691304e-11	3.8586483646319754e-11
12960.0	7.149603760454523e-11	5.055533301814233e-11
13020.0	5.967689954328244e-11	4.219794034724339e-11
13080.0	5.3489248338273094e-11	3.782261022056417e-11
13140.0	7.324489431580222e-11	5.1791961457995757e-11
13200.0	9.437707126686079e-11	6.673466708132333e-11
13260.0	8.41317266795974e-11	5.94901144480765e-11
13320.0	7.184720962669616e-11	5.0803649136368254e-11
13380.0	6.216342143772701e-11	4.395617684037397e-11
13440.0	6.200193414944385e-11	4.3841988083753515e-11
13500.0	4.195571537312473e-11	2.9667170849869176e-11
13560.0	3.882565148337416e-11	2.7453881447879402e-11
13620.0	3.565826457126842e-11	2.521420068368792e-11
13680.0	2.856794016562643e-11	2.020058421564599e-11
13740.0	2.735010326487382e-11	1.933944348474461e-11
13800.0	3.2014044119015816e-11	2.2637347689761394e-11
13860.0	3.4505785783795353e-11	2.439927511789206e-11
13920.0	4.281591537878418e-11	3.027542410704768e-11
13980.0	3.905008545290386e-11	2.7612580229662473e-11
14040.0	4.1797745158697635e-11	2.955546904002228e-11
14100.0	3.0051626889246227e-11	2.1249709159074e-11
14160.0	2.8554314888749294e-11	2.019094968997062e-11
14220.0	3.2988910204503363e-11	2.3326682109558423e-11
14280.0	2.977001995351548e-11	2.105058298518962e-11
14340.0	3.176026183191197e-11	2.245789651360523e-11
14400.0	3.80844709475546e-11	2.6929787664917914e-11
14460.0	3.8431522788705977e-11	2.717519037521933e-11
14520.0	4.8298812695373256e-11	3.415241798015734e-11
14580.0	4.129673281272225e-11	2.920119981272491e-11
14640.0	4.4721044118264575e-11	3.1622553557767645e-11
14700.0	4.164327165816497e-11	2.944623978028201e-11
14760.0	3.418750109131678e-11	2.4174213853492586e-11
14820.0	3.674397945019932e-11	2.5981917037015087e-11
14880.0	5.093097324690334e-11	3.601363655531599e-11
14940.0	4.770186835666626e-11	3.3730314590266705e-11
15000.0	5.360717681663782e-11	3.790599824731088e-11
15060.0	4.768420606084844e-11	3.37178254611226e-11
15120.0	4.7541778620952023e-11	3.3617114052544804e-11
15180.0	4.20257492037352e-11	2.971669224640631e-11
15240.0	5.677124421894057e-11	4.014333176361046e-11
15300.0	5.693042213723602e-11	4.0255887549052327e-11
15360.0	4.891446620429833e-11	3.458775075117955e-11
15420.0	5.020547235765261e-11	3.550062995676992e-11
15480.0	5.2160960381355655e-11	3.688336879885943e-11
15540.0	5.7546076900161014e-11	4.069122120678639e-11
15600.0	5.6616275078617135e-11	4.003375203361311e-11
15660.0	4.509976937333969e-11	3.1890352753837864e-11
15720.0	3.404726577066348e-11	2.4075052507296766e-11
15780.0	3.181469347740781e-11	2.249638549924648e-11
15840.0	2.640825588814286e-11	1.8673456817815387e-11
15900.0	2.92281313825105e-11	2.0667409901984512e-11
15960.0	2.6487347775654424e-11	1.872938322781166e-11

tau (s)	adev [BV I-]	adev err [BV I-]
1.0	1.3146282270332967e-09	3.2875981025677296e-11
2.0	1.4953872971286203e-09	5.290299962884158e-11
3.0	2.0845317494533186e-09	9.037591308702637e-11
4.0	2.2761556153478594e-09	1.1395030778725879e-10
5.0	2.54886626788605e-09	1.427091134817398e-10
6.0	2.6594589516701446e-09	1.6336926474313088e-10
7.0	2.6993535920598946e-09	1.791623905301273e-10
8.0	2.7634664967047402e-09	1.9589694601842206e-10
9.0	2.902603010618386e-09	2.1879193412675356e-10
10.0	2.6058816368264674e-09	2.066598564279023e-10
11.0	2.711630166855844e-09	2.2596918057132035e-10
12.0	2.5921382563152303e-09	2.2561667578622258e-10
13.0	2.6608186036938386e-09	2.4089919736923413e-10
14.0	2.7158858900493234e-09	2.554890532917958e-10
15.0	2.6260109053970987e-09	2.562724234140672e-10
16.0	2.6349867862468555e-09	2.648261362886432e-10
17.0	2.615766182945984e-09	2.712423176424374e-10
18.0	2.7238022465876032e-09	2.920222530985915e-10
19.0	2.8295678120812656e-09	3.105854169837473e-10
20.0	2.7901738290013845e-09	3.1391908164898944e-10
21.0	2.693461286909764e-09	3.110141198098376e-10
22.0	2.822704659828919e-09	3.349934116783281e-10
23.0	2.6372137033630196e-09	3.1980913694976617e-10
24.0	2.9164767091158062e-09	3.6174441455078717e-10
25.0	2.830502026185116e-09	3.5660973555953576e-10
26.0	3.00954019933018e-09	3.885299690582512e-10
27.0	2.9886062851975965e-09	3.92423230531443e-10
28.0	3.059535527346632e-09	4.088476323569226e-10
29.0	2.931306611130043e-09	3.989003042730866e-10
30.0	3.056340792614297e-09	4.2383820934858073e-10
31.0	3.122312545267187e-09	4.415616747484514e-10
32.0	3.120647454196789e-09	4.458067791709698e-10
33.0	3.009407731873084e-09	4.389672332233656e-10
34.0	3.1357626820468285e-09	4.6234298387851115e-10
35.0	3.2387305839116343e-09	4.882570065401612e-10
36.0	3.0061593642455867e-09	4.5843500523942376e-10
37.0	3.1682914689882437e-09	4.888779873212032e-10
38.0	3.1582317130060154e-09	4.932329275360459e-10
39.0	3.078607278696374e-09	4.867705510926655e-10
40.0	3.230960060215399e-09	5.17367669460265e-10
41.0	3.197076427676427e-09	5.186342815613316e-10
42.0	3.266197132799517e-09	5.369595009719022e-10
43.0	3.1946821062656034e-09	5.324470177109339e-10
44.0	3.4366823927979747e-09	5.809053492847575e-10
45.0	3.329192498066051e-09	5.709518030853823e-10
46.0	3.2901021155999513e-09	5.727332641385219e-10
47.0	3.3265519312399586e-09	5.790783626051517e-10
48.0	3.1451878476979656e-09	5.559959138031884e-10
49.0	3.3401860838384594e-09	5.99915130413437e-10
50.0	3.232704718126408e-09	5.806109072624737e-10
51.0	3.138246393953458e-09	5.72962780325851e-10
52.0	3.1553606274264673e-09	5.859357587805124e-10
53.0	3.165924013099224e-09	5.878973302553096e-10
54.0	3.1843644607127186e-09	6.017883176312974e-10
55.0	3.0821206150508824e-09	5.82466047009291e-10
56.0	3.2105580284807127e-09	6.178721806640845e-10
57.0	3.0672647317624024e-09	5.90295372852956e-10
58.0	3.0250979039683593e-09	5.93270509340896e-10
59.0	3.0138546154614496e-09	5.910655190526774e-10
60.0	3.0632974335774985e-09	6.126594867154997e-10
61.0	3.0093319804831088e-09	6.018663960966218e-10
62.0	3.1869253493803925e-09	6.505284128602473e-10
63.0	3.102245527915375e-09	6.33243216685308e-10
64.0	2.96318934265282e-09	6.048584917293759e-10
65.0	2.930576666765046e-09	6.110674765198488e-10
66.0	3.008716444207138e-09	6.273607464277369e-10
67.0	2.9252732584870335e-09	6.236703542453463e-10
68.0	2.937591355108832e-09	6.262965812692513e-10
69.0	2.926154980852719e-09	6.238583380853372e-10
70.0	3.0341712385434712e-09	6.621104462896843e-10
71.0	2.732195875674772e-09	5.962140197012284e-10
72.0	2.7177479796980528e-09	5.930612303228397e-10
73.0	2.8082474348363174e-09	6.279432161933417e-10
74.0	2.86664995780839e-09	6.410024173356464e-10
75.0	2.7168737022234457e-09	6.075114284453146e-10
76.0	2.818310430606199e-09	6.301933704532164e-10
77.0	2.942370700252139e-09	6.750261335175831e-10
78.0	2.9363892569107716e-09	6.736538963038181e-10
79.0	2.79666540517876e-09	6.415990463194971e-10
80.0	2.8466060787647417e-09	6.530562226002153e-10
81.0	2.930624060564539e-09	6.907547154445471e-10
82.0	2.8532917699805476e-09	6.725273197523374e-10
83.0	2.8230257759156867e-09	6.653935565381324e-10
84.0	2.709087236462653e-09	6.385379852428887e-10
85.0	2.6228438691790953e-09	6.361330771840659e-10
86.0	2.694004989472986e-09	6.533921839728302e-10
87.0	2.6168708427729326e-09	6.346844054912886e-10
88.0	2.4393597391220547e-09	5.916316390164337e-10
89.0	2.4029836547108542e-09	6.007459136777136e-10
90.0	2.3030350782632577e-09	5.757587695658144e-10
91.0	2.419949173668683e-09	6.049872934171707e-10
92.0	2.4827933861750497e-09	6.206983465437624e-10
93.0	2.530359437369702e-09	6.325898593424255e-10
94.0	2.3736885997364064e-09	5.934221499341016e-10
95.0	2.315421386371863e-09	5.978392312580476e-10
96.0	2.1378121468911156e-09	5.51980722815281e-10
97.0	2.2314286716054807e-09	5.761524055585177e-10
98.0	2.1409548704374004e-09	5.52792170545714e-10
99.0	2.0876534849683252e-09	5.390298119956133e-10
100.0	2.0688761215834984e-09	5.34181517617272e-10
101.0	1.923115529532726e-09	5.139742447639861e-10
102.0	2.0094419317610983e-09	5.370459462333723e-10
103.0	1.8840337591657283e-09	5.03529202279566e-10
104.0	2.0883068541750043e-09	5.581234833410398e-10
105.0	2.059224651049043e-09	5.50350937616046e-10
106.0	2.0527964534186236e-09	5.486329295340815e-10
107.0	1.9100145941406756e-09	5.297427350814421e-10
108.0	1.7615755487529945e-09	4.885731512794259e-10
109.0	1.7330416771784264e-09	4.806592791986866e-10
110.0	1.7491423103558525e-09	4.85124791390121e-10
111.0	1.7852124965521005e-09	4.951288610705907e-10
112.0	1.8411912270060012e-09	5.106545674541996e-10
113.0	1.8689493838155372e-09	5.183532949687498e-10
114.0	1.8929827041348065e-09	5.25018938717271e-10
115.0	1.6382682952035523e-09	4.729273206203001e-10
116.0	1.6447861871744685e-09	4.748088739622789e-10
117.0	1.639314461328569e-09	4.732293227672478e-10
118.0	1.7635194535783378e-09	5.090842156222975e-10
119.0	1.763176986902614e-09	5.089853540085888e-10
120.0	1.7868429898484118e-09	5.158171405942882e-10
121.0	1.8158794141580477e-09	5.241992342900244e-10
122.0	1.9572700689796354e-09	5.65015200601095e-10
123.0	1.8644839906259594e-09	5.382301669438227e-10
124.0	1.7245359041238813e-09	5.199671392250207e-10
125.0	1.6917546503932765e-09	5.100832193357612e-10
126.0	1.617684519865025e-09	4.877502346871377e-10
127.0	1.5608817467026242e-09	4.706235541751965e-10
128.0	1.5924608857686681e-09	4.801450228556076e-10
129.0	1.5632339213848441e-09	4.713327615263144e-10
130.0	1.564394356074562e-09	4.71682645749906e-10
131.0	1.6374744374658032e-09	4.937171193520315e-10
132.0	1.7908549659515213e-09	5.399630887278083e-10
133.0	1.9791081305148334e-09	5.967235534963115e-10
134.0	1.6328849744001902e-09	5.163635676170337e-10
135.0	1.6200027032982045e-09	5.122898358052295e-10
136.0	1.6442078334976872e-09	5.199441700543586e-10
137.0	1.6156541929558775e-09	5.109147160941743e-10
138.0	1.5840383903705714e-09	5.009169214717937e-10
139.0	1.6166592102431043e-09	5.112325304657223e-10
140.0	1.6141138372370082e-09	5.10427612846325e-10
141.0	1.5003954387918041e-09	4.744666977509855e-10
142.0	1.5393094923450193e-09	4.867724019727783e-10
143.0	1.4317685089618915e-09	4.527649570422779e-10
144.0	1.4979002427753752e-09	4.73677647488936e-10
145.0	1.6646285904367135e-09	5.264017804015597e-10
146.0	1.652012298307259e-09	5.506707661024196e-10
147.0	1.8108785919751547e-09	6.036261973250516e-10
148.0	1.8199458787492437e-09	6.066486262497479e-10
149.0	1.7756178945547086e-09	5.918726315182362e-10
150.0	1.7629709530057513e-09	5.876569843352504e-10
151.0	1.734625685706768e-09	5.78208561902256e-10
152.0	1.844750096687245e-09	6.149166988957483e-10
153.0	1.8021057822050744e-09	6.007019274016915e-10
154.0	1.7097670322331664e-09	5.699223440777221e-10
155.0	1.723315329065722e-09	5.744384430219073e-10
156.0	1.7504432059287283e-09	5.834810686429094e-10
157.0	1.753446488524811e-09	5.844821628416037e-10
158.0	1.7174784014083863e-09	5.724928004694621e-10
159.0	1.7078691538703607e-09	5.692897179567869e-10
160.0	1.669409502134045e-09	5.564698340446817e-10
161.0	1.5316209620357515e-09	5.415097842314718e-10
162.0	1.5292141368036992e-09	5.406588430101143e-10
163.0	1.5048705796460175e-09	5.320520958379147e-10
164.0	1.476860800951871e-09	5.221491436108319e-10
165.0	1.4691953004455027e-09	5.19438979916211e-10
166.0	1.5225741842255044e-09	5.383112652627149e-10
167.0	1.5341413789688825e-09	5.424008861838889e-10
168.0	1.5662624353126932e-09	5.537573945636808e-10
169.0	1.5883714870569912e-09	5.615741247706795e-10
170.0	1.6230737807452837e-09	5.738432383655388e-10
171.0	1.7489852661316673e-09	6.183596709385302e-10
172.0	1.7287862382898163e-09	6.112182361583558e-10
173.0	1.7626023524452125e-09	6.231740379746853e-10
174.0	1.8263786380224787e-09	6.457223599799727e-10
175.0	1.8291447522179208e-09	6.467003290325395e-10
176.0	1.835988222944675e-09	6.491198613114093e-10
177.0	1.9272574579484255e-09	6.813884088038395e-10
178.0	1.8407407516784672e-09	6.957346081547606e-10
179.0	1.8279625005060157e-09	6.909048831843854e-10
180.0	1.7805832885054582e-09	6.729972242890023e-10
181.0	1.6937392140110662e-09	6.401732494387553e-10
182.0	1.693658970555055e-09	6.401429202631916e-10
183.0	1.608534571863133e-09	6.07968921771372e-10
184.0	1.500543217389281e-09	5.671520263881099e-10
185.0	1.4230086653747841e-09	5.378467202959441e-10
186.0	1.3657577339842224e-09	5.16207902183623e-10
187.0	1.3789657578477325e-09	5.212000659626878e-10
188.0	1.4071107564715343e-09	5.318378755353785e-10
189.0	1.4630256509260603e-09	5.529717191512499e-10
190.0	1.5462694120616541e-09	5.844349034601707e-10
191.0	1.5846658995058574e-09	5.989474116024244e-10
192.0	1.5641014095070118e-09	5.911747649773072e-10
193.0	1.5965893132668669e-09	6.034540384010753e-10
194.0	1.6830130469932722e-09	6.361191393744658e-10
195.0	1.741605914596985e-09	6.582651617004026e-10
196.0	1.78834250094557e-09	6.759299309298958e-10
197.0	1.8025361570584875e-09	6.812946286826889e-10
198.0	1.8064414635029229e-09	6.827706957748994e-10
199.0	1.837595142563296e-09	6.945456796632519e-10
200.0	1.870183491504863e-09	7.068629177971921e-10
201.0	1.8891933267464463e-09	7.71259945999975e-10
202.0	1.935165006929813e-09	7.900278058445858e-10
203.0	1.965602261912068e-09	8.024537631575042e-10
204.0	1.9838109069979698e-09	8.098874113854868e-10
205.0	1.9994276864627555e-09	8.162629349045367e-10
206.0	2.0064082858604606e-09	8.191127526750628e-10
207.0	1.9901703143570203e-09	8.124836285681825e-10
208.0	1.988238466024856e-09	8.116949547891409e-10
209.0	2.0580121526911443e-09	8.401799430900144e-10
210.0	2.01102916639291e-09	8.20999219252873e-10
211.0	1.932726747694411e-09	7.890323906800253e-10
212.0	1.9703172038449566e-09	8.043786301412423e-10
213.0	1.954795327730541e-09	7.980418507527403e-10
214.0	1.842041962971989e-09	7.520104823460131e-10
215.0	1.7850241071568167e-09	7.287330401835539e-10
216.0	1.764331974829834e-09	7.202855125350112e-10
217.0	1.7512415286973614e-09	7.149413602800199e-10
218.0	1.7836705509371459e-09	7.281804531708266e-10
219.0	1.8271029937344567e-09	7.459116736934983e-10
220.0	1.8750128455138556e-09	7.654707887788149e-10
221.0	1.9238215032254644e-09	7.853968398494151e-10
222.0	1.9179933230598153e-09	7.830174952602734e-10
223.0	1.899095869472595e-09	7.753026421391704e-10
224.0	1.8641040628732686e-09	7.610172969147534e-10
225.0	1.8475871280874797e-09	7.542742865247519e-10
226.0	1.8320339259282147e-09	7.479247183319932e-10
227.0	1.8392499932776043e-09	7.508706654912535e-10
228.0	1.886266411334485e-09	7.700650377867094e-10
229.0	2.086052459786015e-09	9.329110209424352e-10
230.0	2.112622042391439e-09	9.447932995103401e-10
231.0	2.098182106284162e-09	9.383355637650149e-10
232.0	2.076143901819843e-09	9.284797791081637e-10
233.0	2.122584730136315e-09	9.492487489175693e-10
234.0	2.149402359150206e-09	9.612419572116556e-10
235.0	2.1174126526340393e-09	9.469357255415722e-10
236.0	2.1110547304135054e-09	9.440923762854181e-10
237.0	2.1063072886507597e-09	9.419692557852739e-10
238.0	2.0596029405593363e-09	9.210824363498269e-10
239.0	2.05563201721212e-09	9.193065854422635e-10
240.0	2.021583547155404e-09	9.040796467269269e-10
241.0	1.9846211373489757e-09	8.875495545390512e-10
242.0	1.9930914346887655e-09	8.913375866673324e-10
243.0	2.0328487509962816e-09	9.091175990406458e-10
244.0	1.9766617989878997e-09	8.839900302127937e-10
245.0	1.8946172381849233e-09	8.472985871848797e-10
246.0	1.8204313784409259e-09	8.14121662113511e-10
247.0	1.8448384954533889e-09	8.250368566684428e-10
248.0	1.8365912426747662e-09	8.213485731003179e-10
249.0	1.79243368913417e-09	8.01600714812946e-10
250.0	1.79737569882038e-09	8.038108487337116e-10
251.0	1.8473910368241609e-09	8.261783878725282e-10
252.0	1.8374706298305872e-09	8.217418469921091e-10
253.0	1.7860368169695366e-09	7.987399466122467e-10
254.0	1.7377387729953833e-09	7.771404047109505e-10
255.0	1.758289856033336e-09	7.863311284477716e-10
256.0	1.7585225201749275e-09	7.864351790150766e-10
257.0	1.6911214560198566e-09	7.56292506773764e-10
258.0	1.633922133091931e-09	7.307121919070033e-10
259.0	1.5897186707850263e-09	7.109438025951855e-10
260.0	1.5567486044673918e-09	6.961991406934041e-10
261.0	1.5526444874908616e-09	6.943637237839776e-10
262.0	1.5433547936753036e-09	6.902092464116283e-10
263.0	1.5241138245527234e-09	6.816044234294155e-10
264.0	1.5220392010347016e-09	6.806766235866121e-10
265.0	1.5287099719872564e-09	6.836598830490609e-10
266.0	1.531031150489651e-09	6.84697945632914e-10
267.0	1.6779931955121977e-09	8.389965977560988e-10
268.0	1.6759768470631243e-09	8.379884235315621e-10
269.0	1.6767129319174246e-09	8.383564659587123e-10
270.0	1.6698014703912952e-09	8.349007351956476e-10
271.0	1.6485563414591271e-09	8.242781707295636e-10
272.0	1.62284844098114e-09	8.1142422049057e-10
273.0	1.5976611345156728e-09	7.988305672578364e-10
274.0	1.5665634537260895e-09	7.832817268630448e-10
275.0	1.5481330823616389e-09	7.740665411808194e-10
276.0	1.5315311905393078e-09	7.657655952696539e-10
277.0	1.5233425576390374e-09	7.616712788195187e-10
278.0	1.5226305932715555e-09	7.613152966357777e-10
279.0	1.5273687221269094e-09	7.636843610634547e-10
280.0	1.512614505575879e-09	7.563072527879395e-10
281.0	1.476070440218527e-09	7.380352201092635e-10
282.0	1.442511127331309e-09	7.212555636656545e-10
283.0	1.418102333752586e-09	7.09051166876293e-10
284.0	1.4091871723471963e-09	7.045935861735982e-10
285.0	1.4089128605245745e-09	7.044564302622873e-10
286.0	1.4290738093904414e-09	7.145369046952207e-10
287.0	1.454874038234425e-09	7.274370191172125e-10
288.0	1.464873312320672e-09	7.32436656160336e-10
289.0	1.4767293372481123e-09	7.383646686240561e-10
290.0	1.4961110070600759e-09	7.480555035300379e-10
291.0	1.5587595009769648e-09	7.793797504884824e-10
292.0	1.6198099749315845e-09	8.099049874657923e-10
293.0	1.680208980252105e-09	8.401044901260525e-10
294.0	1.7148090126873387e-09	8.574045063436694e-10
295.0	1.7190051924702915e-09	8.595025962351457e-10
296.0	1.7094856498936204e-09	8.547428249468102e-10
297.0	1.7068661550342203e-09	8.534330775171102e-10
298.0	1.719115734969926e-09	8.59557867484963e-10
299.0	1.7463032044093117e-09	8.731516022046559e-10
300.0	1.7470550314406148e-09	8.735275157203074e-10
301.0	1.687132710958049e-09	8.435663554790245e-10
302.0	1.6514488198725174e-09	8.257244099362587e-10
303.0	1.661232642794939e-09	8.306163213974696e-10
304.0	1.6768010141041226e-09	8.384005070520613e-10
305.0	1.7030576474839072e-09	8.515288237419536e-10
306.0	1.729696045181071e-09	8.648480225905355e-10
307.0	1.712670541549575e-09	8.563352707747875e-10
308.0	1.7026232395400785e-09	8.513116197700392e-10
309.0	1.6922438763389131e-09	8.461219381694566e-10
310.0	1.7081030853723526e-09	8.540515426861763e-10
311.0	1.713645665160098e-09	8.56822832580049e-10
312.0	1.7237609114221522e-09	8.618804557110761e-10
313.0	1.7362998510396091e-09	8.681499255198046e-10
314.0	1.7354869921714097e-09	8.677434960857049e-10
315.0	1.7267080209441359e-09	8.633540104720679e-10
316.0	1.7062137342216438e-09	8.531068671108219e-10
317.0	1.6901952715583093e-09	8.450976357791546e-10
318.0	1.6683733841325692e-09	8.341866920662846e-10
319.0	1.6818325351015929e-09	8.409162675507964e-10
320.0	1.6133110085855454e-09	8.066555042927727e-10
321.0	1.7966546680130347e-09	1.0372990562181233e-09
322.0	1.7683922093494568e-09	1.020981718100746e-09
323.0	1.7284359477162609e-09	9.979129596910092e-10
324.0	1.701704159995143e-09	9.824793548543019e-10
325.0	1.6393039488021243e-09	9.46452576124523e-10
326.0	1.5808702749093669e-09	9.127158787728007e-10
327.0	1.5481989270956966e-09	8.938530673177902e-10
328.0	1.5346448423226692e-09	8.860276128254639e-10
329.0	1.518820616341756e-09	8.768914916956662e-10
330.0	1.500509199333688e-09	8.663193901568147e-10
331.0	1.4748718663077856e-09	8.515176690330058e-10
332.0	1.4503709153683477e-09	8.373720384127196e-10
333.0	1.4297622450068245e-09	8.254736170318538e-10
334.0	1.433600517092048e-09	8.276896444534807e-10
335.0	1.4777556686781075e-09	8.531826331078009e-10
336.0	1.502825605055529e-09	8.67656767623872e-10
337.0	1.5105349935726918e-09	8.721077851595432e-10
338.0	1.4727407634050498e-09	8.502872761984405e-10
339.0	1.4303038198180025e-09	8.257862953948737e-10
340.0	1.4516563442141986e-09	8.381141811028957e-10
341.0	1.4840024226782142e-09	8.567891982113238e-10
342.0	1.4702519086384839e-09	8.488503352289898e-10
343.0	1.4372323043156561e-09	8.297864577846703e-10
344.0	1.401033740550293e-09	8.088872072504601e-10
345.0	1.3844713870040274e-09	7.993249279721098e-10
346.0	1.3837187993804693e-09	7.988904213050597e-10
347.0	1.3687993029494858e-09	7.902766460244578e-10
348.0	1.3787358361777742e-09	7.960135061586218e-10
349.0	1.381152538962151e-09	7.974087901617331e-10
350.0	1.3725919893401426e-09	7.924663545330554e-10
351.0	1.3459803194658886e-09	7.771020997675693e-10
352.0	1.3700980769945468e-09	7.910264935689903e-10
353.0	1.3929882133647975e-09	8.042421199641418e-10
354.0	1.3851728906520404e-09	7.997299412921276e-10
355.0	1.3681516528209748e-09	7.899027250484213e-10
356.0	1.346710783912326e-09	7.775238336123534e-10
357.0	1.2970576257236051e-09	7.488565693659803e-10
358.0	1.2584334115509714e-09	7.265568689161725e-10
359.0	1.2315058608277052e-09	7.110102402574775e-10
360.0	1.2220607172991632e-09	7.055570840987391e-10
361.0	1.1820709554844752e-09	6.824689843501999e-10
362.0	1.136491920861578e-09	6.56153916441267e-10
363.0	1.1207330878237296e-09	6.470555499447508e-10
364.0	1.0997649734366283e-09	6.34949603458959e-10
365.0	1.0951381675994872e-09	6.322783158633975e-10
366.0	1.105080018362479e-09	6.38018246077654e-10
367.0	1.1176985141421137e-09	6.453035380127941e-10
368.0	1.1394485702910295e-09	6.578609387852601e-10
369.0	1.160717395654219e-09	6.701405008340447e-10
370.0	1.174159642855999e-09	6.779013858745059e-10
371.0	1.192445063212808e-09	6.884584782397551e-10
372.0	1.22681209610917e-09	7.083002939337184e-10
373.0	1.2470133207363863e-09	7.199634764102018e-10
374.0	1.2385061376802188e-09	7.150518519826781e-10
375.0	1.2147961269344152e-09	7.013628708960995e-10
376.0	1.1890845307166735e-09	6.865182738984913e-10
377.0	1.1624086746748294e-09	6.71116961231869e-10
378.0	1.1414874590244342e-09	6.59038091744339e-10
379.0	1.1392905316954187e-09	6.577696951595419e-10
380.0	1.1428847375393872e-09	6.5984481087108e-10
381.0	1.1417422059320487e-09	6.591851699400255e-10
382.0	1.1314361820603e-09	6.532349842833967e-10
383.0	1.1077783994856198e-09	6.395761571454754e-10
384.0	1.0957861664987741e-09	6.326524382023353e-10
385.0	1.095267522330893e-09	6.323529988523956e-10
386.0	1.0958142060495187e-09	6.326686268445057e-10
387.0	1.0960785002184563e-09	6.32821217154087e-10
388.0	1.0932129171835703e-09	6.311667720175105e-10
389.0	1.1033601258831032e-09	6.37025265691709e-10
390.0	1.120417236441634e-09	6.46873193064274e-10
391.0	1.1298876478089983e-09	6.523409376165583e-10
392.0	1.132969538354078e-09	6.54120267952373e-10
393.0	1.140423869330303e-09	6.584240279481251e-10
394.0	1.1646008864313777e-09	6.723826352796327e-10
395.0	1.192867413120461e-09	6.887023220726307e-10
396.0	1.2261170414325823e-09	7.07899003929089e-10
397.0	1.2468753587884637e-09	7.198838240424308e-10
398.0	1.2639547769744458e-09	7.297446307297097e-10
399.0	1.2741787791701687e-09	7.356474611496057e-10
400.0	1.2719632098634412e-09	7.343683016139583e-10
401.0	1.4776357599543671e-09	1.0448462659874704e-09
402.0	1.4482130938143434e-09	1.0240412992392719e-09
403.0	1.434344635343419e-09	1.0142348182098772e-09
404.0	1.4328218099626683e-09	1.0131580180565854e-09
405.0	1.442553245212795e-09	1.0200391819126277e-09
406.0	1.442995653416981e-09	1.0203520117538603e-09
407.0	1.4223602870310586e-09	1.0057606042501057e-09
408.0	1.405561348439069e-09	9.938819608549734e-10
409.0	1.3843772223498062e-09	9.789025216437448e-10
410.0	1.3745573993490035e-09	9.719588582098256e-10
411.0	1.3785951699040125e-09	9.748139931501479e-10
412.0	1.3986958419953882e-09	9.890273146923668e-10
413.0	1.4086994401339413e-09	9.961009267724028e-10
414.0	1.3923458356655286e-09	9.845371821559456e-10
415.0	1.3548712165502256e-09	9.580386248571318e-10
416.0	1.3351089593328208e-09	9.44064598767152e-10
417.0	1.3412695973758691e-09	9.484208277038274e-10
418.0	1.357579046485183e-09	9.5995334976644e-10
419.0	1.3639483813666079e-09	9.644571496527437e-10
420.0	1.3701839604218098e-09	9.688663698873018e-10
421.0	1.3789459496150963e-09	9.75062031862558e-10
422.0	1.3749140032969492e-09	9.722110152796158e-10
423.0	1.3854076493787474e-09	9.79631143583427e-10
424.0	1.4196343208535077e-09	1.0038330550806742e-09
425.0	1.4542991705807725e-09	1.0283448053916357e-09
426.0	1.4471492201412756e-09	1.0232890269507198e-09
427.0	1.4122846670360042e-09	9.986360650269439e-10
428.0	1.3761166550127972e-09	9.730614184632976e-10
429.0	1.3685373376174145e-09	9.677020317362573e-10
430.0	1.3689128371352604e-09	9.679675499916585e-10
431.0	1.3610069249523832e-09	9.623772258756808e-10
432.0	1.3521109517623107e-09	9.560868229077266e-10
433.0	1.3428370332295825e-09	9.495291722250629e-10
434.0	1.3344538437852867e-09	9.436013621210298e-10
435.0	1.3447658090855573e-09	9.508930227122115e-10
436.0	1.384629224531802e-09	9.790807140955079e-10
437.0	1.4248095971226657e-09	1.0074925280251097e-09
438.0	1.4669055618682742e-09	1.0372588701573193e-09
439.0	1.4868888849425568e-09	1.051389213413786e-09
440.0	1.4750923857466046e-09	1.0430478288380667e-09
441.0	1.4595565139713715e-09	1.0320623085541547e-09
442.0	1.4523998423124357e-09	1.0270017774933956e-09
443.0	1.438621253346589e-09	1.0172588438004632e-09
444.0	1.4461016120331317e-09	1.0225482561534253e-09
445.0	1.4681366779836368e-09	1.0381294007109202e-09
446.0	1.5002031052900326e-09	1.060803788907698e-09
447.0	1.5504977399684735e-09	1.0963674661461239e-09
448.0	1.5903115338216628e-09	1.1245200697644771e-09
449.0	1.6123166390929094e-09	1.1400800289224994e-09
450.0	1.6131282923658582e-09	1.1406539544557738e-09
451.0	1.586670426841194e-09	1.121945418327562e-09
452.0	1.5591706765159486e-09	1.102500158391644e-09
453.0	1.5354399544290697e-09	1.0857200038815587e-09
454.0	1.5185090502557476e-09	1.0737480467289829e-09
455.0	1.5105277444311873e-09	1.0681044112577127e-09
456.0	1.5043189204047283e-09	1.0637141096854095e-09
457.0	1.512805058100102e-09	1.069714715195891e-09
458.0	1.5372538565875481e-09	1.0870026263982277e-09
459.0	1.5631550135077941e-09	1.1053175100971105e-09
460.0	1.5806803562209142e-09	1.117709798772176e-09
461.0	1.5890265230033318e-09	1.1236114299009372e-09
462.0	1.5838289570132806e-09	1.1199361957437074e-09
463.0	1.5683070928148175e-09	1.1089605803123175e-09
464.0	1.5653223233083774e-09	1.106850029554035e-09
465.0	1.5840890251908409e-09	1.1201200917156312e-09
466.0	1.6036695538305106e-09	1.1339656162959591e-09
467.0	1.6153789322235035e-09	1.1422453971611236e-09
468.0	1.6266459317707913e-09	1.1502123689446366e-09
469.0	1.6379435788140003e-09	1.1582010117803418e-09
470.0	1.643126653854457e-09	1.1618659992888474e-09
471.0	1.6550274821203186e-09	1.1702811556573748e-09
472.0	1.669773269754167e-09	1.1807080020872057e-09
473.0	1.6901227449767604e-09	1.1950972540106891e-09
474.0	1.719567135932428e-09	1.2159175825233495e-09
475.0	1.7476805861696474e-09	1.235796793828638e-09
476.0	1.7515775424035818e-09	1.2385523580076402e-09
477.0	1.7516775493323403e-09	1.2386230735851309e-09
478.0	1.7635304442147467e-09	1.2470043359331717e-09
479.0	1.7701870978252476e-09	1.2517113008411668e-09
480.0	1.7379085774922164e-09	1.2288869402270126e-09
481.0	1.7120797235434653e-09	1.2106231824495738e-09
482.0	1.6924255567192377e-09	1.1967255878095909e-09
483.0	1.6752661223983968e-09	1.184592035439999e-09
484.0	1.6562300361454529e-09	1.1711314897632904e-09
485.0	1.6445069738258936e-09	1.1628420329008575e-09
486.0	1.6457963587846506e-09	1.1637537657487545e-09
487.0	1.640146187864313e-09	1.1597584915761207e-09
488.0	1.6116374391337196e-09	1.1395997620255747e-09
489.0	1.5803832450597406e-09	1.1174997094553438e-09
490.0	1.5678971142722957e-09	1.1086706817047595e-09
491.0	1.5650269559659715e-09	1.1066411733032786e-09
492.0	1.560655472088007e-09	1.1035500674093223e-09
493.0	1.5531727811605566e-09	1.098259005912999e-09
494.0	1.5525860425273369e-09	1.0978441190466652e-09
495.0	1.555674822611987e-09	1.1000282163901153e-09
496.0	1.557937109302837e-09	1.1016278946502034e-09
497.0	1.5519204671586763e-09	1.0973734861900948e-09
498.0	1.5414625027973165e-09	1.08997858867277e-09
499.0	1.524071393533922e-09	1.0776812173802675e-09
500.0	1.5144135996422076e-09	1.0708521258281343e-09
501.0	1.516727158856698e-09	1.072488059237377e-09
502.0	1.5298092210241869e-09	1.0817384741079123e-09
503.0	1.5320357333255043e-09	1.0833128560545691e-09
504.0	1.5264566178759565e-09	1.0793678256871713e-09
505.0	1.533971855206188e-09	1.0846819009656041e-09
506.0	1.5317951418487614e-09	1.0831427321898687e-09
507.0	1.5186093062130115e-09	1.0738189383962185e-09
508.0	1.5016170718291828e-09	1.0618036142359021e-09
509.0	1.5052001409605142e-09	1.0643372267161268e-09
510.0	1.5268637001463963e-09	1.0796556763211001e-09
511.0	1.5436265037532748e-09	1.0915087684232223e-09
512.0	1.5629173602024972e-09	1.1051494638333635e-09
513.0	1.5741793168834838e-09	1.1131128697719185e-09
514.0	1.5797644427180086e-09	1.117062150123291e-09
515.0	1.5806384271336495e-09	1.1176801504302421e-09
516.0	1.5694909513585017e-09	1.1097976947165223e-09
517.0	1.5608846460881832e-09	1.1037121178989185e-09
518.0	1.564609125741754e-09	1.1063457227183498e-09
519.0	1.5784159020202565e-09	1.1161085878512045e-09
520.0	1.591825776788216e-09	1.125590801234491e-09
521.0	1.6085614979900567e-09	1.13742474318436e-09
522.0	1.6186807321241005e-09	1.1445801222609569e-09
523.0	1.6152662554919978e-09	1.142165722680194e-09
524.0	1.6145040407742896e-09	1.1416267554845823e-09
525.0	1.6247192306124888e-09	1.148849985490281e-09
526.0	1.6368581775122198e-09	1.157433517159544e-09
527.0	1.6585327216255908e-09	1.1727597342812356e-09
528.0	1.6935042862207765e-09	1.1974883647551949e-09
529.0	1.7205509302080965e-09	1.2166132301269672e-09
530.0	1.7473952382707077e-09	1.2355950223943002e-09
531.0	1.7751100599142734e-09	1.2551923607178412e-09
532.0	1.7892210076002114e-09	1.2651703075155368e-09
533.0	1.778681426007686e-09	1.257717697900593e-09

tau (s)	adev [BV I+]	adev err [BV I+]
1.0	1.3408204197659233e-09	3.353099056646734e-11
2.0	1.9383663188966225e-09	6.85744708718941e-11
3.0	2.1341241364571427e-09	9.25260157462021e-11
4.0	2.5037091501679846e-09	1.2534223334629802e-10
5.0	2.5668866319320066e-09	1.437180601691427e-10
6.0	2.7920942428120608e-09	1.7151698590996374e-10
7.0	2.6872071850815344e-09	1.7835620518375548e-10
8.0	2.823838876366015e-09	2.0017663054277258e-10
9.0	2.892880504373479e-09	2.1805907264411166e-10
10.0	2.6442959090388648e-09	2.097063063771273e-10
11.0	2.670836579029366e-09	2.2256971491911382e-10
12.0	2.65071374566295e-09	2.3071501772727706e-10
13.0	2.637258329371816e-09	2.3876615035652343e-10
14.0	2.7239320111005417e-09	2.56245968690038e-10
15.0	2.635947514501447e-09	2.572421371690467e-10
16.0	2.6425310248061695e-09	2.6558436079258793e-10
17.0	2.6149386153910246e-09	2.7115650288457545e-10
18.0	2.739048263004194e-09	2.936567976292485e-10
19.0	2.8444408430180265e-09	3.1221794421832464e-10
20.0	2.7979743309942447e-09	3.147967066903211e-10
21.0	2.6646445789705946e-09	3.0768665299266994e-10
22.0	2.801280390315448e-09	3.324508186684492e-10
23.0	2.647378158124561e-09	3.210417581441382e-10
24.0	2.914002895921207e-09	3.6143757578777176e-10
25.0	2.8367903721977125e-09	3.5740199268845264e-10
26.0	2.9945848788181955e-09	3.865992454822475e-10
27.0	2.9510524353838158e-09	3.874921684722457e-10
28.0	3.0599718037306903e-09	4.089059322410328e-10
29.0	2.9225707968342255e-09	3.9771151052239415e-10
30.0	3.038849978051329e-09	4.214126697810264e-10
31.0	3.121511338370397e-09	4.414483669824807e-10
32.0	3.1173970401231768e-09	4.45342434303311e-10
33.0	2.970326518663642e-09	4.332666523908429e-10
34.0	3.1254197281499626e-09	4.608179985235373e-10
35.0	3.2259583988366906e-09	4.863315271925901e-10
36.0	3.0080096882641237e-09	4.5871717700690273e-10
37.0	3.159562691477226e-09	4.875311077101795e-10
38.0	3.150968744064078e-09	4.920986423539035e-10
39.0	3.072576385565512e-09	4.858169831617361e-10
40.0	3.201942217779018e-09	5.127210959235205e-10
41.0	3.173024048592728e-09	5.147324704447981e-10
42.0	3.250199139514882e-09	5.343294470769903e-10
43.0	3.202011987198234e-09	5.33668664533039e-10
44.0	3.404296387220929e-09	5.754311152033371e-10
45.0	3.3068977056097056e-09	5.671282777230732e-10
46.0	3.2869424076981652e-09	5.721832295934743e-10
47.0	3.3205047534036023e-09	5.780256840622515e-10
48.0	3.154789531684966e-09	5.576932677676929e-10
49.0	3.3301394389573577e-09	5.981106997252109e-10
50.0	3.215758615766898e-09	5.775672974300173e-10
51.0	3.1286062765257004e-09	5.712027437351239e-10
52.0	3.114989802275918e-09	5.784390847516945e-10
53.0	3.1711101080650795e-09	5.888603639138124e-10
54.0	3.1653250367945693e-09	5.98190204717486e-10
55.0	3.076498901930616e-09	5.814036430908357e-10
56.0	3.200519883365808e-09	6.159403387359997e-10
57.0	3.0376579464961794e-09	5.845975443718583e-10
58.0	2.9995195195102784e-09	5.882541754378987e-10
59.0	2.9879597962984694e-09	5.859871271983315e-10
60.0	3.0440757367852624e-09	6.088151473570525e-10
61.0	2.984498049426024e-09	5.968996098852048e-10
62.0	3.159201914533312e-09	6.44869390419194e-10
63.0	3.044536264611407e-09	6.214633626414211e-10
64.0	2.918135165084303e-09	5.956618462440747e-10
65.0	2.8995223481421803e-09	6.045922034682603e-10
66.0	2.989771749667303e-09	6.234105045462729e-10
67.0	2.9122674882258383e-09	6.208975147089029e-10
68.0	2.927119597398329e-09	6.240639950238698e-10
69.0	2.907307577014027e-09	6.198400580854845e-10
70.0	3.0029819213334513e-09	6.553043792902126e-10
71.0	2.69897333250526e-09	5.889642664225034e-10
72.0	2.7069459293155543e-09	5.907040296781481e-10
73.0	2.7631795479217267e-09	6.178657303190119e-10
74.0	2.8171922624683115e-09	6.299433404565574e-10
75.0	2.658014831410855e-09	5.943501848237316e-10
76.0	2.7941666553404594e-09	6.247946581804493e-10
77.0	2.8891598701075773e-09	6.628187318701067e-10
78.0	2.8835989392695272e-09	6.61542966840892e-10
79.0	2.7495875614056567e-09	6.307986482412469e-10
80.0	2.8010642355295327e-09	6.426082072125918e-10
81.0	2.8980542231725736e-09	6.830779311505464e-10
82.0	2.8393625677454995e-09	6.692441753000302e-10
83.0	2.8171461780777417e-09	6.640077220375122e-10
84.0	2.6994178618918602e-09	6.36258891799942e-10
85.0	2.5735678780714246e-09	6.241818938814821e-10
86.0	2.654649395691917e-09	6.438470504364628e-10
87.0	2.599957812085829e-09	6.305823930223333e-10
88.0	2.412550830546156e-09	5.851295236184362e-10
89.0	2.3777818885047734e-09	5.944454721261934e-10
90.0	2.2492634806942005e-09	5.623158701735501e-10
91.0	2.3740374905498327e-09	5.935093726374582e-10
92.0	2.4430349735382684e-09	6.107587433845671e-10
93.0	2.523643876246926e-09	6.309109690617315e-10
94.0	2.3823096324825485e-09	5.955774081206371e-10
95.0	2.2955932341702646e-09	5.927196243738571e-10
96.0	2.106461707514571e-09	5.438860741751714e-10
97.0	2.17792576982715e-09	5.623380157211013e-10
98.0	2.0951438309447285e-09	5.409638110105427e-10
99.0	2.049160243222296e-09	5.290908997140194e-10
100.0	2.0154073037012988e-09	5.203759282039949e-10
101.0	1.890528046143613e-09	5.052648734826112e-10
102.0	1.9946884739640363e-09	5.331029187800269e-10
103.0	1.8498851670322746e-09	4.944026071364183e-10
104.0	2.0511285875203692e-09	5.481871736227707e-10
105.0	2.0445583133458438e-09	5.46431193987182e-10
106.0	2.0729592620012103e-09	5.540216667963062e-10
107.0	1.929612441906669e-09	5.351782000821365e-10
108.0	1.7768364454256703e-09	4.92805762468879e-10
109.0	1.7116112777086118e-09	4.747155558031411e-10
110.0	1.7329684324331792e-09	4.806389647614061e-10
111.0	1.7860487760447697e-09	4.953608032699321e-10
112.0	1.820090042385758e-09	5.048021518294828e-10
113.0	1.866792235560188e-09	5.177550096884852e-10
114.0	1.8910569893650077e-09	5.244848415369304e-10
115.0	1.6193288170711263e-09	4.674599642212665e-10
116.0	1.6451452219421325e-09	4.749125183721584e-10
117.0	1.6435628667798876e-09	4.744557317827206e-10
118.0	1.7717454961754771e-09	5.114588695762095e-10
119.0	1.7669997407261129e-09	5.100888879831101e-10
120.0	1.7790474469106773e-09	5.135667611874981e-10
121.0	1.822381372037223e-09	5.260761878559251e-10
122.0	1.980590715661862e-09	5.717472914209248e-10
123.0	1.8832073452958802e-09	5.436351338732286e-10
124.0	1.7394761869806587e-09	5.244718039975397e-10
125.0	1.6920679662955932e-09	5.101776876347464e-10
126.0	1.6075523933071094e-09	4.846952835852285e-10
127.0	1.5444335618721252e-09	4.656642398510892e-10
128.0	1.59019576554592e-09	4.794620634116165e-10
129.0	1.5575338754926221e-09	4.696141330251955e-10
130.0	1.5624161499771488e-09	4.710861941696229e-10
131.0	1.6461690842136024e-09	4.963386539835891e-10
132.0	1.8042331872690727e-09	5.439967742253221e-10
133.0	1.989290287894244e-09	5.9979358945848e-10
134.0	1.6475036819962528e-09	5.209864088621899e-10
135.0	1.6426658024365633e-09	5.194565370167708e-10
136.0	1.6543626209612874e-09	5.231553958083488e-10
137.0	1.6081608370398008e-09	5.085451088928643e-10
138.0	1.570967651456188e-09	4.967835909047088e-10
139.0	1.613524375448285e-09	5.102412086617248e-10
140.0	1.5980437282196958e-09	5.053457981721333e-10
141.0	1.4703715036257872e-09	4.6497229580640156e-10
142.0	1.5128318936035327e-09	4.783994500732678e-10
143.0	1.4152241328041803e-09	4.475331659297827e-10
144.0	1.4787500280668884e-09	4.676218178729284e-10
145.0	1.6420912783788718e-09	5.192748565574841e-10
146.0	1.6532799747329601e-09	5.510933249109867e-10
147.0	1.8072953047070294e-09	6.024317682356765e-10
148.0	1.82032998931917e-09	6.0677666310639e-10
149.0	1.7665673281192898e-09	5.888557760397633e-10
150.0	1.752313501519642e-09	5.841045005065474e-10
151.0	1.7455405586844128e-09	5.818468528948043e-10
152.0	1.8608388083391022e-09	6.202796027797008e-10
153.0	1.8107428150434523e-09	6.035809383478174e-10
154.0	1.6989841595036118e-09	5.663280531678706e-10
155.0	1.7102812635789504e-09	5.700937545263168e-10
156.0	1.7334588436868872e-09	5.778196145622957e-10
157.0	1.7274482668080149e-09	5.75816088936005e-10
158.0	1.6974141823852833e-09	5.658047274617611e-10
159.0	1.6890273678938346e-09	5.630091226312782e-10
160.0	1.6563505367727396e-09	5.521168455909132e-10
161.0	1.5451535748078185e-09	5.462942853606218e-10
162.0	1.5267731867676297e-09	5.39795836848593e-10
163.0	1.5020552173618233e-09	5.310567149565894e-10
164.0	1.4823078235113652e-09	5.240749569053792e-10
165.0	1.4683655109152956e-09	5.191456050143275e-10
166.0	1.5148377911851089e-09	5.355760372723208e-10
167.0	1.539393307211338e-09	5.442577232211617e-10
168.0	1.5625917274884085e-09	5.524596033665276e-10
169.0	1.583583079680983e-09	5.598811671073499e-10
170.0	1.6014030603943398e-09	5.661814817088639e-10
171.0	1.7204305627883066e-09	6.082640587540999e-10
172.0	1.7056589697517367e-09	6.030415119515566e-10
173.0	1.7481029728281419e-09	6.18047733149571e-10
174.0	1.826650982168744e-09	6.45818648176293e-10
175.0	1.822724249927964e-09	6.444303386786134e-10
176.0	1.8310843525696068e-09	6.473860813132739e-10
177.0	1.907536375525884e-09	6.744159532471806e-10
178.0	1.8400649882362723e-09	6.954791935814526e-10
179.0	1.8171067949686183e-09	6.868018121617997e-10
180.0	1.7879204696227645e-09	6.757704180833782e-10
181.0	1.6846112880029066e-09	6.36723217695414e-10
182.0	1.6925813194286567e-09	6.397356064231147e-10
183.0	1.613259310542635e-09	6.097547051364763e-10
184.0	1.5115415652300712e-09	5.713090111337263e-10
185.0	1.4274146731525862e-09	5.395120347037555e-10
186.0	1.365854571275284e-09	5.162445032393068e-10
187.0	1.3808595936638567e-09	5.219158686188952e-10
188.0	1.4069950103793348e-09	5.317941276246374e-10
189.0	1.473468421929093e-09	5.569187155901672e-10
190.0	1.5546698086736313e-09	5.876099549386851e-10
191.0	1.6016441462688086e-09	6.053645856928039e-10
192.0	1.5824927166558644e-09	5.981260256917741e-10
193.0	1.623723892944867e-09	6.137099455093975e-10
194.0	1.707905353000103e-09	6.455275466963221e-10
195.0	1.7556286794677225e-09	6.635652686349033e-10
196.0	1.8039711192814455e-09	6.818369934230773e-10
197.0	1.8105037791378536e-09	6.843061067630532e-10
198.0	1.8075589953696152e-09	6.831930831179647e-10
199.0	1.8332323968030047e-09	6.928967167610902e-10
200.0	1.8600624889596748e-09	7.03037538403875e-10
201.0	1.9053230756569823e-09	7.778448884183126e-10
202.0	1.967552279772958e-09	8.032498546155865e-10
203.0	2.0030596396616e-09	8.177456735890097e-10
204.0	2.0228155489763934e-09	8.258109897933333e-10
205.0	2.022374863735241e-09	8.25631080797e-10
206.0	2.0170994040837677e-09	8.234773834128751e-10
207.0	1.9953780769580953e-09	8.146096887472129e-10
208.0	1.9898431922502966e-09	8.123500815273396e-10
209.0	2.0670530521946164e-09	8.438708748565624e-10
210.0	2.0271292451913766e-09	8.275720488986806e-10
211.0	1.9484419374961502e-09	7.954480900509004e-10
212.0	1.9962676221152976e-09	8.149728440369312e-10
213.0	1.9723020351761315e-09	8.051889341390536e-10
214.0	1.8563783772010948e-09	7.578632989464273e-10
215.0	1.7901581859109976e-09	7.308290190580551e-10
216.0	1.7512001216201025e-09	7.14924455911516e-10
217.0	1.7312195470668058e-09	7.067674205076468e-10
218.0	1.7680415719352341e-09	7.217999492116005e-10
219.0	1.806073509260847e-09	7.373264226078107e-10
220.0	1.841992886166772e-09	7.519904468241818e-10
221.0	1.8873116703068757e-09	7.704917629752799e-10
222.0	1.8873191757848767e-09	7.70494827073843e-10
223.0	1.8648390838741686e-09	7.613173679818259e-10
224.0	1.831626054284364e-09	7.477582054306625e-10
225.0	1.8122849990744786e-09	7.398622527054595e-10
226.0	1.790604156812976e-09	7.310110859163844e-10
227.0	1.7865803484520932e-09	7.293683730318998e-10
228.0	1.8402547953051683e-09	7.512808742012611e-10
229.0	2.04554417034799e-09	9.14795163175303e-10
230.0	2.06444770034388e-09	9.232490787924063e-10
231.0	2.0428242235596175e-09	9.135787659925063e-10
232.0	2.0171817838027696e-09	9.021111183114554e-10
233.0	2.0656961308074742e-09	9.23807393868762e-10
234.0	2.100728898723657e-09	9.394745239688737e-10
235.0	2.07432648087351e-09	9.276670037522171e-10
236.0	2.0752835205219686e-09	9.280950048944403e-10
237.0	2.0720483152587935e-09	9.266481771165153e-10
238.0	2.0290239814958056e-09	9.074071101203793e-10
239.0	2.02135970972227e-09	9.039795435836475e-10
240.0	1.9898303987931684e-09	8.89879207079408e-10
241.0	1.9729249177198264e-09	8.823188461049422e-10
242.0	1.9796818328086976e-09	8.853406303963242e-10
243.0	2.035431653840497e-09	9.102727083084343e-10
244.0	1.9801239151806014e-09	8.855383356433705e-10
245.0	1.9061209120711206e-09	8.52443186544985e-10
246.0	1.8261755114880432e-09	8.166905165065425e-10
247.0	1.8454580319155047e-09	8.253139217972089e-10
248.0	1.8340066198347198e-09	8.201926946270095e-10
249.0	1.784746624637532e-09	7.981629550605644e-10
250.0	1.7822061318012697e-09	7.970268121249176e-10
251.0	1.827812191588554e-09	8.174224620989752e-10
252.0	1.8229107263265763e-09	8.15230460195948e-10
253.0	1.7722171165129255e-09	7.925595886823133e-10
254.0	1.7231925000662262e-09	7.706351136931785e-10
255.0	1.750403265773261e-09	7.828041380613285e-10
256.0	1.7503101027475207e-09	7.827624742896195e-10
257.0	1.6847659393803504e-09	7.534502333261506e-10
258.0	1.6161141543754721e-09	7.227482217166289e-10
259.0	1.565081415319403e-09	6.999256869951531e-10
260.0	1.5297093656786283e-09	6.841068254950993e-10
261.0	1.525557187103073e-09	6.822499147851673e-10
262.0	1.5222179437811878e-09	6.807565597729378e-10
263.0	1.499944066612105e-09	6.707953790784278e-10
264.0	1.5040518776328474e-09	6.726324480146484e-10
265.0	1.5083930547383182e-09	6.745738814366881e-10
266.0	1.50515817759935e-09	6.731272004003695e-10
267.0	1.6528992004173855e-09	8.264496002086928e-10
268.0	1.647084810033917e-09	8.235424050169585e-10
269.0	1.6478374803176865e-09	8.239187401588432e-10
270.0	1.65036429168782e-09	8.2518214584391e-10
271.0	1.6206489585615804e-09	8.103244792807902e-10
272.0	1.5975107979387042e-09	7.987553989693521e-10
273.0	1.572506015948379e-09	7.862530079741895e-10
274.0	1.5411820523705392e-09	7.705910261852696e-10
275.0	1.5243230476561495e-09	7.621615238280748e-10
276.0	1.5051714409317715e-09	7.525857204658857e-10
277.0	1.4957585261592996e-09	7.478792630796498e-10
278.0	1.4916452646880398e-09	7.458226323440199e-10
279.0	1.5013100533389467e-09	7.506550266694733e-10
280.0	1.484978210246583e-09	7.424891051232915e-10
281.0	1.437334918902118e-09	7.18667459451059e-10
282.0	1.4126855377122924e-09	7.063427688561462e-10
283.0	1.385130297041626e-09	6.92565148520813e-10
284.0	1.3657430790755342e-09	6.828715395377671e-10
285.0	1.363177703945258e-09	6.81588851972629e-10
286.0	1.3807170585843345e-09	6.903585292921672e-10
287.0	1.401427378554943e-09	7.007136892774715e-10
288.0	1.404443726747327e-09	7.022218633736635e-10
289.0	1.4160693853260571e-09	7.080346926630286e-10
290.0	1.4477339080275446e-09	7.238669540137723e-10
291.0	1.5119118045457621e-09	7.559559022728811e-10
292.0	1.569992173011554e-09	7.84996086505777e-10
293.0	1.6122094642240688e-09	8.061047321120344e-10
294.0	1.6495868743358678e-09	8.247934371679339e-10
295.0	1.661076798301832e-09	8.30538399150916e-10
296.0	1.6608427182848397e-09	8.304213591424199e-10
297.0	1.661583014283906e-09	8.30791507141953e-10
298.0	1.6733193172138475e-09	8.366596586069237e-10
299.0	1.7020458294815802e-09	8.510229147407901e-10
300.0	1.7091929456551653e-09	8.545964728275826e-10
301.0	1.6564149484368433e-09	8.282074742184216e-10
302.0	1.6162138453609485e-09	8.081069226804743e-10
303.0	1.6404478501579017e-09	8.202239250789509e-10
304.0	1.6677466750390151e-09	8.338733375195076e-10
305.0	1.6977199058997836e-09	8.488599529498918e-10
306.0	1.7189019311516625e-09	8.594509655758313e-10
307.0	1.6954479859303575e-09	8.477239929651788e-10
308.0	1.679475235217985e-09	8.397376176089925e-10
309.0	1.6653143803827354e-09	8.326571901913677e-10
310.0	1.6840401856294373e-09	8.420200928147187e-10
311.0	1.680710617551953e-09	8.403553087759765e-10
312.0	1.6946115990703471e-09	8.473057995351736e-10
313.0	1.7186900528445298e-09	8.593450264222649e-10
314.0	1.7172357164288588e-09	8.586178582144294e-10
315.0	1.7108513219042962e-09	8.554256609521481e-10
316.0	1.6851592807651486e-09	8.425796403825743e-10
317.0	1.6662779647210295e-09	8.331389823605148e-10
318.0	1.6493615349993415e-09	8.246807674996707e-10
319.0	1.665725275007916e-09	8.32862637503958e-10
320.0	1.597456456023442e-09	7.98728228011721e-10
321.0	1.7855355636158305e-09	1.03087943830125e-09
322.0	1.763962291390235e-09	1.0184241037745014e-09
323.0	1.7145056965217496e-09	9.89870325413979e-10
324.0	1.6860286250128445e-09	9.734290805125803e-10
325.0	1.6213931386067628e-09	9.361117650368268e-10
326.0	1.5598286605609736e-09	9.005674970645716e-10
327.0	1.5366216539924074e-09	8.871689255751244e-10
328.0	1.5163628545219582e-09	8.754725022474019e-10
329.0	1.4962543085162399e-09	8.638628277979885e-10
330.0	1.4718970462025056e-09	8.498001558444316e-10
331.0	1.443839549621898e-09	8.336011526408308e-10
332.0	1.4195407386914381e-09	8.195722276091421e-10
333.0	1.3876893270973038e-09	8.011828065511991e-10
334.0	1.3934927075659069e-09	8.045333898269568e-10
335.0	1.434207590991768e-09	8.28040138732902e-10
336.0	1.460816758246758e-09	8.434029486104823e-10
337.0	1.4749300897302125e-09	8.515512843416171e-10
338.0	1.4401133075942134e-09	8.314498058030814e-10
339.0	1.4047866018606146e-09	8.110539227382055e-10
340.0	1.4221641426955833e-09	8.210868506171285e-10
341.0	1.458392408064745e-09	8.420032493802871e-10
342.0	1.4453434206136456e-09	8.344694129627429e-10
343.0	1.4012151717535621e-09	8.089919566045069e-10
344.0	1.3571106095097407e-09	7.83528175720546e-10
345.0	1.3469051129358677e-09	7.776360295264065e-10
346.0	1.347341086472541e-09	7.778877389651644e-10
347.0	1.3227801082392461e-09	7.637074515706111e-10
348.0	1.3343700160066167e-09	7.703988879399854e-10
349.0	1.346777212038453e-09	7.775621859088545e-10
350.0	1.3420620254112641e-09	7.748398716403677e-10
351.0	1.318984890448423e-09	7.615162815574462e-10
352.0	1.3508285164678747e-09	7.799012076117504e-10
353.0	1.3755084824224822e-09	7.941501925992337e-10
354.0	1.371497685996819e-09	7.918345582032123e-10
355.0	1.341576442922122e-09	7.745595204595477e-10
356.0	1.3164537508778623e-09	7.600549274450264e-10
357.0	1.268175887254762e-09	7.321816898863294e-10
358.0	1.2295202066121073e-09	7.098638222615845e-10
359.0	1.2004194308272536e-09	6.930624815285722e-10
360.0	1.1879222087684467e-09	6.858472070087975e-10
361.0	1.1501442454339339e-09	6.640360897081808e-10
362.0	1.0925079374992178e-09	6.307597518069763e-10
363.0	1.0775949147635052e-09	6.221497141160816e-10
364.0	1.0568457842454534e-09	6.101701980260337e-10
365.0	1.0482276328988844e-09	6.051945060261752e-10
366.0	1.050138335539475e-09	6.062976507100615e-10
367.0	1.0650015602209766e-09	6.148789374809523e-10
368.0	1.0907787211773914e-09	6.297613882980827e-10
369.0	1.110700861993701e-09	6.412634416612126e-10
370.0	1.1274125342641858e-09	6.509119301451859e-10
371.0	1.1483498657112332e-09	6.630001040922511e-10
372.0	1.1860924685816403e-09	6.847908060193978e-10
373.0	1.2060883684126475e-09	6.963354441695186e-10
374.0	1.200755725713318e-09	6.932566414715685e-10
375.0	1.1779723344610174e-09	6.801026443990003e-10
376.0	1.1593400335942763e-09	6.693452804779653e-10
377.0	1.1289057810291996e-09	6.517740565669332e-10
378.0	1.0994730872818209e-09	6.347810829089082e-10
379.0	1.0966505779132024e-09	6.331515063651461e-10
380.0	1.1031641723307002e-09	6.369121318554805e-10
381.0	1.100849648748567e-09	6.355758410422901e-10
382.0	1.0872342427458782e-09	6.277149827215117e-10
383.0	1.0616545386710118e-09	6.129465336880966e-10
384.0	1.043182362845238e-09	6.02281618002568e-10
385.0	1.0409937768250166e-09	6.010180372746486e-10
386.0	1.0362309375305773e-09	5.982682107258971e-10
387.0	1.0401061965404991e-09	6.00505592558455e-10
388.0	1.0354610682740096e-09	5.978237265033769e-10
389.0	1.047008940557852e-09	6.044908936750208e-10
390.0	1.0713844661158342e-09	6.185641099175604e-10
391.0	1.0854340902244545e-09	6.266756641786854e-10
392.0	1.0942149934115451e-09	6.317453209974802e-10
393.0	1.102054804724455e-09	6.362716381693846e-10
394.0	1.1191316009780486e-09	6.461309310832932e-10
395.0	1.1486015708498333e-09	6.631454261217783e-10
396.0	1.1840139814970278e-09	6.835907909415896e-10
397.0	1.199586026959041e-09	6.92581315580916e-10
398.0	1.2177086241021638e-09	7.030444019199131e-10
399.0	1.2272186506702204e-09	7.085350183189811e-10
400.0	1.219206386698267e-09	7.039091355579555e-10
401.0	1.4217752676918692e-09	1.0053469331082395e-09
402.0	1.3883588396050744e-09	9.817179502050343e-10
403.0	1.3737154922778993e-09	9.71363540010719e-10
404.0	1.3806476432759448e-09	9.762653109896459e-10
405.0	1.3849103697715029e-09	9.792795138009986e-10
406.0	1.3953098548482406e-09	9.86633060219608e-10
407.0	1.3808952573216388e-09	9.764404005604733e-10
408.0	1.3639707288039665e-09	9.64472951677242e-10
409.0	1.3466406625173336e-09	9.522187442875515e-10
410.0	1.3393531194194435e-09	9.470656731448442e-10
411.0	1.3406954082517266e-09	9.480148146804626e-10
412.0	1.357110415201851e-09	9.596219774081199e-10
413.0	1.3739177390829547e-09	9.715065500980468e-10
414.0	1.3550172434143628e-09	9.581418814429987e-10
415.0	1.3172068563436455e-09	9.314059003460063e-10
416.0	1.289681699853577e-09	9.119426755386578e-10
417.0	1.2931967511390108e-09	9.144281921388066e-10
418.0	1.3126916729887782e-09	9.28213183577479e-10
419.0	1.3208004149849727e-09	9.339469300298803e-10
420.0	1.3275093597303922e-09	9.386908703539722e-10
421.0	1.3385904505490092e-09	9.465263848147603e-10
422.0	1.3247570191595608e-09	9.367446716722024e-10
423.0	1.333632586555794e-09	9.430206455649573e-10
424.0	1.364307102714775e-09	9.64710803950589e-10
425.0	1.4074007121555942e-09	9.951825874119967e-10
426.0	1.4072111871915376e-09	9.950485730247084e-10
427.0	1.360587269719029e-09	9.620804848144155e-10
428.0	1.3265246210790184e-09	9.379945549758892e-10
429.0	1.3188908247022144e-09	9.32596645791654e-10
430.0	1.3218536798250343e-09	9.346917007406732e-10
431.0	1.3089761827068087e-09	9.255859352036655e-10
432.0	1.2853849081532226e-09	9.089043849899912e-10
433.0	1.2848720899725779e-09	9.085417677769415e-10
434.0	1.2796127120432417e-09	9.048228259782852e-10
435.0	1.3001711959926071e-09	9.193598693897962e-10
436.0	1.3381633110296195e-09	9.46224351564087e-10
437.0	1.365971996350906e-09	9.658880615306515e-10
438.0	1.3986963181577973e-09	9.890276513900352e-10
439.0	1.4026250668154455e-09	9.918056962074358e-10
440.0	1.3852655461918407e-09	9.795306614563372e-10
441.0	1.3795915152772277e-09	9.755185157199522e-10
442.0	1.3748459933050787e-09	9.721629249531758e-10
443.0	1.3683634719563704e-09	9.675790901483176e-10
444.0	1.3800925343097163e-09	9.758727896753284e-10
445.0	1.4093110957783707e-09	9.9653343262633e-10
446.0	1.4445326342690685e-09	1.0214388213369251e-09
447.0	1.49427302108529e-09	1.0566105861535174e-09
448.0	1.5352562343626514e-09	1.0855900941767542e-09
449.0	1.5662406691857849e-09	1.1074993981514244e-09
450.0	1.5787521263707022e-09	1.1163463343694047e-09
451.0	1.5558050021656261e-09	1.1001202672352655e-09
452.0	1.5275674096147296e-09	1.0801532740581439e-09
453.0	1.4975565704500991e-09	1.0589324061757347e-09
454.0	1.4900095043752897e-09	1.053595824576174e-09
455.0	1.487513656363526e-09	1.051830993522245e-09
456.0	1.4865236845008121e-09	1.0511309777049362e-09
457.0	1.4960301180303723e-09	1.0578530413185872e-09
458.0	1.5190254374372504e-09	1.0741131876067414e-09
459.0	1.5341338092128812e-09	1.0847964197419773e-09
460.0	1.5571556859886216e-09	1.1010753449257445e-09
461.0	1.5587004989498811e-09	1.102167692646316e-09
462.0	1.553752400646378e-09	1.0986688587819312e-09
463.0	1.5268346453199643e-09	1.0796351314563038e-09
464.0	1.526707233555591e-09	1.0795450377337126e-09
465.0	1.5507283779392796e-09	1.0965305518192798e-09
466.0	1.5695064612519658e-09	1.1098086618673662e-09
467.0	1.5752521110899633e-09	1.1138714498301377e-09
468.0	1.5881654354074404e-09	1.1230025490226869e-09
469.0	1.6053425324454927e-09	1.135148590819393e-09
470.0	1.621610391907453e-09	1.146651704560335e-09
471.0	1.6319693898183533e-09	1.1539766222294298e-09
472.0	1.653648682841875e-09	1.1693061973376921e-09
473.0	1.6680458946600108e-09	1.1794865634444752e-09
474.0	1.6943769645803865e-09	1.1981054415410698e-09
475.0	1.716065385534809e-09	1.2134414710711704e-09
476.0	1.7311927690101552e-09	1.224138146508197e-09
477.0	1.7248644868391933e-09	1.2196633752718479e-09
478.0	1.7429472531126075e-09	1.2324498219263906e-09
479.0	1.7445038676401536e-09	1.2335505146145118e-09
480.0	1.708392236491651e-09	1.2080157353496983e-09
481.0	1.6814095592886271e-09	1.1889361013248725e-09
482.0	1.6645322428337323e-09	1.177002036411385e-09
483.0	1.640018815029169e-09	1.1596684253806515e-09
484.0	1.6158768984151452e-09	1.1425975124320351e-09
485.0	1.6087621179540898e-09	1.1375666029213693e-09
486.0	1.611284704169438e-09	1.1393503407403697e-09
487.0	1.6011049203265086e-09	1.1321521465540211e-09
488.0	1.5709262315585696e-09	1.110812591078893e-09
489.0	1.5415370182771457e-09	1.0900312790738606e-09
490.0	1.531795303173318e-09	1.0831428462635564e-09
491.0	1.5324694914471417e-09	1.0836195693637738e-09
492.0	1.529783713572134e-09	1.081720437615595e-09
493.0	1.5169062727070369e-09	1.0726147118555561e-09
494.0	1.5200761310839713e-09	1.0748561402092874e-09
495.0	1.5116184632158582e-09	1.068875665906721e-09
496.0	1.510406790753477e-09	1.0680188840919944e-09
497.0	1.5034139951001865e-09	1.0630742308661007e-09
498.0	1.4970346005218858e-09	1.0585633176999197e-09
499.0	1.473576738691217e-09	1.0419761045273166e-09
500.0	1.4646583814365944e-09	1.0356698736355287e-09
501.0	1.4737830190720722e-09	1.0421219667834451e-09
502.0	1.4865147441289497e-09	1.0511246559073658e-09
503.0	1.4816857194677285e-09	1.0477100198228994e-09
504.0	1.480993682238155e-09	1.0472206756050343e-09
505.0	1.4949793337758945e-09	1.0571100246466819e-09
506.0	1.4926639174875003e-09	1.0554727780878885e-09
507.0	1.4755367704133175e-09	1.0433620562493545e-09
508.0	1.4469971994232942e-09	1.0231815320701543e-09
509.0	1.446700066464184e-09	1.0229714273398535e-09
510.0	1.4729522648658497e-09	1.041534534850726e-09
511.0	1.4968240716857208e-09	1.0584144513322321e-09
512.0	1.5175659110953535e-09	1.0730811466330657e-09
513.0	1.5337456596215906e-09	1.084521956533861e-09
514.0	1.5327851047781589e-09	1.0838427416903689e-09
515.0	1.5323480317041762e-09	1.0835336843558815e-09
516.0	1.5197596135259765e-09	1.0746323284976647e-09
517.0	1.508445147780734e-09	1.0666317930437008e-09
518.0	1.509021154147214e-09	1.0670390910514454e-09
519.0	1.5300472807802693e-09	1.0819068077757658e-09
520.0	1.538497773335673e-09	1.0878822083660582e-09
521.0	1.564442176953355e-09	1.106227672097962e-09
522.0	1.5763924099874994e-09	1.114677762913165e-09
523.0	1.5804172458827202e-09	1.1175237516678387e-09
524.0	1.5833606504700818e-09	1.1196050530113377e-09
525.0	1.5942545759905657e-09	1.127308221620613e-09
526.0	1.610787032338814e-09	1.13899843361413e-09
527.0	1.6386512577477497e-09	1.1587014163532988e-09
528.0	1.6765870456718707e-09	1.1855260692440996e-09
529.0	1.7034839399735877e-09	1.2045450455977014e-09
530.0	1.7244614844530144e-09	1.2193784095517464e-09
531.0	1.7519880412778034e-09	1.2388426245452716e-09
532.0	1.769822390791682e-09	1.2514534140245862e-09
533.0	1.750055178480322e-09	1.2374758841540694e-09

