f (Hz)	psd [BVD]
0.0	4.4424278007017146e-17
2.0833333333333333e-05	6.504149107879791e-17
4.1666666666666665e-05	1.0993360689864009e-17
6.25e-05	1.2107634180800814e-17
8.333333333333333e-05	8.920014041510682e-17
0.00010416666666666666	1.1985654575104315e-16
0.000125	5.456204813521032e-17
0.00014583333333333332	6.821937797709028e-17
0.00016666666666666666	1.0356914371461651e-16
0.0001875	3.601052153735295e-17
0.00020833333333333332	4.363157228116677e-18
0.00022916666666666666	1.0565326104211946e-17
0.00025	3.9483074005702795e-17
0.0002708333333333333	4.421052500307584e-17
0.00029166666666666664	1.283553662540259e-16
0.0003125	7.3985777055668e-17
0.0003333333333333333	2.1047544635808755e-17
0.00035416666666666664	4.9477879809995244e-17
0.000375	6.78157494010096e-17
0.0003958333333333333	2.1486004254123784e-17
0.00041666666666666664	2.4119570971783896e-17
0.0004375	1.5432263468311147e-16
0.0004583333333333333	6.426799637895955e-16
0.00047916666666666664	4.2061035620775037e-16
0.0005	3.141685196067638e-17
0.0005208333333333333	1.9925712856104322e-16
0.0005416666666666666	5.811335142935889e-17
0.0005625	2.552515126305859e-17
0.0005833333333333333	1.4818087919177198e-16
0.0006041666666666667	1.2402720621285387e-16
0.000625	2.4030588341113583e-16
0.0006458333333333333	4.352747133757041e-16
0.0006666666666666666	3.3066619876115075e-16
0.0006875	3.2521677635057384e-17
0.0007083333333333333	6.904115481516074e-17
0.0007291666666666666	6.4290628844785514e-18
0.00075	1.10764097844548e-16
0.0007708333333333333	5.584576810103974e-17
0.0007916666666666666	1.120428947057283e-17
0.0008125	6.906918048158199e-17
0.0008333333333333333	2.718931483297245e-16
0.0008541666666666666	2.9714243390787945e-16
0.000875	3.2428044470631e-16
0.0008958333333333333	8.116584409031909e-17
0.0009166666666666666	8.545188340338439e-17
0.0009375	6.600331850167616e-17
0.0009583333333333333	6.5447187455910295e-18
0.0009791666666666666	7.0490887823172e-17
0.001	6.130214305640825e-17
0.0010208333333333332	8.955259900422748e-17
0.0010416666666666667	1.446263681921931e-16
0.0010624999999999999	1.0944106911996572e-16
0.0010833333333333333	1.3641771922056563e-17
0.0011041666666666667	7.654463342024725e-18
0.001125	1.1947503517242213e-17
0.0011458333333333333	1.3747438942005268e-18
0.0011666666666666665	5.750002419590519e-18
0.0011875	5.5222322415917247e-17
0.0012083333333333334	7.314285813203551e-17
0.0012291666666666666	5.525087764602106e-17
0.00125	4.986546974334747e-17
0.0012708333333333332	3.798175136757446e-17
0.0012916666666666667	4.038584311054009e-18
0.0013124999999999999	2.6371701414387842e-17
0.0013333333333333333	6.711020146528197e-17
0.0013541666666666667	4.206178109195974e-17
0.001375	7.803152191775598e-17
0.0013958333333333333	1.5873846230916735e-16
0.0014166666666666666	2.1319645625362996e-16
0.0014375	2.2777716397358664e-16
0.0014583333333333332	1.1015605750140307e-16
0.0014791666666666666	1.0204833016288993e-16
0.0015	1.137668439769967e-16
0.0015208333333333332	5.0275792477608146e-17
0.0015416666666666667	8.098379676117741e-17
0.0015624999999999999	1.1226597110273481e-16
0.0015833333333333333	2.5312792300447855e-17
0.0016041666666666667	4.300858094840533e-17
0.001625	6.30396056418162e-17
0.0016458333333333333	5.949975028448547e-17
0.0016666666666666666	8.444139963494916e-18
0.0016875	2.1462573902891413e-17
0.0017083333333333332	6.499563691441343e-17
0.0017291666666666666	8.498874748738015e-17
0.00175	4.1033161161550224e-17
0.0017708333333333332	2.7339787787973555e-16
0.0017916666666666667	2.0741347695503222e-16
0.0018124999999999999	2.068008980451601e-16
0.0018333333333333333	2.1184604533833907e-16
0.0018541666666666665	3.9441949486011697e-16
0.001875	2.9293139281640137e-16
0.0018958333333333334	3.946050053618403e-17
0.0019166666666666666	2.1306972841663742e-17
0.0019375	1.0215171392247639e-16
0.001958333333333333	2.0571432260514735e-16
0.0019791666666666664	1.2221636125577679e-16
0.002	2.0047860919774968e-17
0.0020208333333333332	3.5317938504183153e-17
0.0020416666666666665	7.518815993669985e-17
0.0020625	7.4050373190489e-17
0.0020833333333333333	2.1259073581179067e-17
0.0021041666666666665	6.748861482025477e-17
0.0021249999999999997	9.251812326039963e-17
0.0021458333333333334	6.997714867645919e-18
0.0021666666666666666	4.680933478057308e-17
0.0021874999999999998	1.2953415509175224e-16
0.0022083333333333334	8.734930247258911e-17
0.0022291666666666666	5.829817437211842e-17
0.00225	1.9884390079164436e-16
0.0022708333333333335	1.986689869854224e-16
0.0022916666666666667	1.1658732770647295e-16
0.0023125	1.9682255450790183e-16
0.002333333333333333	8.724928921555604e-17
0.0023541666666666667	7.010033843768449e-17
0.002375	6.096942252848396e-17
0.002395833333333333	1.2501826661253538e-16
0.002416666666666667	9.827891817641018e-17
0.0024375	5.131497455590505e-18
0.002458333333333333	2.6218452301656035e-16
0.0024791666666666664	3.0036714099612e-16
0.0025	9.340764923312647e-17
0.0025208333333333333	2.768556362302846e-17
0.0025416666666666665	8.844623433061106e-17
0.0025625	3.168845822515271e-17
0.0025833333333333333	4.518071652538958e-18
0.0026041666666666665	1.0421687941113572e-17
0.0026249999999999997	6.743173311931289e-18
0.0026458333333333334	5.511288249215728e-17
0.0026666666666666666	3.0118561608767127e-17
0.0026875	7.1129039993575975e-19
0.0027083333333333334	1.2526732574716453e-16
0.0027291666666666666	1.640742328559908e-16
0.00275	1.7345283153775538e-17
0.002770833333333333	2.97718969212552e-18
0.0027916666666666667	2.220405978011811e-17
0.0028125	4.5002054331079766e-17
0.002833333333333333	3.993146445827479e-17
0.0028541666666666667	1.3712269597909413e-16
0.002875	1.6947301904273003e-16
0.002895833333333333	9.013944398990525e-17
0.0029166666666666664	2.978750986795603e-17
0.0029375	6.466572827629274e-17
0.002958333333333333	1.0439721999068143e-16
0.0029791666666666664	4.0303329972956124e-17
0.003	6.262333914964547e-17
0.0030208333333333333	1.1944096974370483e-16
0.0030416666666666665	7.055255347510272e-17
0.0030624999999999997	5.926909613689167e-17
0.0030833333333333333	5.461591556827095e-17
0.0031041666666666665	1.0720505956889387e-16
0.0031249999999999997	2.055370681135339e-16
0.0031458333333333334	1.7441866363077593e-17
0.0031666666666666666	1.2809014918662386e-16
0.0031875	3.154136211629056e-16
0.0032083333333333334	1.3677332504430383e-16
0.0032291666666666666	4.830013766227609e-17
0.00325	1.0317383993893735e-16
0.003270833333333333	3.012521256448878e-17
0.0032916666666666667	2.0951815000447845e-17
0.0033125	1.3320495057794291e-16
0.003333333333333333	8.855144102830302e-18
0.0033541666666666668	1.0152874931195902e-16
0.003375	2.7449137241787386e-16
0.003395833333333333	2.7723848514406007e-16
0.0034166666666666664	1.848957868144004e-16
0.0034375	2.198853939010914e-17
0.0034583333333333332	5.380855469483081e-18
0.0034791666666666664	1.0020484010768142e-17
0.0035	1.094323260307307e-17
0.0035208333333333333	1.4915875353177679e-16
0.0035416666666666665	6.542596262742233e-17
0.0035624999999999997	2.912946516796803e-17
0.0035833333333333333	6.148216091963953e-17
0.0036041666666666665	3.292811293938828e-16
0.0036249999999999998	4.3101703703319924e-16
0.0036458333333333334	1.4717460469659905e-17
0.0036666666666666666	2.739641673475443e-16
0.0036875	3.981728130764767e-16
0.003708333333333333	1.4091438066930897e-16
0.0037291666666666667	2.390985029800517e-16
0.00375	1.1027060233712794e-16
0.003770833333333333	4.320242131934384e-17
0.0037916666666666667	1.8295903375236082e-17
0.0038125	1.0470525531135733e-16
0.003833333333333333	4.96231568208539e-18
0.0038541666666666663	1.7807030485196312e-17
0.003875	1.2548849361667735e-16
0.003895833333333333	1.9194664349277726e-16
0.003916666666666666	1.228119241385414e-16
0.0039375	1.212690315839588e-16
0.003958333333333333	1.0081843645619313e-16
0.0039791666666666664	2.947087215243779e-17
0.004	5.523448245609117e-17
0.004020833333333333	1.4439924490405652e-16
0.0040416666666666665	2.7136355799729934e-17
0.0040625	1.2161544466272255e-17
0.004083333333333333	7.912183011895216e-17
0.0041041666666666666	1.7267296601085915e-16
0.004125	2.0355391830771821e-16
0.004145833333333333	7.372024798983157e-17
0.004166666666666667	1.824272093023975e-17
0.0041875	1.4087578819306107e-16
0.004208333333333333	2.96409150919273e-16
0.004229166666666667	6.804195278404752e-17
0.0042499999999999994	7.24872962167057e-17
0.004270833333333333	2.0261700869708964e-16
0.004291666666666667	3.0074517176641195e-17
0.0043124999999999995	4.101302844593716e-17
0.004333333333333333	8.94181349765226e-17
0.004354166666666667	4.20644932305156e-17
0.0043749999999999995	6.777177695646006e-17
0.004395833333333333	2.077220741802274e-16
0.004416666666666667	8.609747082115594e-17
0.0044375	2.1307399438521784e-17
0.004458333333333333	3.911265509360491e-17
0.004479166666666667	6.20262184733526e-17
0.0045	3.4082474887276854e-18
0.004520833333333333	3.380412202587871e-17
0.004541666666666667	1.436436229649863e-16
0.0045625	2.4600506067375006e-16
0.004583333333333333	1.8973965969501712e-17
0.004604166666666666	3.4309956788326067e-18
0.004625	5.241573751064096e-17
0.004645833333333333	3.717715653729654e-16
0.004666666666666666	2.377213721491738e-16
0.0046875	4.8264513174624764e-17
0.0047083333333333335	2.5008658967725812e-18
0.004729166666666666	8.144287187106502e-17
0.00475	3.1567660137717435e-17
0.0047708333333333335	1.8185247776541725e-17
0.004791666666666666	4.4603156900568453e-17
0.0048125	1.5848793099822004e-16
0.004833333333333334	1.2190879311882843e-16
0.004854166666666666	3.065929940238687e-17
0.004875	7.225399297410285e-18
0.004895833333333333	1.3490469123796793e-17
0.004916666666666666	1.0376538046177756e-16
0.0049375	1.5338278341924604e-16
0.004958333333333333	6.799496864935937e-17
0.0049791666666666665	7.683517900130709e-17
0.005	4.27752256721105e-17
0.005020833333333333	1.1191831685431482e-16
0.0050416666666666665	1.1580639948269333e-16
0.0050625	9.370385675346421e-17
0.005083333333333333	3.402047459437228e-17
0.005104166666666667	1.665898478863811e-17
0.005125	8.70812696277127e-18
0.005145833333333333	1.9021470510440407e-17
0.005166666666666667	3.048602934430499e-17
0.005187499999999999	9.268183854233577e-17
0.005208333333333333	1.443743614969717e-17
0.005229166666666667	2.1085233510704062e-16
0.0052499999999999995	2.141706486060726e-16
0.005270833333333333	1.606168747371167e-16
0.005291666666666667	1.3342161254180826e-16
0.0053124999999999995	4.484752042414161e-18
0.005333333333333333	2.2489578655353897e-17
0.005354166666666667	1.9148442999377263e-17
0.005375	1.3757268744103344e-17
0.005395833333333333	5.1717486777532064e-17
0.005416666666666667	7.500902865552403e-17
0.0054375	2.7345664755663685e-17
0.005458333333333333	7.267657138004583e-17
0.005479166666666667	3.834399007968706e-16
0.0055	2.6057739498229265e-16
0.005520833333333333	1.0091217134853159e-17
0.005541666666666666	2.5773047754153093e-17
0.0055625	1.1502820302158497e-16
0.005583333333333333	7.3098904047908e-17
0.005604166666666666	4.5966931143571807e-17
0.005625	6.914613561821141e-17
0.005645833333333333	5.051321906103186e-17
0.005666666666666666	6.696495232400802e-17
0.0056875	5.450902575571179e-17
0.0057083333333333335	2.0304821163689655e-16
0.005729166666666666	1.871620541170488e-16
0.00575	4.905119502405402e-16
0.0057708333333333335	1.9428666378326097e-16
0.005791666666666666	1.2427929065250307e-16
0.0058125	1.9517321746023055e-16
0.005833333333333333	1.0293545684006547e-16
0.005854166666666666	4.4990660790273506e-17
0.005875	3.256530968200833e-17
0.005895833333333333	3.60751767108301e-17
0.005916666666666666	5.266827964833854e-18
0.0059375	3.484386208001363e-17
0.005958333333333333	1.910131259299126e-16
0.0059791666666666665	6.938748995617757e-17
0.006	7.730137479067698e-17
0.006020833333333333	1.288861552083313e-16
0.0060416666666666665	1.995982898818234e-17
0.0060625	6.803439134447126e-17
0.006083333333333333	1.0993307364167719e-17
0.006104166666666667	2.501198126051082e-17
0.006124999999999999	3.3647649065847026e-18
0.006145833333333333	1.9844949283594874e-17
0.006166666666666667	1.8375010868877558e-16
0.006187499999999999	3.135232007439381e-16
0.006208333333333333	2.1371883651976194e-16
0.006229166666666667	2.804828099525262e-16
0.0062499999999999995	2.1545631378075535e-16
0.006270833333333333	1.075157902966523e-16
0.006291666666666667	3.5299785547971995e-17
0.0063124999999999995	8.792622756569721e-17
0.006333333333333333	4.766773957375821e-17
0.006354166666666667	2.487051830946021e-17
0.006375	3.3317344856921036e-16
0.006395833333333333	1.58756859480266e-16
0.006416666666666667	2.3684183530770096e-17
0.0064375	6.724941099936972e-17
0.006458333333333333	6.693694476926486e-17
0.006479166666666666	1.5851302425112742e-17
0.0065	7.409211761209971e-17
0.006520833333333333	4.953584720895373e-17
0.006541666666666666	5.1128870376735225e-18
0.0065625	1.385092222985521e-17
0.006583333333333333	6.512454936349167e-17
0.006604166666666666	3.2272298784789663e-16
0.006625	3.090848256229009e-16
0.0066458333333333335	1.841268372072138e-16
0.006666666666666666	1.885437913945023e-16
0.0066875	2.636067278135927e-17
0.0067083333333333335	8.882835662232007e-18
0.006729166666666666	3.5776737927411434e-17
0.00675	7.993670408709144e-17
0.006770833333333333	2.8488831495697264e-17
0.006791666666666666	6.333684244742284e-17
0.0068125	2.455814748729784e-16
0.006833333333333333	4.0220090978481323e-16
0.006854166666666666	2.0785795412917323e-16
0.006875	9.000384052530797e-17
0.006895833333333333	1.260726194240353e-16
0.0069166666666666664	2.5188616737814693e-17
0.0069375	1.7571029970052867e-16
0.006958333333333333	8.125497265945698e-17
0.0069791666666666665	1.2599119547165605e-16
0.007	3.737876256483876e-16
0.007020833333333333	2.8636056246211346e-16
0.0070416666666666666	5.587277331361992e-17
0.007062499999999999	8.633169611327601e-17
0.007083333333333333	2.880405580237215e-16
0.007104166666666667	1.2324894029770602e-16
0.007124999999999999	2.2440006047950353e-17
0.007145833333333333	3.9748012827770836e-17
0.007166666666666667	3.9545610519833586e-17
0.0071874999999999994	5.485221671224444e-18
0.007208333333333333	3.919685437501342e-19
0.007229166666666667	1.5405812580512068e-17
0.0072499999999999995	6.326554950356297e-17
0.007270833333333333	8.707454069416566e-17
0.007291666666666667	6.345340053435644e-18
0.0073124999999999996	1.419941116713326e-17
0.007333333333333333	1.7102333012686698e-17
0.007354166666666667	7.468317385762901e-17
0.007375	3.484980036774453e-16
0.007395833333333333	2.1158234682976583e-16
0.007416666666666666	7.837902325293372e-17
0.0074375	1.255562903090191e-16
0.007458333333333333	2.2054347063917842e-16
0.007479166666666666	1.9010568226406457e-17
0.0075	2.9545710596880396e-17
0.007520833333333333	3.7364663346851744e-17
0.007541666666666666	2.2847351047596426e-17
0.0075625	2.7118578157248468e-17
0.007583333333333333	4.2344165129551616e-17
0.007604166666666666	4.804223056569652e-17
0.007625	3.906367045275993e-16
0.0076458333333333335	1.7036749429764223e-16
0.007666666666666666	2.7697557664049027e-18
0.0076875	1.0522937821877617e-16
0.007708333333333333	1.9392243381719868e-16
0.007729166666666666	2.2651456133509642e-17
0.00775	3.724044964126116e-17
0.007770833333333333	7.875964756349333e-17
0.007791666666666666	1.1623537472322727e-16
0.0078125	3.76818980678937e-17
0.007833333333333333	5.364405978074424e-17
0.007854166666666666	3.68838998051428e-16
0.007875	2.9122073887763857e-16
0.007895833333333333	3.6865027825878634e-17
0.007916666666666666	6.055419017063902e-17
0.0079375	2.3689455328478213e-17
0.007958333333333333	1.278535476152206e-16
0.007979166666666666	1.5049630068048168e-16
0.008	3.017692800095492e-17
0.008020833333333333	3.42097270500106e-17
0.008041666666666666	7.08355225525725e-18
0.0080625	1.4606496169808354e-16
0.008083333333333333	1.8206680930434846e-16
0.008104166666666666	1.0674556345789173e-16
0.008125	4.21131714199077e-17
0.008145833333333333	1.9568856703656539e-16
0.008166666666666666	2.263608819238434e-16
0.0081875	4.581317352807956e-16
0.008208333333333333	8.725028569514836e-17
0.008229166666666666	7.342219452681117e-17
0.00825	8.672483194565325e-17
0.008270833333333333	2.1754565970450244e-16
0.008291666666666666	2.0542277262629504e-16
0.0083125	9.496561213356863e-17
0.008333333333333333	4.8244089183438607e-17

f (Hz)	psd [BV I-]
0.0	9.158541130911342e-16
0.000625	2.71431653968184e-15
0.00125	1.3485449254753973e-15
0.001875	1.3104669948200515e-15
0.0025	8.683230362019382e-17
0.003125	3.5287369704564464e-16
0.00375	1.2652140213323564e-16
0.004375	1.9991565954561937e-17
0.005	6.18188806286531e-16
0.005625	4.987025124440354e-16
0.00625	1.0068478555296606e-16
0.006875	1.2780319788670567e-16
0.0075	4.049003279925532e-17
0.008125	1.4428724674665297e-16
0.00875	2.661962442580088e-16
0.009375	3.8825496621171494e-16
0.01	1.9799630068488375e-16
0.010625	5.4664256765000324e-17
0.01125	1.306349973625083e-16
0.011875	5.526412741017763e-16
0.0125	5.058446640344477e-16
0.013125	3.901683711543517e-16
0.01375	5.973842068446461e-16
0.014375	4.59856547572677e-16
0.015	1.9295504012392844e-16
0.015625	8.766848372659991e-17
0.01625	3.0730217999751463e-16
0.016875	2.1877062229338568e-16
0.0175	1.050541464822086e-16
0.018125	1.9324808097574002e-16
0.01875	7.679004780132206e-18
0.019375	1.1305460909637129e-16
0.02	8.694869601419827e-17
0.020625	8.100503315949212e-17
0.02125	1.3799434530459244e-16
0.021875000000000002	2.204666521100857e-16
0.0225	1.2301472099788584e-16
0.023125	2.663180450932384e-17
0.02375	6.506378182759105e-17
0.024375	1.4919888601390394e-17
0.025	8.840093079026466e-18
0.025625000000000002	2.5277662887471393e-17
0.02625	6.081616887662943e-17
0.026875	8.967880611614822e-17
0.0275	2.7199684905690697e-17
0.028125	6.436965178303015e-17
0.02875	2.259280607783578e-16
0.029375000000000002	2.024912160790238e-16
0.03	1.0111170675879095e-16
0.030625	2.4520091204707814e-17
0.03125	4.4427304400536623e-17
0.031875	5.905039687134363e-17
0.0325	1.574654907544893e-17
0.033125	1.6602429881020968e-16
0.03375	4.123521921012583e-16
0.034375	8.323785459388106e-17
0.035	1.8045073634164295e-17
0.035625000000000004	4.334422915696082e-17
0.03625	2.773928534703437e-16
0.036875	3.084124002885113e-16
0.0375	1.9007582542982182e-16
0.038125	7.380428690692699e-17
0.03875	6.863965489242476e-17
0.039375	1.5892302840525637e-16
0.04	1.0489652292049389e-16
0.040625	1.457992888469941e-16
0.04125	3.8604020304198607e-16
0.041875	1.9583412582457103e-16
0.0425	6.254796700435221e-17
0.043125000000000004	1.536324049332642e-16
0.043750000000000004	4.629190242006223e-17
0.044375	2.364603340202806e-17
0.045	1.5621369014741442e-16
0.045625	1.987948113015242e-16
0.04625	3.108465852112156e-17
0.046875	9.090620393957185e-17
0.0475	1.228715117802109e-17
0.048125	6.455684154350166e-17
0.04875	1.8518101476470586e-16
0.049375	3.5033790422626493e-17
0.05	1.5694266081497194e-18
0.050625	8.73957196588198e-17
0.051250000000000004	4.861281593017217e-17
0.051875000000000004	9.252796971541825e-17
0.0525	1.9317375878119327e-16
0.053125	4.974929228499602e-16
0.05375	1.0506106768785324e-15
0.054375	5.346508060844344e-16
0.055	3.281024746543183e-16
0.055625	4.008435804860836e-16
0.05625	2.7243132159865895e-16
0.056875	8.564309481857476e-17
0.0575	1.2305943785148984e-16
0.058125	6.097554798056288e-17
0.058750000000000004	4.4473571761457594e-17
0.059375000000000004	1.8694650003197448e-16
0.06	8.988304705738865e-17
0.060625	1.6089973475832118e-16
0.06125	1.2425239293470387e-17
0.061875	8.929709874984452e-17
0.0625	1.3893627423984102e-17
0.063125	6.19694754407316e-18
0.06375	3.663400093688708e-17
0.064375	7.999157497285338e-17
0.065	4.886019150653661e-17
0.065625	3.22019659037876e-17
0.06625	1.8565527539559716e-18
0.066875	4.229338629645838e-18
0.0675	2.165291729720024e-18
0.068125	1.8539532368726112e-17
0.06875	2.8950311491626006e-17
0.069375	1.7581570537888042e-17
0.07	9.428186594331058e-18
0.07062500000000001	4.7124690423789836e-18
0.07125000000000001	1.8767210697775686e-17
0.07187500000000001	1.8505327575279373e-17
0.0725	1.028579909459387e-17
0.073125	4.609185456208667e-17
0.07375	1.3857129192604131e-16
0.074375	5.495613461671019e-17
0.075	2.2981967110832607e-19
0.075625	1.3001704817707224e-17
0.07625	1.3171335649477773e-16
0.076875	1.7125952001116974e-16
0.0775	5.1005752387242745e-17
0.078125	4.78385104735611e-17
0.07875	1.0291073139282861e-16
0.079375	1.0044037720709472e-16
0.08	1.1482651571787084e-16
0.080625	6.4647223611745374e-18
0.08125	1.1290421923674564e-16
0.081875	1.3207334631068508e-16
0.0825	2.3655845455013104e-17
0.083125	2.5600823467161258e-17
0.08375	3.073444996567099e-17
0.084375	3.572371432636579e-18
0.085	3.3430814574621488e-18
0.085625	3.12070590693333e-18
0.08625000000000001	1.0943618047102183e-17
0.08687500000000001	1.224914729558998e-17
0.08750000000000001	1.790257635696669e-17
0.088125	5.774021635519775e-17
0.08875	1.9779478996062174e-17
0.089375	3.788987633117192e-18
0.09	1.0084032957607862e-17
0.090625	4.432642542548879e-17
0.09125	5.034578979519876e-17
0.091875	4.9653536375130955e-17
0.0925	7.391927834814298e-18
0.093125	1.4397306616082023e-17
0.09375	1.9575249217981257e-18
0.094375	5.9740540790313755e-18
0.095	6.02111660540508e-18
0.095625	5.568836555772926e-18
0.09625	1.7518659343816695e-17
0.096875	5.565114440744989e-17
0.0975	4.82679735609983e-17
0.098125	1.5042920505069945e-18
0.09875	1.7082269771843673e-17
0.099375	8.380206825045745e-18
0.1	9.106719919097272e-18
0.100625	1.5350699043770987e-17
0.10125	6.27610547204712e-18
0.10187500000000001	2.0360921118846312e-17
0.10250000000000001	1.440977194773512e-17
0.10312500000000001	1.742665310543339e-17
0.10375000000000001	3.590896814219253e-17
0.104375	6.576828637476127e-17
0.105	4.641432918503352e-17
0.105625	1.764890624810046e-17
0.10625	2.246867210607665e-18
0.106875	2.1832224544673546e-17
0.1075	1.9758424523196993e-17
0.108125	2.1135387615140897e-18
0.10875	2.561732927860681e-18
0.109375	4.811007131014078e-18
0.11	2.3630065804901315e-17
0.110625	5.222637307588396e-18
0.11125	3.565856019074307e-18
0.111875	1.5516089451343317e-17
0.1125	1.443381934401838e-17
0.113125	6.7343455061861515e-18
0.11375	1.89455708573689e-17
0.114375	1.005922007491308e-17
0.115	4.449784343645199e-19
0.115625	1.0949330740211323e-17
0.11625	4.742581065051644e-18
0.116875	6.495050499897888e-19
0.11750000000000001	2.655333264983942e-18
0.11812500000000001	5.087794976476633e-19
0.11875000000000001	1.2801450962957785e-17
0.11937500000000001	9.615634908969715e-18
0.12	7.126691500771077e-18
0.120625	2.0052632326171544e-18
0.12125	2.241094788456543e-17
0.121875	2.4560884683674548e-17
0.1225	1.1998312004452244e-17
0.123125	2.8258399793912215e-17
0.12375	3.5550841951223e-17
0.124375	2.4251161818540713e-17
0.125	1.3743741988398469e-17
0.12562500000000001	3.4482759660204992e-18
0.12625	1.7254827900600448e-17
0.12687500000000002	5.300740281286717e-18
0.1275	8.383783719290216e-18
0.128125	1.5928524929274122e-17
0.12875	8.09350424525468e-18
0.129375	2.774543549203751e-17
0.13	5.152618153743151e-17
0.130625	2.2779368892381644e-17
0.13125	9.34705249288582e-18
0.131875	5.3854106611937444e-18
0.1325	4.16886816236262e-18
0.133125	7.165148125438756e-18
0.13375	5.78640565074994e-19
0.134375	4.397069477241167e-18
0.135	5.6459550027734965e-18
0.135625	2.333676707400124e-18
0.13625	5.625717863685087e-18
0.136875	1.2986573453179398e-17
0.1375	5.805573071846881e-18
0.138125	1.8587500402378976e-19
0.13875	5.503715906110289e-18
0.139375	3.358396452554653e-17
0.14	3.0715676369592803e-17
0.140625	2.365522608998616e-19
0.14125000000000001	1.4540968163367094e-17
0.141875	6.930324033216517e-18
0.14250000000000002	5.476135548745163e-18
0.143125	2.211304000454786e-19
0.14375000000000002	5.812908401847117e-18
0.144375	1.5216001483642712e-17
0.145	1.1318055732371024e-17
0.145625	4.402103485461656e-18
0.14625	1.2701149822897602e-18
0.146875	1.8318680525394867e-17
0.1475	1.478446142353888e-17
0.148125	1.4345494168749117e-17
0.14875	2.0205548610052303e-17
0.149375	6.761605371553397e-18
0.15	2.790613871537918e-18
0.150625	1.2229710625217797e-17
0.15125	2.462825248560855e-17
0.151875	1.687976975775418e-17
0.1525	8.187614848484839e-18
0.153125	3.854909667387148e-17
0.15375	3.5607424290657694e-17
0.154375	8.810351088154644e-18
0.155	3.0241254138127008e-18
0.155625	1.0228457132502621e-18
0.15625	1.1942463943166948e-17
0.15687500000000001	5.669953657818845e-18
0.1575	1.891549711657978e-18
0.15812500000000002	6.1108797858587254e-18
0.15875	5.955119540876711e-18
0.15937500000000002	2.130212243835032e-18
0.16	2.127409796457576e-18
0.160625	4.97143289333163e-18
0.16125	1.8989737631554234e-17
0.161875	1.4015890386342155e-17
0.1625	6.600242724579598e-18
0.163125	1.1316073917313019e-17
0.16375	9.838458232075186e-18
0.164375	3.479210956323891e-18
0.165	3.2602276071242262e-18
0.165625	5.482080134747144e-18
0.16625	2.711878835407752e-18
0.166875	1.1624465780383228e-18
0.1675	2.3806028399159904e-18
0.168125	6.781153517584868e-18
0.16875	3.741009356076859e-18
0.169375	6.53389583169278e-18
0.17	3.3785744877689927e-19
0.170625	3.0325650280752123e-18
0.17125	4.1066754438657225e-19
0.171875	6.21107982116188e-18
0.17250000000000001	1.7264451545978062e-18
0.173125	1.0037654345907661e-17
0.17375000000000002	8.003486494279183e-18
0.174375	1.0304520991240131e-17
0.17500000000000002	5.768988796961439e-19
0.175625	1.0300239510451218e-18
0.17625	4.6943398387516936e-18
0.176875	2.844522506562483e-18
0.1775	4.1298002685602175e-19
0.178125	8.006957696715386e-19
0.17875	1.448738997286699e-18
0.179375	1.0487567992786059e-18
0.18	4.30390630587757e-18
0.180625	1.8125147587581852e-18
0.18125	5.108843796520706e-19
0.181875	9.317413914081622e-19
0.1825	8.176088288970116e-18
0.183125	1.640898904902728e-17
0.18375	8.745332363409506e-18
0.184375	3.1809028102654696e-19
0.185	3.188193942738954e-18
0.185625	5.795391658824934e-19
0.18625	1.2760368074602586e-17
0.186875	1.7977654543529287e-17
0.1875	4.365923989138568e-18
0.18812500000000001	1.2837709127794e-17
0.18875	2.3614311089427733e-18
0.18937500000000002	7.329222063267131e-18
0.19	3.8283486293980546e-18
0.19062500000000002	2.8302158066489084e-18
0.19125	6.649898569299236e-18
0.19187500000000002	9.852119936247822e-18
0.1925	7.957478672561953e-18
0.193125	5.6774132907742346e-18
0.19375	9.63859683898068e-18
0.194375	5.750582225519911e-18
0.195	1.570649250285949e-18
0.195625	5.03661251338581e-18
0.19625	1.1628155047035487e-18
0.196875	2.6610460832194167e-19
0.1975	3.8383849853284875e-18
0.198125	3.43842921366987e-18
0.19875	2.7238377296074724e-18
0.199375	3.6946775491115875e-18
0.2	3.775518016828089e-18
0.200625	9.659875669927534e-20
0.20125	7.088757913544095e-19
0.201875	1.1567296607335902e-19
0.2025	5.658203791128835e-19
0.203125	2.1391506066697724e-18
0.20375000000000001	4.6758816335683605e-18
0.204375	2.287005720230586e-18
0.20500000000000002	2.5801525687649354e-18
0.205625	2.427426719387117e-19
0.20625000000000002	9.833847241663752e-19
0.206875	3.873595493839038e-18
0.20750000000000002	3.4784017692808254e-18
0.208125	1.6221126697524062e-18
0.20875	9.446638516287797e-18
0.209375	1.0606516553850313e-17
0.21	4.549285027822122e-19
0.210625	5.588163908995832e-19
0.21125	4.3856318318417916e-18
0.211875	7.628217077430907e-18
0.2125	3.935432246891989e-18
0.213125	2.9408420743840753e-18
0.21375	8.969333172661077e-18
0.214375	9.153727799438456e-18
0.215	1.8594419516025963e-18
0.215625	2.9096996155058987e-21
0.21625	2.2312516191745045e-19
0.216875	1.6129943402112482e-18
0.2175	6.016797642668085e-18
0.218125	1.0390010447788746e-17
0.21875	2.029565975491071e-18
0.21937500000000001	2.4966405448314145e-18
0.22	2.952515092763514e-18
0.22062500000000002	7.149639627685713e-19
0.22125	3.2266086334166235e-19
0.22187500000000002	2.1289906733604477e-18
0.2225	3.48231252003134e-18
0.22312500000000002	2.6164809190105855e-18
0.22375	3.2040554790722562e-18
0.224375	4.446667863833476e-18
0.225	1.3791922402329623e-17
0.225625	7.06086503758666e-18
0.22625	1.9330946463462197e-18
0.226875	2.8410256732217187e-18
0.2275	1.947651697492365e-18
0.228125	2.5652864209643223e-18
0.22875	1.2316621722276415e-18
0.229375	1.579624823703197e-18
0.23	1.237617521016517e-19
0.230625	1.7724123000302097e-19
0.23125	1.17539232796654e-18
0.231875	8.046815385268171e-19
0.2325	4.81863484467757e-18
0.233125	1.963900407836178e-18
0.23375	1.8412502274583817e-18
0.234375	1.8152447713115984e-18
0.23500000000000001	1.0892317142351563e-18
0.235625	4.519563245217896e-18
0.23625000000000002	2.5230814991503296e-18
0.236875	7.052332949089222e-18
0.23750000000000002	2.961101902254622e-18
0.238125	5.507068905411228e-18
0.23875000000000002	3.957465003409052e-18
0.239375	8.930426770832907e-19
0.24	8.55787711957868e-18
0.240625	6.8031952864971056e-18
0.24125	4.351995798709846e-19
0.241875	4.967921112472423e-18
0.2425	7.153462127284325e-18
0.243125	6.790671973047599e-19
0.24375	1.4730936716629136e-19
0.244375	2.4477715535237477e-18
0.245	8.398980982558975e-18
0.245625	9.415374068957826e-18
0.24625	4.576796351729624e-18
0.246875	3.977051586578821e-18
0.2475	3.69006057410708e-18
0.248125	3.555390415045124e-18
0.24875	1.4226864060488248e-18
0.249375	2.3107543780614623e-18
0.25	9.956798287495079e-19
0.250625	2.1834045202034292e-18
0.25125000000000003	3.880678635423024e-18
0.251875	4.261917638298711e-18
0.2525	8.124385701452551e-18
0.253125	1.1958852488022111e-17
0.25375000000000003	8.674871341390761e-18
0.254375	3.5299584580991314e-18
0.255	2.648911941009831e-18
0.255625	2.5046950407952757e-18
0.25625	3.316339339163514e-20
0.256875	1.3760346418051737e-19
0.2575	5.46848962382936e-18
0.258125	4.702365277821771e-18
0.25875	3.7607966950618566e-18
0.259375	5.021738132998746e-18
0.26	3.730895993951317e-18
0.260625	2.0494424940887684e-18
0.26125	7.619302240892469e-19
0.261875	1.6388525085838055e-18
0.2625	2.294825199754777e-18
0.263125	8.039972197980192e-18
0.26375	1.230577714542379e-18
0.264375	1.8182304788001734e-18
0.265	2.150661755436988e-18
0.265625	8.776865535817232e-19
0.26625	2.9491487720061815e-21
0.26687500000000003	1.8495396688713766e-18
0.2675	4.19546652186539e-18
0.268125	1.0333530988146331e-18
0.26875	3.6991017856522627e-19
0.26937500000000003	4.2950366107104294e-21
0.27	1.5444073768686065e-18
0.270625	3.4596990644532153e-18
0.27125	1.2758022694885522e-18
0.27187500000000003	7.874281298305272e-19
0.2725	1.739619487893907e-18
0.273125	2.2294025219948e-18
0.27375	1.1088011342481812e-18
0.274375	1.1370777383191027e-18
0.275	2.6370636680846898e-18
0.275625	2.865412496479431e-19
0.27625	7.377145137840716e-19
0.276875	1.3449004002719973e-18
0.2775	6.391399605241919e-18
0.278125	4.525362280575075e-18
0.27875	3.282814243964986e-19
0.279375	3.3064718004397487e-19
0.28	2.9476172973291037e-18
0.280625	1.1498300542470494e-18
0.28125	4.321054509214906e-18
0.281875	1.5176178100842933e-17
0.28250000000000003	9.993271443747873e-18
0.283125	1.8888235054141465e-18
0.28375	1.9079269194294415e-20
0.284375	1.3660136486182503e-18
0.28500000000000003	2.1206032388123527e-18
0.285625	2.0117165329824897e-18
0.28625	4.0478862300527245e-18
0.286875	9.015393268345141e-19
0.28750000000000003	2.6673568925160303e-18
0.288125	3.444418920516255e-18
0.28875	2.367641074330748e-19
0.289375	1.0050166008236483e-18
0.29	1.1135664380724352e-18
0.290625	1.5802870284033284e-18
0.29125	1.9981603044883203e-18
0.291875	7.124668710441929e-19
0.2925	1.1750338730150863e-18
0.293125	1.955052724147805e-18
0.29375	5.322401173197493e-19
0.294375	3.265746692243836e-19
0.295	2.912410831074027e-18
0.295625	3.3938440735769647e-18
0.29625	1.4415317233018296e-18
0.296875	6.606902813172763e-19
0.2975	3.417930129873174e-19
0.29812500000000003	3.6957554661632205e-19
0.29875	2.708383183810568e-19
0.299375	1.2508683633298983e-19
0.3	5.8116646815247e-19
0.30062500000000003	2.045025166649108e-18
0.30125	3.7086017151079526e-18
0.301875	1.8003852415858994e-18
0.3025	2.550102070406983e-18
0.30312500000000003	9.358596961356842e-20
0.30375	3.1189877274170045e-20
0.304375	2.307657751886329e-18
0.305	1.5921814630955427e-18
0.305625	1.0799281421386498e-18
0.30625	3.622470081596814e-18
0.306875	2.6708412885851347e-18
0.3075	2.9146284989603016e-18
0.308125	2.7835094290999277e-18
0.30875	2.9125142340561736e-18
0.309375	6.740543592903623e-20
0.31	7.675755376545601e-19
0.310625	5.87065481291838e-19
0.31125	1.7237695840352093e-19
0.311875	2.8506419651130374e-18
0.3125	8.712138583757616e-19
0.313125	5.120856207618394e-18
0.31375000000000003	2.66683742610531e-18
0.314375	3.7321388767837037e-19
0.315	2.006704380622038e-18
0.315625	7.221522151144139e-19
0.31625000000000003	2.0411404324433007e-18
0.316875	5.477370276607878e-18
0.3175	5.273824744218473e-18
0.318125	2.609890950504393e-18
0.31875000000000003	9.576448355590227e-19
0.319375	1.7230693683453368e-18
0.32	3.696216007236114e-18
0.320625	6.8228171227507335e-19
0.32125	4.431487852743959e-19
0.321875	1.4711509896995289e-19
0.3225	2.1656848695216704e-19
0.323125	8.80981497249699e-19
0.32375	9.186843202366503e-19
0.324375	6.321040959491808e-19
0.325	2.048727950569133e-18
0.325625	2.8176531895625975e-18
0.32625	2.9926717569427015e-18
0.326875	3.784238748399447e-19
0.3275	2.21121658074741e-19
0.328125	1.4228590591375074e-18
0.32875	2.984783807561058e-20
0.32937500000000003	4.370582625392571e-19
0.33	5.000902474422788e-19
0.330625	1.1282317266541154e-18
0.33125	4.588734797347911e-19
0.33187500000000003	7.1849457599427e-19
0.3325	8.934645198888862e-22
0.333125	1.03364586122488e-21
0.33375	7.117226389146654e-19
0.33437500000000003	8.791922151972266e-19
0.335	1.4205433338807652e-18
0.335625	9.048587512272507e-19
0.33625	1.66349644241704e-18
0.336875	3.583087475772876e-18
0.3375	1.306638260291848e-18
0.338125	3.5673436115671185e-18
0.33875	1.0045620300784586e-17
0.339375	5.2133317501393096e-18
0.34	2.625414066159093e-19
0.340625	3.2331599332549e-19
0.34125	1.4886942007684442e-18
0.341875	1.891276097643998e-18
0.3425	1.2429115181772969e-18
0.343125	2.500492567985708e-18
0.34375	4.145362190985889e-18
0.344375	8.435258555732219e-19
0.34500000000000003	1.075739030819614e-18
0.345625	5.028402185605867e-18
0.34625	1.1612271689311691e-17
0.346875	1.0737600685557875e-17
0.34750000000000003	1.5940780497466688e-18
0.348125	2.467436221251015e-18
0.34875	3.569654294125508e-18
0.349375	3.15502628680228e-18
0.35000000000000003	7.465346614263734e-19
0.350625	1.085615376310549e-18
0.35125	3.3945016970146025e-18
0.351875	2.0170384550062592e-18
0.3525	3.5081747463986296e-18
0.353125	4.531318780108e-18
0.35375	3.642918667793592e-19
0.354375	2.788726173759201e-18
0.355	8.720702105747852e-19
0.355625	1.1209571171942516e-18
0.35625	6.152835913051318e-19
0.356875	2.168233541306503e-20
0.3575	1.6986044203812798e-18
0.358125	2.1674126381573285e-18
0.35875	3.2696099924209808e-18
0.359375	1.8096607618615066e-19
0.36	3.753822161576581e-18
0.36062500000000003	4.022268926897035e-18
0.36125	2.350684642999102e-19
0.361875	7.701903310775351e-19
0.3625	2.087692980855101e-19
0.36312500000000003	3.34136671576292e-19
0.36375	6.795826387653127e-19
0.364375	7.588661561844227e-19
0.365	3.029272013900035e-20
0.36562500000000003	1.1784053834615592e-18
0.36625	1.4295624967389547e-18
0.366875	4.518035154828434e-20
0.3675	2.102733425911417e-19
0.368125	1.4734631984782798e-19
0.36875	1.4042631539694667e-18
0.369375	4.6096965483729426e-18
0.37	9.137342551096e-18
0.370625	6.868522272940896e-18
0.37125	1.1952905107698664e-18
0.371875	3.577516370024624e-19
0.3725	6.3260011731991085e-19
0.373125	2.6622573200089297e-19
0.37375	1.3440207874861084e-18
0.374375	5.548673448531109e-19
0.375	1.2713390486586656e-18
0.375625	4.198573949269971e-18
0.37625000000000003	6.0636148854682174e-18
0.376875	2.106878422575757e-18
0.3775	5.116267564834814e-19
0.378125	2.3043841835188965e-18
0.37875000000000003	8.157096868930626e-19
0.379375	1.171524314736952e-19
0.38	3.589145355345172e-19
0.380625	1.4777043320739276e-18
0.38125000000000003	2.4677287846980937e-18
0.381875	2.1573701560315964e-19
0.3825	7.957992308538471e-19
0.383125	1.0566480153680055e-18
0.38375000000000004	3.350657493216148e-18
0.384375	1.9284015304038145e-18
0.385	4.419283106201579e-19
0.385625	1.0151330893236366e-19
0.38625	2.1972838233404273e-18
0.386875	7.140831809141744e-19
0.3875	5.933369092244478e-19
0.388125	1.3751124544851967e-18
0.38875	1.7108860249903735e-18
0.389375	4.6697138786257395e-20
0.39	4.094734718354757e-19
0.390625	9.375265656767892e-20
0.39125	1.0405106158086264e-18
0.39187500000000003	5.906517311333044e-19
0.3925	6.915250813938176e-19
0.393125	1.4108474625218044e-18
0.39375	7.284373028325031e-19
0.39437500000000003	6.100764286759733e-19
0.395	3.2493759043814944e-18
0.395625	3.711920956350928e-18
0.39625	1.4432752072321628e-18
0.39687500000000003	1.1722296603885843e-18
0.3975	2.5406237600992024e-19
0.398125	2.775526079742272e-19
0.39875	1.6279001900037435e-19
0.39937500000000004	3.4508604885548288e-18
0.4	1.364048538300624e-18
0.400625	4.226880369714571e-19
0.40125	1.2503522525575708e-18
0.401875	3.0768936579519246e-19
0.4025	1.6592094233186293e-18
0.403125	5.2983994093590505e-18
0.40375	2.380225053411816e-18
0.404375	6.691044342353083e-19
0.405	2.7147397688666253e-19
0.405625	2.0319773438216348e-19
0.40625	9.78652476766796e-19
0.406875	4.112378355377717e-18
0.40750000000000003	3.550652413551529e-18
0.408125	4.099035561401726e-18
0.40875	4.626179168650332e-18
0.409375	2.918363351896894e-18
0.41000000000000003	1.0557526898594116e-18
0.410625	3.2465727445524817e-18
0.41125	4.557138132601887e-19
0.411875	8.551467537378261e-19
0.41250000000000003	7.767597020257644e-19
0.413125	2.1101420283264138e-19
0.41375	2.709297831133665e-19
0.414375	6.9613955170611825e-19
0.41500000000000004	6.92190857342734e-19
0.415625	1.188259021752169e-18
0.41625	5.870176858882737e-18
0.416875	4.789635418695748e-18
0.4175	5.474342071976718e-19
0.418125	3.133466001330847e-18
0.41875	3.669879303790409e-18
0.419375	4.806804500303966e-19
0.42	3.501444841243303e-18
0.420625	2.9811474254413098e-18
0.42125	5.515282280776531e-18
0.421875	2.8001407837794692e-18
0.4225	7.031840569707674e-19
0.42312500000000003	3.319881862936391e-18
0.42375	4.703415562513834e-18
0.424375	5.548804017943696e-19
0.425	3.525629679590389e-19
0.42562500000000003	3.4309171462033997e-18
0.42625	4.7289869519066645e-18
0.426875	1.2781439283201042e-18
0.4275	1.8496429836908205e-19
0.42812500000000003	9.165307470496006e-19
0.42875	1.4182135348985613e-18
0.429375	1.9695516280650345e-18
0.43	1.792396098093417e-19
0.43062500000000004	2.513828900328042e-19
0.43125	8.030454346683427e-19
0.431875	1.1213766774565263e-18
0.4325	2.0943201697576932e-19
0.433125	2.079490998607389e-19
0.43375	7.662275138487175e-19
0.434375	1.1164327204937576e-18
0.435	2.562660187841938e-19
0.435625	1.0994265096732218e-18
0.43625	1.793860168683756e-19
0.436875	3.8197473348340316e-19
0.4375	1.0425054104862045e-19
0.438125	2.3038122767905905e-18
0.43875000000000003	3.3555757474081845e-19
0.439375	3.307746100017125e-18
0.44	1.0488663081853188e-18
0.440625	5.104561344291037e-18
0.44125000000000003	1.2365261654005776e-18
0.441875	6.9279801627685e-19
0.4425	1.512684070516199e-18
0.443125	1.788651614805882e-18
0.44375000000000003	7.88320539245644e-18
0.444375	1.1964927390909185e-17
0.445	9.578689543468599e-18
0.445625	1.3610502006331614e-17
0.44625000000000004	2.3184977404420268e-17
0.446875	9.375502044708593e-18
0.4475	1.5884412912461344e-18
0.448125	1.8728693496575984e-18
0.44875	5.4041732078193136e-18
0.449375	5.483894957208289e-18
0.45	1.3989778704575111e-18
0.450625	1.2960438121775735e-18
0.45125	1.755781772849634e-18
0.451875	3.063884484697567e-19
0.4525	1.5546992188874527e-18
0.453125	2.3788982908850643e-19
0.45375	3.432179885063293e-19
0.45437500000000003	1.5310594575905404e-18
0.455	5.514054801639826e-19
0.455625	2.0305566860285692e-19
0.45625	3.6710163929857314e-19
0.45687500000000003	1.5536081619459421e-18
0.4575	8.740660647193971e-19
0.458125	3.5210782515030026e-18
0.45875	7.729870293478539e-18
0.45937500000000003	4.8629830980801295e-18
0.46	2.3915159571460914e-18
0.460625	2.750194367710232e-19
0.46125	3.865041380058107e-19
0.46187500000000004	3.318773553007843e-20
0.4625	1.4392537940530825e-18
0.463125	3.8177213970754045e-18
0.46375	3.3016863630589676e-18
0.464375	1.6401789844554379e-18
0.465	5.543497447077358e-19
0.465625	6.656379634047017e-19
0.46625	3.9385028597017016e-18
0.466875	1.6588098783739579e-18
0.4675	6.507024649079821e-19
0.468125	1.6085405571004885e-18
0.46875	1.731223360100594e-18
0.469375	4.929283546646338e-19
0.47000000000000003	2.9025098255866465e-19
0.470625	1.3710279016624905e-18
0.47125	1.8379888544801975e-18
0.471875	2.5338735303627524e-19
0.47250000000000003	8.746674849005464e-20
0.473125	3.7284040675204085e-20
0.47375	1.7199925111606373e-19
0.474375	6.3175482525905765e-19
0.47500000000000003	1.2796574946078614e-18
0.475625	1.1749740259115274e-18
0.47625	2.3514650211339927e-19
0.476875	1.5420354145093469e-19
0.47750000000000004	6.063359312090302e-19
0.478125	5.5732156275704865e-19
0.47875	4.533783793940778e-19
0.479375	4.594122917624852e-19
0.48	2.768402282471934e-19
0.480625	5.055141384938742e-19
0.48125	1.0804031486056287e-19
0.481875	3.1713338529913206e-19
0.4825	1.253102711335723e-18
0.483125	6.421003465206083e-19
0.48375	7.977137779675083e-20
0.484375	1.0900594916523783e-18
0.485	8.7310367643135e-19
0.48562500000000003	2.022464292337726e-20
0.48625	1.6696617686305188e-18
0.486875	2.3326047616505644e-18
0.4875	1.466523252502226e-18
0.48812500000000003	5.794874724460171e-19
0.48875	9.04792729223516e-20
0.489375	5.399915368411893e-19
0.49	6.884427825534601e-19
0.49062500000000003	2.9720667286721926e-19
0.49125	2.684659902816868e-19
0.491875	5.3676368094954954e-20
0.4925	1.0031517244654484e-19
0.49312500000000004	1.3615042304258936e-20
0.49375	8.44901983415967e-20
0.494375	7.52917903996805e-19
0.495	1.867415359783187e-18
0.49562500000000004	1.0978823776485503e-18
0.49625	2.5580571241766923e-19
0.496875	1.9483889862025526e-19
0.4975	9.772244341788142e-20
0.498125	8.234024437002457e-20
0.49875	2.601068196708567e-20
0.499375	3.8826453671466605e-19
0.5	3.2951493751423333e-19

f (Hz)	psd [BV I+]
0.0	8.436244685824548e-16
0.000625	2.5954730403117722e-15
0.00125	1.3046432960487433e-15
0.001875	1.278923208864958e-15
0.0025	5.897476278573811e-17
0.003125	4.142664066476889e-16
0.00375	1.5598945423246513e-16
0.004375	3.321889870064318e-17
0.005	6.958775097553019e-16
0.005625	5.464504203511497e-16
0.00625	1.0223078213280807e-16
0.006875	1.2343360478166416e-16
0.0075	5.4106043754078315e-17
0.008125	1.481658637949839e-16
0.00875	2.0209977892786307e-16
0.009375	3.426757799248399e-16
0.01	1.854886278342868e-16
0.010625	4.0560240156669526e-17
0.01125	1.6209522818468591e-16
0.011875	5.569482654297113e-16
0.0125	4.647809563223312e-16
0.013125	3.2664436582923986e-16
0.01375	4.542186831230331e-16
0.014375	3.3389496509327416e-16
0.015	1.9930856785245826e-16
0.015625	1.3811671313244745e-16
0.01625	3.242879485334101e-16
0.016875	1.9353318659472344e-16
0.0175	1.5431071156372309e-16
0.018125	2.1257733284834417e-16
0.01875	5.5312218159766315e-18
0.019375	1.5219448705246786e-16
0.02	1.2681205054121785e-16
0.020625	8.301004043817673e-17
0.02125	1.11478188401978e-16
0.021875000000000002	2.0976126052462302e-16
0.0225	1.5073863863971886e-16
0.023125	2.5611639381732465e-17
0.02375	6.368731642380905e-17
0.024375	6.774614378115498e-18
0.025	1.469940866199204e-17
0.025625000000000002	6.130511501852903e-17
0.02625	1.1444633585049637e-16
0.026875	1.130495826129665e-16
0.0275	1.2520807591620833e-17
0.028125	5.78788831228699e-17
0.02875	2.292620857206586e-16
0.029375000000000002	2.419656083442208e-16
0.03	1.1175939889284942e-16
0.030625	2.916122548469592e-17
0.03125	6.096228574467982e-17
0.031875	5.921521032132677e-17
0.0325	1.2340789027979384e-17
0.033125	1.5151406264357197e-16
0.03375	3.85185236007157e-16
0.034375	7.805176981485035e-17
0.035	1.7445443209510203e-17
0.035625000000000004	3.164134649499762e-17
0.03625	2.704002877883341e-16
0.036875	3.170809887557287e-16
0.0375	2.0520293673592232e-16
0.038125	8.658353303593143e-17
0.03875	6.929119885750221e-17
0.039375	1.5969935351202976e-16
0.04	1.258165305240615e-16
0.040625	1.6466500358513017e-16
0.04125	4.0251705605773134e-16
0.041875	2.4402209377274807e-16
0.0425	3.4514733205783095e-17
0.043125000000000004	1.0589110695035093e-16
0.043750000000000004	6.244319957255611e-17
0.044375	3.951784784630375e-17
0.045	1.860411181793581e-16
0.045625	2.1769574380548186e-16
0.04625	1.6240591341043076e-17
0.046875	5.442892004629473e-17
0.0475	1.1741673784978784e-17
0.048125	8.462884748051301e-17
0.04875	2.127062909079674e-16
0.049375	4.161070084051384e-17
0.05	6.612890073245026e-19
0.050625	8.208265542206327e-17
0.051250000000000004	6.457268058781088e-17
0.051875000000000004	7.94197202508376e-17
0.0525	1.7891341191553844e-16
0.053125	5.44708459488928e-16
0.05375	1.05945740278882e-15
0.054375	5.315605517046067e-16
0.055	2.14869961925117e-16
0.055625	3.9506055132423655e-16
0.05625	3.031321235613756e-16
0.056875	9.74735188772956e-17
0.0575	1.3084256449854563e-16
0.058125	3.939981958438435e-17
0.058750000000000004	2.2681358797537866e-17
0.059375000000000004	1.5333836164510684e-16
0.06	7.23228462225723e-17
0.060625	1.4244452779588676e-16
0.06125	2.0273575835233574e-17
0.061875	9.200100545526776e-17
0.0625	1.2668565672534512e-17
0.063125	9.060165251911648e-18
0.06375	4.7928764295315235e-17
0.064375	7.789854413134506e-17
0.065	6.219444422733624e-17
0.065625	2.923177997883464e-17
0.06625	5.027589738915095e-19
0.066875	9.270672241203994e-18
0.0675	8.834185435337502e-18
0.068125	4.061121229205752e-18
0.06875	1.008882451938637e-17
0.069375	8.79147953793864e-18
0.07	2.0713401793762116e-18
0.07062500000000001	8.34655380351503e-18
0.07125000000000001	2.504190507140478e-17
0.07187500000000001	2.1712341533008453e-17
0.0725	6.442220181504292e-18
0.073125	3.4186264395446765e-17
0.07375	1.20975162375663e-16
0.074375	6.494213438191043e-17
0.075	1.9588187645033873e-18
0.075625	5.82321982614172e-18
0.07625	8.32972564334833e-17
0.076875	1.1989936913443034e-16
0.0775	3.619174504954213e-17
0.078125	3.001878288120965e-17
0.07875	8.419779447381656e-17
0.079375	1.0000650896996141e-16
0.08	1.0457860080444681e-16
0.080625	5.01931063748438e-18
0.08125	1.3340218239523043e-16
0.081875	1.5431101273567757e-16
0.0825	2.5112106809134215e-17
0.083125	2.0297711562771396e-17
0.08375	2.782789277783999e-17
0.084375	4.457475161679754e-18
0.085	2.768975382839347e-19
0.085625	1.288710202909457e-19
0.08625000000000001	2.8157325119720057e-17
0.08687500000000001	2.184124462771901e-17
0.08750000000000001	1.8410144920385e-17
0.088125	6.689438288077065e-17
0.08875	3.307261736179973e-17
0.089375	6.44950779327325e-18
0.09	1.713422823368154e-17
0.090625	6.134789737772089e-17
0.09125	5.755320394656484e-17
0.091875	4.8306278497853123e-17
0.0925	9.817070850644e-18
0.093125	1.610530675369447e-17
0.09375	5.889985442288809e-18
0.094375	2.392690245401713e-18
0.095	2.4708144655876777e-18
0.095625	4.69910220996452e-18
0.09625	4.096645027592543e-18
0.096875	5.132570564295629e-17
0.0975	6.065738700738657e-17
0.098125	5.118763473102662e-18
0.09875	8.61362963602363e-18
0.099375	3.011711326537477e-18
0.1	7.96064752350353e-18
0.100625	8.551149201287217e-18
0.10125	2.4831550923628013e-17
0.10187500000000001	4.478593422807012e-17
0.10250000000000001	2.9615918955802886e-17
0.10312500000000001	1.5586975383721173e-17
0.10375000000000001	2.813307506706567e-17
0.104375	4.794883533417601e-17
0.105	3.966491358455427e-17
0.105625	3.256742548370623e-17
0.10625	3.465661763397544e-18
0.106875	2.068638694175789e-17
0.1075	1.8545617256197426e-17
0.108125	5.973940019279211e-18
0.10875	1.8620879979090853e-17
0.109375	2.488437897818569e-18
0.11	4.8748183512600486e-17
0.110625	2.7442901323535223e-17
0.11125	2.727195440077143e-18
0.111875	3.682607785045581e-17
0.1125	2.0904451755407896e-17
0.113125	9.463001687588787e-18
0.11375	1.9083480619068196e-17
0.114375	2.0381343226325882e-17
0.115	6.421865583348643e-19
0.115625	9.76364114671841e-18
0.11625	1.2200225727536047e-17
0.116875	8.53102647106832e-18
0.11750000000000001	8.986787696421144e-18
0.11812500000000001	1.9969741162296513e-18
0.11875000000000001	1.1962830473159414e-18
0.11937500000000001	4.948835825792693e-18
0.12	6.15854826475316e-18
0.120625	1.5369634127343353e-18
0.12125	9.05399356578112e-18
0.121875	2.0545091272596645e-17
0.1225	2.057774876856672e-17
0.123125	4.231629371736919e-17
0.12375	4.788487127553756e-17
0.124375	2.4402304416845762e-17
0.125	1.0884103362235983e-17
0.12562500000000001	1.1322924820690545e-17
0.12625	3.434384187170462e-17
0.12687500000000002	1.0389400266736009e-17
0.1275	1.3167418234668464e-17
0.128125	2.811959949392074e-17
0.12875	2.3333722681090246e-18
0.129375	2.439252839622747e-17
0.13	4.712257275774974e-17
0.130625	2.2003740635216687e-17
0.13125	4.333039125642062e-18
0.131875	8.774476322127973e-19
0.1325	7.042786429808262e-18
0.133125	1.107589396548711e-17
0.13375	9.013038583304868e-19
0.134375	7.165246807234792e-18
0.135	4.766952356943672e-18
0.135625	2.3479557577824015e-18
0.13625	7.216893730834945e-18
0.136875	2.921438343734095e-17
0.1375	7.26454202971562e-18
0.138125	3.419597036025313e-20
0.13875	6.699415159616533e-18
0.139375	3.917848441035506e-17
0.14	3.144411444013985e-17
0.140625	9.581351963329593e-19
0.14125000000000001	6.581177122499403e-18
0.141875	1.742374679490842e-18
0.14250000000000002	1.0619507213303077e-18
0.143125	2.204224521452053e-19
0.14375000000000002	7.464618717941814e-18
0.144375	2.481900849785149e-17
0.145	1.7119746374761154e-17
0.145625	5.752984946840318e-19
0.14625	1.6384690709421255e-18
0.146875	1.1107737738580656e-17
0.1475	1.8427734074897417e-17
0.148125	2.3513736389999232e-17
0.14875	2.1618154419037716e-17
0.149375	9.278267898838343e-18
0.15	3.3119224001050616e-18
0.150625	1.6998443869524487e-17
0.15125	3.184574254098911e-17
0.151875	2.069713759822565e-17
0.1525	5.3746226925518355e-18
0.153125	2.4298389417672952e-17
0.15375	2.0673393269152622e-17
0.154375	2.551171710261285e-18
0.155	4.247037330201599e-18
0.155625	2.3807148544381847e-18
0.15625	4.083708817441363e-18
0.15687500000000001	9.613184985748934e-18
0.1575	5.5194335243621994e-18
0.15812500000000002	9.345900572415483e-18
0.15875	1.1224783098104742e-17
0.15937500000000002	2.1238616267493572e-18
0.16	2.991909549621721e-18
0.160625	2.502928268075946e-18
0.16125	6.2312379390974894e-18
0.161875	8.328648021612888e-18
0.1625	3.0455920775505616e-18
0.163125	2.8248898609956983e-18
0.16375	1.0595672913012893e-17
0.164375	1.8858111452465993e-17
0.165	8.799827158942542e-18
0.165625	3.898083413969439e-18
0.16625	1.0045115004723304e-18
0.166875	5.952405186068831e-18
0.1675	7.290123602010413e-18
0.168125	7.380400983846118e-18
0.16875	7.473295493483012e-20
0.169375	3.405326444462066e-18
0.17	1.0220213082168067e-18
0.170625	4.272691061257027e-18
0.17125	5.154199021876415e-18
0.171875	1.2426658309361456e-17
0.17250000000000001	1.9633139454921948e-17
0.173125	1.508269057068263e-17
0.17375000000000002	1.2293299447255641e-17
0.174375	2.0382544627164977e-17
0.17500000000000002	8.8208042826158e-18
0.175625	1.3417180072758804e-18
0.17625	1.1131937238624147e-18
0.176875	2.638591390919608e-18
0.1775	2.2067336911333466e-19
0.178125	1.6231502419804471e-18
0.17875	8.462843413602407e-18
0.179375	4.130350248919943e-18
0.18	1.170600258999544e-18
0.180625	5.713594625161841e-18
0.18125	1.3993198299050718e-19
0.181875	2.6658440390224967e-18
0.1825	2.3978572821922906e-18
0.183125	3.491954724813163e-18
0.18375	2.8347274749775144e-18
0.184375	3.9247428078028256e-19
0.185	6.933017885145552e-18
0.185625	8.55549852018788e-18
0.18625	9.699940671879957e-18
0.186875	1.8699056348498283e-17
0.1875	1.0846612993300417e-17
0.18812500000000001	1.2474340091882072e-17
0.18875	2.2919931602711458e-18
0.18937500000000002	7.989318694326543e-18
0.19	4.455240712476769e-18
0.19062500000000002	2.3437134075714292e-18
0.19125	1.4020514440863394e-17
0.19187500000000002	1.2172527511304363e-17
0.1925	4.424173248284933e-18
0.193125	1.4529005155916439e-19
0.19375	2.9447744070301227e-18
0.194375	3.646306609267988e-18
0.195	1.6906399010108249e-18
0.195625	1.7913887534571852e-19
0.19625	1.6550933398986228e-19
0.196875	1.894187213217263e-19
0.1975	2.8277725473774017e-18
0.198125	1.1809284545878502e-17
0.19875	7.022584776107471e-18
0.199375	7.871967752273706e-18
0.2	8.792975060310483e-18
0.200625	3.878843752049822e-19
0.20125	1.0698378060043841e-18
0.201875	1.0504735818691314e-18
0.2025	1.4827560773439774e-18
0.203125	1.5139156327285176e-18
0.20375000000000001	4.899535894251254e-18
0.204375	5.559962417100447e-18
0.20500000000000002	8.71173848289393e-18
0.205625	3.822620508734796e-18
0.20625000000000002	3.83145629169522e-18
0.206875	1.2179048332668758e-18
0.20750000000000002	5.16519140365477e-19
0.208125	7.182283933069632e-18
0.20875	4.051495412150334e-18
0.209375	9.210391964136282e-18
0.21	8.61673922464415e-18
0.210625	9.06529673165056e-18
0.21125	4.71993513938275e-18
0.211875	2.8077218455475727e-19
0.2125	7.574529537690635e-18
0.213125	5.243220310277312e-18
0.21375	1.0836484377397964e-19
0.214375	2.5569604510478586e-18
0.215	1.2982850635146278e-18
0.215625	1.5721292040704757e-19
0.21625	3.8118484069015985e-19
0.216875	1.4679931864230716e-18
0.2175	9.062658810066587e-19
0.218125	8.558642957757569e-19
0.21875	7.7130921041657515e-19
0.21937500000000001	8.841139067628638e-19
0.22	1.395608268694215e-18
0.22062500000000002	2.700952097641746e-18
0.22125	9.303878609391592e-18
0.22187500000000002	4.718302464550988e-18
0.2225	2.0313359214773208e-18
0.22312500000000002	9.731227867339795e-19
0.22375	3.1565912561566656e-18
0.224375	1.1369275891274991e-18
0.225	3.997308769919581e-18
0.225625	3.7424688466453355e-19
0.22625	8.620139321204429e-19
0.226875	1.721786718561331e-18
0.2275	2.325961707119942e-18
0.228125	2.6049354446786917e-19
0.22875	8.00595446675872e-18
0.229375	4.050598675298268e-18
0.23	2.4893358300127756e-19
0.230625	3.1668954639013e-18
0.23125	5.908405917536171e-18
0.231875	1.0004942351284573e-18
0.2325	1.3004830113587985e-18
0.233125	2.0908084968137066e-18
0.23375	3.2146593487299133e-18
0.234375	3.6951172077940635e-19
0.23500000000000001	8.991252358548776e-19
0.235625	1.3317467015901361e-17
0.23625000000000002	1.1771227604108406e-17
0.236875	2.692275277360342e-18
0.23750000000000002	1.175775333667606e-18
0.238125	2.586709416975442e-18
0.23875000000000002	6.8814684023671615e-18
0.239375	5.603237506790649e-18
0.24	3.230056517516425e-18
0.240625	2.458086460219963e-18
0.24125	4.924174224779626e-19
0.241875	6.379305432396276e-18
0.2425	6.510347982460503e-18
0.243125	2.7085541029368187e-18
0.24375	1.0265680379739823e-18
0.244375	3.2594156885422055e-18
0.245	4.376828510835628e-18
0.245625	8.35303536712397e-18
0.24625	2.1260557755023758e-19
0.246875	3.040612398862797e-19
0.2475	1.0030934184286448e-18
0.248125	3.609139993390424e-18
0.24875	3.93453706318735e-18
0.249375	2.772853584590045e-18
0.25	1.1383640444223918e-18
0.250625	3.319855136127395e-18
0.25125000000000003	4.5574546623998514e-18
0.251875	1.748002818266425e-18
0.2525	5.622147194995637e-20
0.253125	7.346837577459371e-19
0.25375000000000003	2.6332290577997816e-18
0.254375	6.486162539379294e-18
0.255	4.798552687241218e-18
0.255625	3.051235288123136e-18
0.25625	2.0807028476476687e-19
0.256875	2.077720616835049e-18
0.2575	2.6285446355368712e-18
0.258125	5.7298047849144595e-18
0.25875	7.470578961493728e-19
0.259375	1.907845367492032e-18
0.26	1.0375475094968547e-18
0.260625	1.7920650235987243e-18
0.26125	1.6137130745503362e-18
0.261875	2.7220455490414855e-19
0.2625	1.4468262446072525e-18
0.263125	2.4540664609163006e-19
0.26375	4.503121717953859e-18
0.264375	4.336270266315484e-18
0.265	8.165635110916608e-19
0.265625	2.555401667350584e-18
0.26625	6.7472336720916015e-18
0.26687500000000003	1.219991898144924e-18
0.2675	1.7475080431306454e-18
0.268125	1.5718547141855675e-19
0.26875	2.5082150461164332e-18
0.26937500000000003	1.49918574007616e-18
0.27	4.941469221065444e-19
0.270625	3.144214297072186e-18
0.27125	4.15012545250291e-18
0.27187500000000003	8.909224309219551e-21
0.2725	7.711634029439946e-19
0.273125	1.6352624384239014e-19
0.27375	4.435666600359153e-19
0.274375	6.032266918899557e-19
0.275	1.403758691464178e-18
0.275625	1.3284527233132403e-18
0.27625	2.044480769357904e-18
0.276875	3.681587070211706e-18
0.2775	2.931276725974644e-18
0.278125	1.0697351036187078e-18
0.27875	3.186556091032917e-18
0.279375	1.156438812768342e-18
0.28	6.700893422146728e-19
0.280625	4.2141962227014937e-19
0.28125	9.872922944826321e-20
0.281875	2.458998868555064e-18
0.28250000000000003	1.6063421953466717e-18
0.283125	1.1783751058396074e-19
0.28375	7.728938542276527e-20
0.284375	6.6758668252492885e-21
0.28500000000000003	9.144235467724361e-19
0.285625	2.097896488081743e-18
0.28625	9.90348808386919e-21
0.286875	2.6194107071409288e-18
0.28750000000000003	5.657288288175167e-18
0.288125	5.270177486459433e-19
0.28875	3.4268368231499446e-18
0.289375	8.035008636253232e-18
0.29	7.81511872985702e-18
0.290625	2.4513055225935747e-18
0.29125	9.991097609109763e-19
0.291875	1.905897461379182e-18
0.2925	7.937814403248165e-19
0.293125	8.7448353336995e-19
0.29375	2.5641998155884043e-18
0.294375	7.126109139344307e-18
0.295	7.76668265271745e-18
0.295625	2.6606954801556095e-18
0.29625	1.4824693989297777e-18
0.296875	2.4333109951316794e-18
0.2975	2.374161190873125e-18
0.29812500000000003	9.819182877374745e-19
0.29875	5.062140082760336e-19
0.299375	2.2563528298917593e-19
0.3	4.7343662196998356e-18
0.30062500000000003	2.8056619898794405e-18
0.30125	2.417872699052469e-18
0.301875	4.113741252396899e-18
0.3025	1.281088875458671e-18
0.30312500000000003	3.381642721317041e-19
0.30375	7.758166247747867e-21
0.304375	2.7122271009677633e-19
0.305	4.379348997507781e-19
0.305625	1.0842204267798726e-19
0.30625	1.4956782919817886e-19
0.306875	4.012785455692209e-19
0.3075	5.605821972766723e-19
0.308125	3.3785378095200655e-18
0.30875	4.267398269993113e-18
0.309375	9.07130109182866e-20
0.31	1.1813635992957458e-18
0.310625	3.562940705199446e-18
0.31125	3.1810969606019174e-18
0.311875	2.7618109299624173e-18
0.3125	4.459280396752859e-18
0.313125	6.159313306576458e-18
0.31375000000000003	3.0877446447695928e-18
0.314375	1.8854506086771626e-18
0.315	2.8892803001957746e-18
0.315625	3.355252375137587e-19
0.31625000000000003	1.635232553162632e-19
0.316875	8.956890665196025e-20
0.3175	4.7279920059559226e-21
0.318125	5.557777793139807e-19
0.31875000000000003	2.0260491393970762e-19
0.319375	8.06554053241426e-19
0.32	4.1553512695642706e-19
0.320625	4.761956167528725e-19
0.32125	2.1080710596837357e-18
0.321875	1.0244528117472619e-18
0.3225	2.915330697512285e-20
0.323125	1.2688190516902613e-18
0.32375	1.2440343119969251e-18
0.324375	1.6077963281527287e-18
0.325	1.418249320844148e-18
0.325625	1.326209680535085e-18
0.32625	5.003405648062943e-19
0.326875	2.5232166712293567e-18
0.3275	8.437179343474155e-18
0.328125	5.742881184461611e-18
0.32875	3.699295554366224e-18
0.32937500000000003	1.5844287048618157e-18
0.33	2.705408381986525e-18
0.330625	3.335017818656908e-18
0.33125	4.862610664371766e-19
0.33187500000000003	5.245528369526761e-19
0.3325	5.542570226620085e-19
0.333125	2.850646919313819e-18
0.33375	6.924922779340189e-19
0.33437500000000003	5.386656250959957e-19
0.335	4.223711667656275e-18
0.335625	4.8839557205193905e-18
0.33625	2.715888178139905e-18
0.336875	6.670355060692416e-19
0.3375	1.4798629674729729e-18
0.338125	4.4734820717096415e-18
0.33875	2.677637517461183e-18
0.339375	7.190967193965904e-19
0.34	3.34248379332048e-20
0.340625	5.09094905649783e-19
0.34125	4.21930233479967e-18
0.341875	3.776876635329644e-18
0.3425	2.0515436020796594e-18
0.343125	3.1852595362178326e-18
0.34375	4.2511560287180376e-18
0.344375	1.7536180272590053e-19
0.34500000000000003	3.1108268832822624e-19
0.345625	9.081486152312459e-20
0.34625	8.396187166972767e-20
0.346875	6.398616625937303e-19
0.34750000000000003	2.233258788142745e-18
0.348125	2.1797262724375815e-18
0.34875	1.1760857946514952e-18
0.349375	8.314939120343424e-19
0.35000000000000003	7.04931588473028e-19
0.350625	1.0292115642485845e-18
0.35125	1.6513650492861127e-18
0.351875	2.335372221080087e-18
0.3525	1.8502047798622633e-18
0.353125	7.1157996842562095e-19
0.35375	2.220267247222623e-19
0.354375	1.4373463007181966e-18
0.355	5.777435179231664e-18
0.355625	4.176498031200886e-18
0.35625	1.186927830907543e-18
0.356875	8.502994836115569e-20
0.3575	1.8214504434166946e-18
0.358125	1.492086483885629e-18
0.35875	9.47073521564482e-19
0.359375	4.867154267072804e-19
0.36	8.533000727649238e-18
0.36062500000000003	9.16457924513649e-18
0.36125	1.5266329681095538e-18
0.361875	1.9801488732867133e-19
0.3625	7.291186728309985e-19
0.36312500000000003	3.915732997382097e-18
0.36375	3.3502830957311886e-18
0.364375	1.7016004714540093e-18
0.365	9.863404849152438e-19
0.36562500000000003	7.684324633143933e-19
0.36625	3.9988420205957615e-19
0.366875	6.424428703511831e-19
0.3675	2.5188433633152043e-19
0.368125	1.5256602596708233e-19
0.36875	1.0595743762229653e-19
0.369375	8.637321065926866e-19
0.37	2.624623009345601e-18
0.370625	1.42270242977973e-18
0.37125	4.251215256885219e-19
0.371875	4.162381534362944e-18
0.3725	1.2647129865780707e-18
0.373125	2.38875800807531e-18
0.37375	6.5494264852410035e-18
0.374375	1.3843335771149958e-18
0.375	9.166002620087364e-19
0.375625	2.5092309568058345e-18
0.37625000000000003	4.870526375674125e-18
0.376875	4.738028591568162e-18
0.3775	1.242840842104249e-18
0.378125	1.1384176117666878e-18
0.37875000000000003	1.0928537122734548e-18
0.379375	4.972226760869262e-19
0.38	9.191922445777473e-19
0.380625	1.0628255294110646e-19
0.38125000000000003	7.091199115922205e-20
0.381875	3.550658429665035e-19
0.3825	2.019914476115966e-18
0.383125	1.3279694546933565e-18
0.38375000000000004	4.7375819357215996e-20
0.384375	5.774494965194536e-19
0.385	1.4782767423757843e-19
0.385625	2.4035706723353748e-18
0.38625	5.070153117699506e-19
0.386875	2.2182185421587676e-18
0.3875	3.918879399126229e-18
0.388125	1.7142288137453115e-18
0.38875	5.761660356620463e-19
0.389375	4.473784298020738e-18
0.39	5.8834037099047115e-18
0.390625	2.0377789604733094e-19
0.39125	3.4343137247705077e-18
0.39187500000000003	2.3301019660979783e-18
0.3925	2.392323933952975e-18
0.393125	1.922587946899567e-18
0.39375	3.5444553303767503e-19
0.39437500000000003	3.663161745928317e-18
0.395	2.7767873973757945e-18
0.395625	1.987959255979382e-18
0.39625	7.558123452509272e-19
0.39687500000000003	4.452336156386296e-19
0.3975	5.224148306404917e-18
0.398125	7.287636238596117e-18
0.39875	4.962417880508593e-18
0.39937500000000004	4.28563317828059e-19
0.4	8.942455717523042e-19
0.400625	9.701304383637598e-19
0.40125	1.3500997363101277e-19
0.401875	3.1370985628538273e-19
0.4025	4.596367815108603e-18
0.403125	1.6583343330549174e-18
0.40375	9.196188637003007e-19
0.404375	1.821660888681866e-18
0.405	3.1232289737078667e-19
0.405625	9.892504510823928e-20
0.40625	6.891373510283356e-19
0.406875	1.4886422532808347e-18
0.40750000000000003	1.2435883325793164e-18
0.408125	4.1235200871722076e-18
0.40875	2.606320362571995e-18
0.409375	3.695499693579273e-18
0.41000000000000003	3.951253282782908e-18
0.410625	3.3575091829763403e-19
0.41125	2.0667434969251896e-18
0.411875	5.705874359210744e-18
0.41250000000000003	2.7878014868086952e-18
0.413125	9.193227881055295e-19
0.41375	1.3772698417195414e-18
0.414375	2.8593869547339427e-18
0.41500000000000004	5.310928686742024e-19
0.415625	8.282756908680736e-20
0.41625	6.366004946830686e-19
0.416875	1.3570513300246545e-18
0.4175	1.2211411838875873e-18
0.418125	8.11094707746325e-18
0.41875	6.309218994711626e-18
0.419375	1.3582839545800406e-19
0.42	2.908436175737871e-18
0.420625	6.752336720510346e-18
0.42125	7.058295828407856e-18
0.421875	5.272896240597139e-18
0.4225	5.62709708069266e-18
0.42312500000000003	6.855884189072234e-18
0.42375	3.7045821388728185e-18
0.424375	1.5843076202005249e-18
0.425	1.5070922960934812e-19
0.42562500000000003	5.934709218343655e-18
0.42625	1.0181619028580027e-17
0.426875	1.7705773636616646e-18
0.4275	5.677424527117194e-20
0.42812500000000003	5.996933941981622e-20
0.42875	1.6447531397040606e-22
0.429375	1.961794315167026e-20
0.43	4.3597484928127e-19
0.43062500000000004	1.4565583317124158e-18
0.43125	3.1488106623509746e-19
0.431875	5.32524181596113e-19
0.4325	9.21306853588289e-19
0.433125	2.8658344024499933e-19
0.43375	5.644593771921527e-19
0.434375	7.325794767282182e-19
0.435	3.265979491731382e-19
0.435625	1.848242477945448e-18
0.43625	1.743550691999585e-18
0.436875	2.1745393067450113e-18
0.4375	1.002837911308928e-18
0.438125	1.6945931556561755e-18
0.43875000000000003	2.2238567520978397e-18
0.439375	3.3509865777651105e-18
0.44	2.5501343854375423e-18
0.440625	3.2758102917254848e-18
0.44125000000000003	8.141336585682554e-19
0.441875	1.4987954502392673e-18
0.4425	2.5705438045202754e-18
0.443125	1.4613137603796857e-18
0.44375000000000003	5.062423588688621e-18
0.444375	6.93764077439548e-18
0.445	2.3782544940014267e-18
0.445625	7.583219795965599e-18
0.44625000000000004	1.8950392573474765e-17
0.446875	1.3311084121318971e-17
0.4475	4.194495480021659e-18
0.448125	2.5634651404262603e-18
0.44875	2.509525570808322e-19
0.449375	1.869235715819939e-19
0.45	1.0802193693465227e-19
0.450625	3.710709755107284e-20
0.45125	2.0299981198049106e-19
0.451875	4.021168741630401e-20
0.4525	4.221351761619748e-19
0.453125	2.592751647439799e-18
0.45375	2.6699051312332754e-19
0.45437500000000003	3.0030449297469772e-18
0.455	3.922790498313863e-18
0.455625	1.8598131701584352e-18
0.45625	2.7121102936212066e-18
0.45687500000000003	2.4375637952031304e-18
0.4575	9.429455136092228e-20
0.458125	2.2090005262310088e-18
0.45875	2.7654376640192766e-18
0.45937500000000003	5.797054178790673e-19
0.46	3.8147584206377924e-19
0.460625	1.7026984833607986e-18
0.46125	4.5596363313793095e-19
0.46187500000000004	7.652841872643047e-19
0.4625	2.323370992286411e-18
0.463125	2.953478303475453e-18
0.46375	2.2743213100544534e-18
0.464375	5.200147664482448e-21
0.465	1.391970179253463e-18
0.465625	1.8915116831108573e-19
0.46625	2.2729414948092573e-18
0.466875	2.3440196687328e-18
0.4675	4.3962812145193384e-21
0.468125	5.7556103597493415e-19
0.46875	8.336627477367114e-19
0.469375	9.430817463600674e-20
0.47000000000000003	1.4704273902071016e-18
0.470625	1.7254176139503704e-18
0.47125	4.068409704038453e-19
0.471875	3.3164214317803945e-19
0.47250000000000003	3.338647515451556e-20
0.473125	6.627699067611327e-19
0.47375	5.3777611020300305e-19
0.474375	7.588294945655274e-20
0.47500000000000003	2.8465539251981857e-19
0.475625	1.988751545962639e-19
0.47625	2.7559200610330874e-19
0.476875	5.362445306175891e-19
0.47750000000000004	9.583638478690926e-19
0.478125	5.639406065117761e-19
0.47875	1.6187764195822986e-19
0.479375	3.209442930413921e-20
0.48	2.532740733333453e-19
0.480625	2.340386168312037e-19
0.48125	2.8639897126525704e-19
0.481875	6.59305456656753e-20
0.4825	4.786475899206206e-19
0.483125	1.480272102984667e-18
0.48375	1.919005968686114e-18
0.484375	1.8031548559509836e-18
0.485	6.684748670771581e-19
0.48562500000000003	2.1289356423555006e-19
0.48625	4.491791211924846e-19
0.486875	9.843407120793043e-20
0.4875	2.5777240962543446e-20
0.48812500000000003	7.595581545464216e-19
0.48875	2.472190442954065e-18
0.489375	3.6171641569135285e-19
0.49	1.1054501546658698e-19
0.49062500000000003	8.061135352748088e-19
0.49125	2.5533398729244397e-18
0.491875	2.931214649139463e-19
0.4925	8.291406644661699e-20
0.49312500000000004	1.6634713817099924e-19
0.49375	1.037211472514816e-18
0.494375	7.712736544685901e-19
0.495	3.799228250230728e-20
0.49562500000000004	2.118996566825972e-20
0.49625	3.8760001573101328e-19
0.496875	4.225797027513002e-19
0.4975	1.695509589840084e-20
0.498125	3.01222792838304e-19
0.49875	9.778344125395061e-20
0.499375	6.750058754083853e-20
0.5	1.3202189532107372e-23

