start date: 	2024-05-07
start time: 	18.34.13
stop date: 	2024-05-08
stop time: 	07.55.19
com rel. humid (%):	37.9
com temp (°C):	27.42
cn temp (°C):	31.41
nv temp (°C):	33.59
bvd averages: 	    800
remarks: 	I1 Source Stability: 0.3 uA Range, I1 = 50.0076 nA
R1 Info: 	F058A
R2 Info: 	short
data filepath: 	W:\68internal\Calibrations\MDSS Data\resist\MagniconData\CCCViewerData\CCC2019-01_Data\2024-05-07_CCC\240507_001_1834.txt
config filepath: 	W:\68internal\Calibrations\MDSS Data\resist\MagniconData\CCCViewerData\CCC2019-01_Data\2024-05-07_CCC\240507_001_1834_cccdrive.cfg
time base (Hz): 	60
integration time (time base multiples):	60
number of samples per half cycle: 	30
ignored first samples: 	14
ignored last samples: 	0
amplifier gain: 	300000
delta N1/NA (mTurns): 	-0.000000000
delta (I2*R2) (V): 	0.000000000
N1 (Turns):	0
N2 (Turns):	0
NA (Turns):	0
R1 (Ohm): 	100.000000
R2 (Ohm): 	0.000000

#points	bvd(V)	bvdmean(V)	stddrtN-1(V)
1	+1.000261E-05	+1.000261E-05	+Inf0
2	+1.000045E-05	+1.000153E-05	+1.077500E-09
3	+9.999151E-06	+1.000074E-05	+1.007173E-09
4	+1.000076E-05	+1.000074E-05	+7.122084E-10
5	+1.000081E-05	+1.000076E-05	+5.518424E-10
6	+9.999437E-06	+1.000054E-05	+5.012719E-10
7	+1.000060E-05	+1.000055E-05	+4.237591E-10
8	+1.000017E-05	+1.000050E-05	+3.699734E-10
9	+1.000010E-05	+1.000045E-05	+3.293507E-10
10	+1.000095E-05	+1.000050E-05	+2.988166E-10
11	+1.000100E-05	+1.000055E-05	+2.740289E-10
12	+1.000050E-05	+1.000054E-05	+2.501845E-10
13	+1.000009E-05	+1.000051E-05	+2.327238E-10
14	+9.999612E-06	+1.000045E-05	+2.248011E-10
15	+9.999615E-06	+1.000039E-05	+2.164897E-10
16	+1.000106E-05	+1.000043E-05	+2.068140E-10
17	+9.999563E-06	+1.000038E-05	+2.008991E-10
18	+1.000054E-05	+1.000039E-05	+1.896238E-10
19	+1.000053E-05	+1.000040E-05	+1.795109E-10
20	+1.000083E-05	+1.000042E-05	+1.716491E-10
21	+1.000068E-05	+1.000043E-05	+1.637606E-10
22	+1.000101E-05	+1.000046E-05	+1.583731E-10
23	+1.000139E-05	+1.000050E-05	+1.566856E-10
24	+1.000146E-05	+1.000054E-05	+1.552534E-10
25	+9.999204E-06	+1.000049E-05	+1.582024E-10
26	+1.000009E-05	+1.000047E-05	+1.527749E-10
27	+1.000023E-05	+1.000046E-05	+1.472656E-10
28	+1.000067E-05	+1.000047E-05	+1.421039E-10
29	+9.999441E-06	+1.000043E-05	+1.416215E-10
30	+1.000023E-05	+1.000043E-05	+1.369895E-10
31	+1.000037E-05	+1.000042E-05	+1.325083E-10
32	+1.000045E-05	+1.000043E-05	+1.283024E-10
33	+1.000260E-05	+1.000049E-05	+1.406789E-10
34	+9.999335E-06	+1.000046E-05	+1.406525E-10
35	+9.999304E-06	+1.000042E-05	+1.404956E-10
36	+1.000155E-05	+1.000046E-05	+1.401026E-10
37	+9.999445E-06	+1.000043E-05	+1.389750E-10
38	+1.000122E-05	+1.000045E-05	+1.368676E-10
39	+1.000152E-05	+1.000048E-05	+1.360964E-10
40	+1.000038E-05	+1.000047E-05	+1.326730E-10
41	+1.000025E-05	+1.000047E-05	+1.295084E-10
42	+9.999445E-06	+1.000044E-05	+1.287169E-10
43	+1.000036E-05	+1.000044E-05	+1.257051E-10
44	+1.000092E-05	+1.000045E-05	+1.232886E-10
45	+1.000165E-05	+1.000048E-05	+1.234352E-10
46	+1.000204E-05	+1.000051E-05	+1.253954E-10
47	+1.000136E-05	+1.000053E-05	+1.240045E-10
48	+1.000064E-05	+1.000053E-05	+1.214145E-10
49	+1.000035E-05	+1.000053E-05	+1.189718E-10
50	+1.000056E-05	+1.000053E-05	+1.165699E-10
51	+1.000044E-05	+1.000053E-05	+1.142764E-10
52	+1.000140E-05	+1.000055E-05	+1.133092E-10
53	+1.000149E-05	+1.000056E-05	+1.125619E-10
54	+9.999947E-06	+1.000055E-05	+1.110454E-10
55	+1.000102E-05	+1.000056E-05	+1.093444E-10
56	+1.000047E-05	+1.000056E-05	+1.073866E-10
57	+1.000197E-05	+1.000058E-05	+1.083560E-10
58	+1.000219E-05	+1.000061E-05	+1.099974E-10
59	+1.000022E-05	+1.000060E-05	+1.083178E-10
60	+1.000002E-05	+1.000060E-05	+1.069368E-10
61	+1.000020E-05	+1.000059E-05	+1.053697E-10
62	+1.000049E-05	+1.000059E-05	+1.036685E-10
63	+1.000129E-05	+1.000060E-05	+1.026158E-10
64	+1.000163E-05	+1.000061E-05	+1.022720E-10
65	+1.000008E-05	+1.000061E-05	+1.010198E-10
66	+1.000126E-05	+1.000062E-05	+9.997327E-11
67	+9.999559E-06	+1.000060E-05	+9.972641E-11
68	+1.000113E-05	+1.000061E-05	+9.856011E-11
69	+1.000163E-05	+1.000062E-05	+9.824656E-11
70	+1.000051E-05	+1.000062E-05	+9.684631E-11
71	+1.000023E-05	+1.000062E-05	+9.562850E-11
72	+1.000167E-05	+1.000063E-05	+9.541280E-11
73	+1.000045E-05	+1.000063E-05	+9.413008E-11
74	+1.000163E-05	+1.000064E-05	+9.383885E-11
75	+1.000154E-05	+1.000065E-05	+9.335099E-11
76	+9.999801E-06	+1.000064E-05	+9.279464E-11
77	+1.000173E-05	+1.000066E-05	+9.267198E-11
78	+1.000096E-05	+1.000066E-05	+9.155887E-11
79	+1.000047E-05	+1.000066E-05	+9.042587E-11
80	+9.999470E-06	+1.000064E-05	+9.051474E-11
81	+9.999169E-06	+1.000062E-05	+9.122461E-11
82	+1.000133E-05	+1.000063E-05	+9.051172E-11
83	+9.999419E-06	+1.000062E-05	+9.060437E-11
84	+1.000035E-05	+1.000062E-05	+8.957537E-11
85	+1.000097E-05	+1.000062E-05	+8.861477E-11
86	+1.000160E-05	+1.000063E-05	+8.831490E-11
87	+9.999886E-06	+1.000062E-05	+8.771287E-11
88	+1.000185E-05	+1.000064E-05	+8.782038E-11
89	+1.000010E-05	+1.000063E-05	+8.703419E-11
90	+1.000304E-05	+1.000066E-05	+9.011703E-11
91	+9.999650E-06	+1.000065E-05	+8.980607E-11
92	+1.000244E-05	+1.000067E-05	+9.094503E-11
93	+1.000131E-05	+1.000067E-05	+9.022914E-11
94	+1.000178E-05	+1.000068E-05	+9.004319E-11
95	+1.000014E-05	+1.000068E-05	+8.927201E-11
96	+1.000066E-05	+1.000068E-05	+8.833745E-11
97	+1.000133E-05	+1.000069E-05	+8.768250E-11
98	+1.000050E-05	+1.000068E-05	+8.680463E-11
99	+9.999185E-06	+1.000067E-05	+8.724632E-11
100	+1.000091E-05	+1.000067E-05	+8.640325E-11
101	+1.000248E-05	+1.000069E-05	+8.739389E-11
102	+1.000017E-05	+1.000068E-05	+8.668427E-11
103	+9.999826E-06	+1.000068E-05	+8.624111E-11
104	+1.000017E-05	+1.000067E-05	+8.554383E-11
105	+1.000135E-05	+1.000068E-05	+8.497028E-11
106	+1.000066E-05	+1.000068E-05	+8.416497E-11
107	+9.999647E-06	+1.000067E-05	+8.392766E-11
108	+9.999666E-06	+1.000066E-05	+8.366173E-11
109	+1.000085E-05	+1.000066E-05	+8.290914E-11
110	+1.000010E-05	+1.000065E-05	+8.231001E-11
111	+9.999950E-06	+1.000065E-05	+8.181164E-11
112	+1.000024E-05	+1.000064E-05	+8.115873E-11
113	+1.000131E-05	+1.000065E-05	+8.065424E-11
114	+1.000070E-05	+1.000065E-05	+7.994499E-11
115	+1.000206E-05	+1.000066E-05	+8.018849E-11
116	+1.000048E-05	+1.000066E-05	+7.950924E-11
117	+1.000068E-05	+1.000066E-05	+7.882700E-11
118	+9.999014E-06	+1.000065E-05	+7.939419E-11
119	+1.000178E-05	+1.000066E-05	+7.929450E-11
120	+1.000015E-05	+1.000065E-05	+7.874338E-11
121	+1.000102E-05	+1.000066E-05	+7.814955E-11
122	+1.000020E-05	+1.000065E-05	+7.759795E-11
123	+1.000194E-05	+1.000066E-05	+7.767729E-11
124	+1.000031E-05	+1.000066E-05	+7.709974E-11
125	+1.000014E-05	+1.000066E-05	+7.659572E-11
126	+1.000027E-05	+1.000065E-05	+7.604588E-11
127	+1.000121E-05	+1.000066E-05	+7.557103E-11
128	+1.000081E-05	+1.000066E-05	+7.498812E-11
129	+1.000128E-05	+1.000066E-05	+7.456229E-11
130	+9.999515E-06	+1.000065E-05	+7.451189E-11
131	+1.000083E-05	+1.000066E-05	+7.395376E-11
132	+1.000082E-05	+1.000066E-05	+7.340239E-11
133	+1.000012E-05	+1.000065E-05	+7.295972E-11
134	+1.000113E-05	+1.000066E-05	+7.249925E-11
135	+1.000146E-05	+1.000066E-05	+7.220742E-11
136	+9.999935E-06	+1.000066E-05	+7.187388E-11
137	+1.000073E-05	+1.000066E-05	+7.134951E-11
138	+1.000056E-05	+1.000066E-05	+7.083442E-11
139	+1.000131E-05	+1.000066E-05	+7.048151E-11
140	+1.000084E-05	+1.000066E-05	+6.998768E-11
141	+1.000110E-05	+1.000067E-05	+6.955980E-11
142	+9.998436E-06	+1.000065E-05	+7.083089E-11
143	+1.000133E-05	+1.000066E-05	+7.049184E-11
144	+9.999411E-06	+1.000065E-05	+7.053157E-11
145	+1.000221E-05	+1.000066E-05	+7.086724E-11
146	+9.999549E-06	+1.000065E-05	+7.078855E-11
147	+1.000101E-05	+1.000065E-05	+7.034688E-11
148	+1.000029E-05	+1.000065E-05	+6.991160E-11
149	+1.000295E-05	+1.000067E-05	+7.113079E-11
150	+1.000024E-05	+1.000066E-05	+7.071282E-11
151	+1.000087E-05	+1.000066E-05	+7.025709E-11
152	+1.000023E-05	+1.000066E-05	+6.985129E-11
153	+1.000088E-05	+1.000066E-05	+6.940770E-11
154	+9.999606E-06	+1.000066E-05	+6.929562E-11
155	+1.000260E-05	+1.000067E-05	+6.997656E-11
156	+9.999794E-06	+1.000066E-05	+6.975198E-11
157	+1.000127E-05	+1.000067E-05	+6.941384E-11
158	+1.000164E-05	+1.000067E-05	+6.924796E-11
159	+9.999130E-06	+1.000066E-05	+6.949140E-11
160	+1.000100E-05	+1.000066E-05	+6.908886E-11
161	+1.000052E-05	+1.000066E-05	+6.866449E-11
162	+9.999974E-06	+1.000066E-05	+6.837215E-11
163	+9.999262E-06	+1.000065E-05	+6.848981E-11
164	+1.000107E-05	+1.000065E-05	+6.811913E-11
165	+1.000073E-05	+1.000065E-05	+6.770682E-11
166	+1.000105E-05	+1.000066E-05	+6.733917E-11
167	+1.000015E-05	+1.000065E-05	+6.700339E-11
168	+9.999861E-06	+1.000065E-05	+6.677006E-11
169	+1.000045E-05	+1.000065E-05	+6.638434E-11
170	+1.000129E-05	+1.000065E-05	+6.609956E-11
171	+1.000047E-05	+1.000065E-05	+6.572008E-11
172	+1.000025E-05	+1.000065E-05	+6.537829E-11
173	+1.000023E-05	+1.000065E-05	+6.504523E-11
174	+1.000014E-05	+1.000064E-05	+6.473618E-11
175	+1.000152E-05	+1.000065E-05	+6.456131E-11
176	+1.000194E-05	+1.000065E-05	+6.461049E-11
177	+1.000158E-05	+1.000066E-05	+6.445439E-11
178	+9.999572E-06	+1.000065E-05	+6.438185E-11
179	+1.000099E-05	+1.000066E-05	+6.404827E-11
180	+1.000057E-05	+1.000066E-05	+6.369340E-11
181	+1.000085E-05	+1.000066E-05	+6.335001E-11
182	+1.000143E-05	+1.000066E-05	+6.314465E-11
183	+9.999728E-06	+1.000066E-05	+6.300535E-11
184	+1.000142E-05	+1.000066E-05	+6.279911E-11
185	+1.000066E-05	+1.000066E-05	+6.245873E-11
186	+1.000143E-05	+1.000066E-05	+6.226124E-11
187	+1.000069E-05	+1.000066E-05	+6.192757E-11
188	+1.000172E-05	+1.000067E-05	+6.185465E-11
189	+9.998703E-06	+1.000066E-05	+6.240069E-11
190	+1.000174E-05	+1.000066E-05	+6.233267E-11
191	+1.000045E-05	+1.000066E-05	+6.201532E-11
192	+9.999250E-06	+1.000066E-05	+6.212943E-11
193	+1.000156E-05	+1.000066E-05	+6.198518E-11
194	+1.000053E-05	+1.000066E-05	+6.166827E-11
195	+1.000106E-05	+1.000066E-05	+6.138561E-11
196	+1.000142E-05	+1.000067E-05	+6.119414E-11
197	+1.000015E-05	+1.000066E-05	+6.093915E-11
198	+1.000103E-05	+1.000067E-05	+6.065917E-11
199	+9.998970E-06	+1.000066E-05	+6.095217E-11
200	+1.000057E-05	+1.000066E-05	+6.064835E-11
201	+1.000041E-05	+1.000066E-05	+6.035873E-11
202	+1.000249E-05	+1.000066E-05	+6.074192E-11
203	+1.000053E-05	+1.000066E-05	+6.044566E-11
204	+1.000118E-05	+1.000067E-05	+6.020207E-11
205	+1.000165E-05	+1.000067E-05	+6.010046E-11
206	+1.000130E-05	+1.000067E-05	+5.988583E-11
207	+1.000225E-05	+1.000068E-05	+6.007845E-11
208	+1.000110E-05	+1.000068E-05	+5.982269E-11
209	+1.000085E-05	+1.000068E-05	+5.954115E-11
210	+1.000127E-05	+1.000069E-05	+5.932273E-11
211	+1.000061E-05	+1.000069E-05	+5.904217E-11
212	+9.999515E-06	+1.000068E-05	+5.902254E-11
213	+1.000168E-05	+1.000069E-05	+5.893196E-11
214	+1.000030E-05	+1.000068E-05	+5.868316E-11
215	+1.000212E-05	+1.000069E-05	+5.878928E-11
216	+1.000037E-05	+1.000069E-05	+5.853507E-11
217	+1.000207E-05	+1.000070E-05	+5.861338E-11
218	+1.000035E-05	+1.000069E-05	+5.836549E-11
219	+9.999795E-06	+1.000069E-05	+5.824337E-11
220	+9.999787E-06	+1.000069E-05	+5.812310E-11
221	+1.000039E-05	+1.000068E-05	+5.787451E-11
222	+1.000106E-05	+1.000069E-05	+5.763733E-11
223	+1.000144E-05	+1.000069E-05	+5.747865E-11
224	+1.000022E-05	+1.000069E-05	+5.726014E-11
225	+1.000258E-05	+1.000070E-05	+5.762199E-11
226	+1.000170E-05	+1.000070E-05	+5.753895E-11
227	+1.000157E-05	+1.000070E-05	+5.741128E-11
228	+1.000041E-05	+1.000070E-05	+5.717352E-11
229	+1.000087E-05	+1.000070E-05	+5.692825E-11
230	+1.000062E-05	+1.000070E-05	+5.668130E-11
231	+1.000142E-05	+1.000071E-05	+5.651963E-11
232	+1.000018E-05	+1.000070E-05	+5.632106E-11
233	+1.000075E-05	+1.000070E-05	+5.607923E-11
234	+1.000077E-05	+1.000071E-05	+5.583966E-11
235	+1.000015E-05	+1.000070E-05	+5.565167E-11
236	+9.999973E-06	+1.000070E-05	+5.550165E-11
237	+1.000051E-05	+1.000070E-05	+5.527299E-11
238	+1.000073E-05	+1.000070E-05	+5.504038E-11
239	+9.999939E-06	+1.000070E-05	+5.490179E-11
240	+1.000039E-05	+1.000069E-05	+5.468703E-11
241	+9.999796E-06	+1.000069E-05	+5.458700E-11
242	+1.000038E-05	+1.000069E-05	+5.437601E-11
243	+1.000118E-05	+1.000069E-05	+5.418997E-11
244	+1.000130E-05	+1.000069E-05	+5.402456E-11
245	+1.000023E-05	+1.000069E-05	+5.383673E-11
246	+1.000272E-05	+1.000070E-05	+5.424980E-11
247	+9.999910E-06	+1.000070E-05	+5.412437E-11
248	+9.999886E-06	+1.000069E-05	+5.400475E-11
249	+1.000178E-05	+1.000070E-05	+5.396442E-11
250	+9.999794E-06	+1.000069E-05	+5.386975E-11
251	+1.000089E-05	+1.000070E-05	+5.366013E-11
252	+1.000197E-05	+1.000070E-05	+5.368653E-11
253	+1.000018E-05	+1.000070E-05	+5.351327E-11
254	+1.000047E-05	+1.000070E-05	+5.330991E-11
255	+9.999650E-06	+1.000069E-05	+5.325908E-11
256	+1.000138E-05	+1.000070E-05	+5.311889E-11
257	+1.000143E-05	+1.000070E-05	+5.298961E-11
258	+1.000175E-05	+1.000070E-05	+5.294118E-11
259	+1.000040E-05	+1.000070E-05	+5.274957E-11
260	+9.999879E-06	+1.000070E-05	+5.264156E-11
261	+1.000189E-05	+1.000070E-05	+5.263736E-11
262	+1.000071E-05	+1.000070E-05	+5.243607E-11
263	+1.000044E-05	+1.000070E-05	+5.224599E-11
264	+9.999276E-06	+1.000070E-05	+5.232723E-11
265	+1.000123E-05	+1.000070E-05	+5.216857E-11
266	+1.000094E-05	+1.000070E-05	+5.197991E-11
267	+9.999930E-06	+1.000070E-05	+5.186504E-11
268	+1.000157E-05	+1.000070E-05	+5.177406E-11
269	+9.999897E-06	+1.000070E-05	+5.166745E-11
270	+9.999794E-06	+1.000069E-05	+5.158436E-11
271	+1.000130E-05	+1.000070E-05	+5.144192E-11
272	+9.999794E-06	+1.000069E-05	+5.135968E-11
273	+1.000106E-05	+1.000069E-05	+5.118913E-11
274	+9.999885E-06	+1.000069E-05	+5.108736E-11
275	+9.999868E-06	+1.000069E-05	+5.098928E-11
276	+1.000272E-05	+1.000070E-05	+5.133419E-11
277	+1.000096E-05	+1.000070E-05	+5.115753E-11
278	+1.000178E-05	+1.000070E-05	+5.112199E-11
279	+1.000034E-05	+1.000070E-05	+5.095502E-11
280	+1.000266E-05	+1.000071E-05	+5.125104E-11
281	+1.000233E-05	+1.000071E-05	+5.139431E-11
282	+9.999355E-06	+1.000071E-05	+5.143724E-11
283	+1.000125E-05	+1.000071E-05	+5.129057E-11
284	+1.000085E-05	+1.000071E-05	+5.111203E-11
285	+1.000237E-05	+1.000072E-05	+5.126509E-11
286	+9.999538E-06	+1.000071E-05	+5.125122E-11
287	+1.000104E-05	+1.000071E-05	+5.108529E-11
288	+1.000073E-05	+1.000071E-05	+5.090762E-11
289	+1.000070E-05	+1.000071E-05	+5.073118E-11
290	+1.000139E-05	+1.000071E-05	+5.060914E-11
291	+9.998887E-06	+1.000071E-05	+5.082422E-11
292	+1.000071E-05	+1.000071E-05	+5.064987E-11
293	+1.000044E-05	+1.000071E-05	+5.048517E-11
294	+1.000186E-05	+1.000071E-05	+5.046469E-11
295	+1.000088E-05	+1.000071E-05	+5.029640E-11
296	+1.000019E-05	+1.000071E-05	+5.015703E-11
297	+9.998386E-06	+1.000070E-05	+5.059649E-11
298	+1.000169E-05	+1.000071E-05	+5.053524E-11
299	+9.999905E-06	+1.000070E-05	+5.043706E-11
300	+1.000133E-05	+1.000070E-05	+5.031193E-11
301	+1.000104E-05	+1.000071E-05	+5.015676E-11
302	+1.000074E-05	+1.000071E-05	+4.999052E-11
303	+1.000064E-05	+1.000071E-05	+4.982569E-11
304	+1.000126E-05	+1.000071E-05	+4.969495E-11
305	+1.000143E-05	+1.000071E-05	+4.958851E-11
306	+1.000112E-05	+1.000071E-05	+4.944412E-11
307	+9.999329E-06	+1.000071E-05	+4.948818E-11
308	+9.999424E-06	+1.000070E-05	+4.950288E-11
309	+1.000048E-05	+1.000070E-05	+4.934757E-11
310	+1.000117E-05	+1.000070E-05	+4.921153E-11
311	+1.000074E-05	+1.000070E-05	+4.905318E-11
312	+1.000147E-05	+1.000071E-05	+4.895715E-11
313	+1.000076E-05	+1.000071E-05	+4.880075E-11
314	+1.000023E-05	+1.000070E-05	+4.866886E-11
315	+9.999422E-06	+1.000070E-05	+4.868460E-11
316	+1.000218E-05	+1.000071E-05	+4.875516E-11
317	+1.000061E-05	+1.000071E-05	+4.860215E-11
318	+1.000101E-05	+1.000071E-05	+4.845887E-11
319	+1.000190E-05	+1.000071E-05	+4.845179E-11
320	+1.000155E-05	+1.000071E-05	+4.837166E-11
321	+1.000252E-05	+1.000072E-05	+4.854659E-11
322	+1.000244E-05	+1.000072E-05	+4.869100E-11
323	+1.000022E-05	+1.000072E-05	+4.856516E-11
324	+9.999760E-06	+1.000072E-05	+4.850597E-11
325	+1.000068E-05	+1.000072E-05	+4.835662E-11
326	+1.000151E-05	+1.000072E-05	+4.826834E-11
327	+1.000086E-05	+1.000072E-05	+4.812231E-11
328	+1.000203E-05	+1.000073E-05	+4.814092E-11
329	+9.999500E-06	+1.000072E-05	+4.813873E-11
330	+1.000099E-05	+1.000072E-05	+4.799945E-11
331	+1.000123E-05	+1.000072E-05	+4.787863E-11
332	+1.000010E-05	+1.000072E-05	+4.777181E-11
333	+9.999731E-06	+1.000072E-05	+4.772103E-11
334	+1.000001E-05	+1.000072E-05	+4.762549E-11
335	+1.000109E-05	+1.000072E-05	+4.749606E-11
336	+9.999201E-06	+1.000071E-05	+4.756926E-11
337	+9.999661E-06	+1.000071E-05	+4.753062E-11
338	+1.000118E-05	+1.000071E-05	+4.740970E-11
339	+1.000066E-05	+1.000071E-05	+4.726992E-11
340	+9.999468E-06	+1.000071E-05	+4.727259E-11
341	+1.000181E-05	+1.000071E-05	+4.724436E-11
342	+9.999798E-06	+1.000071E-05	+4.718176E-11
343	+9.999215E-06	+1.000070E-05	+4.724516E-11
344	+1.000181E-05	+1.000071E-05	+4.721614E-11
345	+9.999160E-06	+1.000070E-05	+4.729232E-11
346	+1.000090E-05	+1.000070E-05	+4.715883E-11
347	+9.999780E-06	+1.000070E-05	+4.709801E-11
348	+1.000011E-05	+1.000070E-05	+4.699318E-11
349	+1.000085E-05	+1.000070E-05	+4.686029E-11
350	+1.000015E-05	+1.000070E-05	+4.675214E-11
351	+1.000157E-05	+1.000070E-05	+4.668486E-11
352	+1.000019E-05	+1.000070E-05	+4.657509E-11
353	+1.000075E-05	+1.000070E-05	+4.644320E-11
354	+1.000211E-05	+1.000070E-05	+4.648323E-11
355	+1.000041E-05	+1.000070E-05	+4.635941E-11
356	+1.000200E-05	+1.000071E-05	+4.637189E-11
357	+1.000045E-05	+1.000071E-05	+4.624749E-11
358	+1.000060E-05	+1.000071E-05	+4.611907E-11
359	+1.000399E-05	+1.000071E-05	+4.688907E-11
360	+1.000025E-05	+1.000071E-05	+4.677643E-11
361	+1.000085E-05	+1.000071E-05	+4.664819E-11
362	+1.000046E-05	+1.000071E-05	+4.652457E-11
363	+1.000137E-05	+1.000071E-05	+4.643115E-11
364	+1.000011E-05	+1.000071E-05	+4.633306E-11
365	+1.000122E-05	+1.000071E-05	+4.622704E-11
366	+1.000068E-05	+1.000071E-05	+4.610067E-11
367	+1.000100E-05	+1.000071E-05	+4.598166E-11
368	+1.000159E-05	+1.000072E-05	+4.591886E-11
369	+9.999754E-06	+1.000071E-05	+4.586864E-11
370	+1.000075E-05	+1.000071E-05	+4.574458E-11
371	+1.000008E-05	+1.000071E-05	+4.565294E-11
372	+9.999367E-06	+1.000071E-05	+4.567351E-11
373	+1.000086E-05	+1.000071E-05	+4.555271E-11
374	+1.000070E-05	+1.000071E-05	+4.543075E-11
375	+1.000004E-05	+1.000071E-05	+4.534451E-11
376	+1.000062E-05	+1.000071E-05	+4.522441E-11
377	+1.000041E-05	+1.000071E-05	+4.511104E-11
378	+1.000101E-05	+1.000071E-05	+4.499879E-11
379	+1.000054E-05	+1.000071E-05	+4.488212E-11
380	+1.000223E-05	+1.000071E-05	+4.494194E-11
381	+1.000054E-05	+1.000071E-05	+4.482612E-11
382	+1.000155E-05	+1.000071E-05	+4.476270E-11
383	+1.000111E-05	+1.000071E-05	+4.465770E-11
384	+1.000149E-05	+1.000072E-05	+4.458705E-11
385	+1.000274E-05	+1.000072E-05	+4.477954E-11
386	+1.000219E-05	+1.000073E-05	+4.482595E-11
387	+1.000004E-05	+1.000072E-05	+4.474527E-11
388	+1.000074E-05	+1.000072E-05	+4.462982E-11
389	+1.000027E-05	+1.000072E-05	+4.453055E-11
390	+9.999476E-06	+1.000072E-05	+4.453100E-11
391	+1.000056E-05	+1.000072E-05	+4.441889E-11
392	+1.000061E-05	+1.000072E-05	+4.430622E-11
393	+1.000094E-05	+1.000072E-05	+4.419685E-11
394	+1.000236E-05	+1.000072E-05	+4.428053E-11
395	+1.000134E-05	+1.000072E-05	+4.419555E-11
396	+9.999769E-06	+1.000072E-05	+4.414985E-11
397	+1.000016E-05	+1.000072E-05	+4.406118E-11
398	+1.000020E-05	+1.000072E-05	+4.397010E-11
399	+1.000112E-05	+1.000072E-05	+4.387153E-11
400	+1.000184E-05	+1.000072E-05	+4.385050E-11
401	+1.000094E-05	+1.000072E-05	+4.374446E-11
402	+1.000143E-05	+1.000073E-05	+4.367034E-11
403	+1.000168E-05	+1.000073E-05	+4.362649E-11
404	+1.000132E-05	+1.000073E-05	+4.354271E-11
405	+1.000157E-05	+1.000073E-05	+4.348491E-11
406	+9.999999E-06	+1.000073E-05	+4.341521E-11
407	+9.999868E-06	+1.000073E-05	+4.336021E-11
408	+1.000093E-05	+1.000073E-05	+4.325650E-11
409	+1.000094E-05	+1.000073E-05	+4.315383E-11
410	+9.999976E-06	+1.000073E-05	+4.308755E-11
411	+1.000193E-05	+1.000073E-05	+4.308195E-11
412	+1.000080E-05	+1.000073E-05	+4.297763E-11
413	+1.000013E-05	+1.000073E-05	+4.289825E-11
414	+1.000165E-05	+1.000073E-05	+4.285204E-11
415	+1.000092E-05	+1.000073E-05	+4.275115E-11
416	+1.000190E-05	+1.000073E-05	+4.274071E-11
417	+1.000076E-05	+1.000073E-05	+4.263813E-11
418	+1.000037E-05	+1.000073E-05	+4.254492E-11
419	+1.000122E-05	+1.000073E-05	+4.245932E-11
420	+1.000075E-05	+1.000073E-05	+4.235813E-11
421	+9.999859E-06	+1.000073E-05	+4.230856E-11
422	+1.000183E-05	+1.000073E-05	+4.228789E-11
423	+1.000146E-05	+1.000074E-05	+4.222309E-11
424	+1.000080E-05	+1.000074E-05	+4.212369E-11
425	+9.998994E-06	+1.000073E-05	+4.222411E-11
426	+1.000056E-05	+1.000073E-05	+4.212689E-11
427	+1.000239E-05	+1.000074E-05	+4.220703E-11
428	+1.000096E-05	+1.000074E-05	+4.211148E-11
429	+1.000177E-05	+1.000074E-05	+4.208169E-11
430	+1.000055E-05	+1.000074E-05	+4.198595E-11
431	+1.000205E-05	+1.000074E-05	+4.199836E-11
432	+1.000216E-05	+1.000074E-05	+4.202945E-11
433	+1.000054E-05	+1.000074E-05	+4.193485E-11
434	+1.000028E-05	+1.000074E-05	+4.185195E-11
435	+9.999372E-06	+1.000074E-05	+4.187439E-11
436	+1.000047E-05	+1.000074E-05	+4.178293E-11
437	+1.000228E-05	+1.000074E-05	+4.183523E-11
438	+1.000167E-05	+1.000075E-05	+4.179336E-11
439	+1.000229E-05	+1.000075E-05	+4.184648E-11
440	+1.000251E-05	+1.000075E-05	+4.194324E-11
441	+9.999608E-06	+1.000075E-05	+4.192854E-11
442	+1.000013E-05	+1.000075E-05	+4.185719E-11
443	+9.999121E-06	+1.000075E-05	+4.192389E-11
444	+9.999071E-06	+1.000074E-05	+4.199892E-11
445	+9.999719E-06	+1.000074E-05	+4.196740E-11
446	+1.000070E-05	+1.000074E-05	+4.187327E-11
447	+1.000018E-05	+1.000074E-05	+4.179820E-11
448	+1.000034E-05	+1.000074E-05	+4.171425E-11
449	+9.999939E-06	+1.000074E-05	+4.165918E-11
450	+9.999640E-06	+1.000073E-05	+4.163767E-11
451	+1.000068E-05	+1.000073E-05	+4.154542E-11
452	+1.000169E-05	+1.000073E-05	+4.150791E-11
453	+1.000178E-05	+1.000074E-05	+4.148057E-11
454	+1.000035E-05	+1.000074E-05	+4.139783E-11
455	+9.999408E-06	+1.000073E-05	+4.140982E-11
456	+9.999771E-06	+1.000073E-05	+4.137273E-11
457	+1.000134E-05	+1.000073E-05	+4.130342E-11
458	+9.999724E-06	+1.000073E-05	+4.127194E-11
459	+1.000284E-05	+1.000073E-05	+4.143765E-11
460	+9.999995E-06	+1.000073E-05	+4.137873E-11
461	+1.000154E-05	+1.000073E-05	+4.132572E-11
462	+1.000060E-05	+1.000073E-05	+4.123715E-11
463	+1.000225E-05	+1.000074E-05	+4.127752E-11
464	+1.000053E-05	+1.000074E-05	+4.119093E-11
465	+9.999895E-06	+1.000074E-05	+4.114216E-11
466	+1.000106E-05	+1.000074E-05	+4.105972E-11
467	+1.000183E-05	+1.000074E-05	+4.103827E-11
468	+9.999621E-06	+1.000074E-05	+4.102004E-11
469	+9.999931E-06	+1.000073E-05	+4.096847E-11
470	+9.998975E-06	+1.000073E-05	+4.105228E-11
471	+1.000099E-05	+1.000073E-05	+4.096883E-11
472	+9.999030E-06	+1.000073E-05	+4.104055E-11
473	+1.000146E-05	+1.000073E-05	+4.098263E-11
474	+1.000064E-05	+1.000073E-05	+4.089653E-11
475	+1.000093E-05	+1.000073E-05	+4.081256E-11
476	+9.999733E-06	+1.000073E-05	+4.078056E-11
477	+1.000141E-05	+1.000073E-05	+4.072012E-11
478	+9.999628E-06	+1.000073E-05	+4.070012E-11
479	+1.000084E-05	+1.000073E-05	+4.061576E-11
480	+1.000192E-05	+1.000073E-05	+4.060672E-11
481	+1.000069E-05	+1.000073E-05	+4.052229E-11
482	+9.999684E-06	+1.000073E-05	+4.049627E-11
483	+1.000158E-05	+1.000073E-05	+4.045067E-11
484	+1.000225E-05	+1.000073E-05	+4.048978E-11
485	+9.999781E-06	+1.000073E-05	+4.045373E-11
486	+9.999757E-06	+1.000073E-05	+4.041997E-11
487	+1.000136E-05	+1.000073E-05	+4.035767E-11
488	+1.000098E-05	+1.000073E-05	+4.027823E-11
489	+1.000070E-05	+1.000073E-05	+4.019582E-11
490	+9.999581E-06	+1.000073E-05	+4.018212E-11
491	+1.000050E-05	+1.000073E-05	+4.010282E-11
492	+1.000105E-05	+1.000073E-05	+4.002653E-11
493	+1.000177E-05	+1.000073E-05	+4.000144E-11
494	+9.999422E-06	+1.000073E-05	+4.000800E-11
495	+1.000242E-05	+1.000073E-05	+4.007286E-11
496	+1.000101E-05	+1.000073E-05	+3.999606E-11
497	+1.000194E-05	+1.000073E-05	+3.998971E-11
498	+1.000031E-05	+1.000073E-05	+3.991823E-11
499	+1.000197E-05	+1.000074E-05	+3.991586E-11
500	+9.999748E-06	+1.000073E-05	+3.988490E-11
501	+1.000002E-05	+1.000073E-05	+3.983074E-11
502	+1.000035E-05	+1.000073E-05	+3.975864E-11
503	+1.000182E-05	+1.000073E-05	+3.973868E-11
504	+9.999794E-06	+1.000073E-05	+3.970353E-11
505	+9.998742E-06	+1.000073E-05	+3.982006E-11
506	+1.000085E-05	+1.000073E-05	+3.974199E-11
507	+1.000156E-05	+1.000073E-05	+3.969729E-11
508	+1.000212E-05	+1.000073E-05	+3.971422E-11
509	+9.999983E-06	+1.000073E-05	+3.966346E-11
510	+1.000023E-05	+1.000073E-05	+3.959784E-11
511	+1.000060E-05	+1.000073E-05	+3.952114E-11
512	+1.000053E-05	+1.000073E-05	+3.944584E-11
513	+1.000103E-05	+1.000073E-05	+3.937328E-11
514	+1.000168E-05	+1.000073E-05	+3.933975E-11
515	+1.000114E-05	+1.000073E-05	+3.927121E-11
516	+1.000174E-05	+1.000073E-05	+3.924379E-11
517	+1.000056E-05	+1.000073E-05	+3.916928E-11
518	+1.000061E-05	+1.000073E-05	+3.909432E-11
519	+9.998882E-06	+1.000073E-05	+3.918157E-11
520	+1.000221E-05	+1.000073E-05	+3.920942E-11
521	+1.000006E-05	+1.000073E-05	+3.915547E-11
522	+1.000037E-05	+1.000073E-05	+3.908661E-11
523	+9.999857E-06	+1.000073E-05	+3.904752E-11
524	+9.999000E-06	+1.000073E-05	+3.911238E-11
525	+1.000089E-05	+1.000073E-05	+3.903908E-11
526	+1.000133E-05	+1.000073E-05	+3.898156E-11
527	+9.998821E-06	+1.000072E-05	+3.907526E-11
528	+9.999316E-06	+1.000072E-05	+3.909216E-11
529	+1.000065E-05	+1.000072E-05	+3.901845E-11
530	+1.000163E-05	+1.000072E-05	+3.898273E-11
531	+1.000070E-05	+1.000072E-05	+3.890926E-11
532	+1.000065E-05	+1.000072E-05	+3.883633E-11
533	+1.000124E-05	+1.000072E-05	+3.877544E-11
534	+1.000209E-05	+1.000073E-05	+3.878667E-11
535	+1.000165E-05	+1.000073E-05	+3.875262E-11
536	+1.000058E-05	+1.000073E-05	+3.868123E-11
537	+1.000045E-05	+1.000073E-05	+3.861265E-11
538	+1.000178E-05	+1.000073E-05	+3.859061E-11
539	+1.000096E-05	+1.000073E-05	+3.852131E-11
540	+1.000017E-05	+1.000073E-05	+3.846398E-11
541	+1.000094E-05	+1.000073E-05	+3.839476E-11
542	+1.000179E-05	+1.000073E-05	+3.837433E-11
543	+1.000179E-05	+1.000073E-05	+3.835314E-11
544	+1.000101E-05	+1.000073E-05	+3.828603E-11
545	+1.000030E-05	+1.000073E-05	+3.822417E-11
546	+1.000135E-05	+1.000073E-05	+3.817087E-11
547	+1.000233E-05	+1.000074E-05	+3.821250E-11
548	+1.000011E-05	+1.000074E-05	+3.815968E-11
549	+1.000161E-05	+1.000074E-05	+3.812363E-11
550	+9.999316E-06	+1.000073E-05	+3.814179E-11
551	+1.000136E-05	+1.000074E-05	+3.808937E-11
552	+9.999324E-06	+1.000073E-05	+3.810620E-11
553	+1.000126E-05	+1.000073E-05	+3.804929E-11
554	+1.000108E-05	+1.000073E-05	+3.798569E-11
555	+9.999393E-06	+1.000073E-05	+3.799419E-11
556	+1.000307E-05	+1.000074E-05	+3.815847E-11
557	+9.999793E-06	+1.000073E-05	+3.812755E-11
558	+1.000002E-05	+1.000073E-05	+3.808046E-11
559	+9.999386E-06	+1.000073E-05	+3.808856E-11
560	+1.000114E-05	+1.000073E-05	+3.802747E-11
561	+1.000065E-05	+1.000073E-05	+3.795988E-11
562	+1.000152E-05	+1.000073E-05	+3.791793E-11
563	+1.000083E-05	+1.000073E-05	+3.785095E-11
564	+9.999783E-06	+1.000073E-05	+3.782133E-11
565	+1.000159E-05	+1.000073E-05	+3.778492E-11
566	+1.000030E-05	+1.000073E-05	+3.772580E-11
567	+1.000103E-05	+1.000073E-05	+3.766291E-11
568	+1.000089E-05	+1.000073E-05	+3.759755E-11
569	+9.999552E-06	+1.000073E-05	+3.758869E-11
570	+1.000215E-05	+1.000073E-05	+3.760493E-11
571	+1.000150E-05	+1.000073E-05	+3.756326E-11
572	+9.998614E-06	+1.000073E-05	+3.768039E-11
573	+1.000255E-05	+1.000073E-05	+3.774795E-11
574	+9.999888E-06	+1.000073E-05	+3.771098E-11
575	+1.000103E-05	+1.000073E-05	+3.764898E-11
576	+1.000045E-05	+1.000073E-05	+3.758686E-11
577	+1.000137E-05	+1.000073E-05	+3.753812E-11
578	+1.000141E-05	+1.000073E-05	+3.749125E-11
579	+1.000120E-05	+1.000074E-05	+3.743502E-11
580	+9.999854E-06	+1.000073E-05	+3.740133E-11
581	+1.000201E-05	+1.000074E-05	+3.740131E-11
582	+1.000195E-05	+1.000074E-05	+3.739495E-11
583	+1.000160E-05	+1.000074E-05	+3.736008E-11
584	+1.000132E-05	+1.000074E-05	+3.730934E-11
585	+9.999251E-06	+1.000074E-05	+3.733244E-11
586	+9.999805E-06	+1.000074E-05	+3.730270E-11
587	+1.000021E-05	+1.000074E-05	+3.725005E-11
588	+1.000015E-05	+1.000073E-05	+3.720005E-11
589	+1.000115E-05	+1.000074E-05	+3.714365E-11
590	+1.000000E-05	+1.000073E-05	+3.710130E-11
591	+9.999985E-06	+1.000073E-05	+3.706016E-11
592	+1.000111E-05	+1.000073E-05	+3.700306E-11
593	+1.000017E-05	+1.000073E-05	+3.695273E-11
594	+1.000075E-05	+1.000073E-05	+3.689048E-11
595	+9.999681E-06	+1.000073E-05	+3.687080E-11
596	+9.999496E-06	+1.000073E-05	+3.686714E-11
597	+1.000020E-05	+1.000073E-05	+3.681614E-11
598	+1.000088E-05	+1.000073E-05	+3.675545E-11
599	+1.000177E-05	+1.000073E-05	+3.673552E-11
600	+9.999445E-06	+1.000073E-05	+3.673673E-11
601	+1.000100E-05	+1.000073E-05	+3.667840E-11
602	+1.000317E-05	+1.000073E-05	+3.684205E-11
603	+1.000116E-05	+1.000073E-05	+3.678778E-11
604	+1.000111E-05	+1.000073E-05	+3.673219E-11
605	+1.000245E-05	+1.000074E-05	+3.678115E-11
606	+1.000181E-05	+1.000074E-05	+3.676331E-11
607	+1.000083E-05	+1.000074E-05	+3.670302E-11
608	+1.000184E-05	+1.000074E-05	+3.668747E-11
609	+1.000178E-05	+1.000074E-05	+3.666733E-11
610	+1.000016E-05	+1.000074E-05	+3.661976E-11
611	+1.000028E-05	+1.000074E-05	+3.656752E-11
612	+1.000150E-05	+1.000074E-05	+3.652896E-11
613	+1.000081E-05	+1.000074E-05	+3.646946E-11
614	+9.999616E-06	+1.000074E-05	+3.645612E-11
615	+1.000128E-05	+1.000074E-05	+3.640735E-11
616	+1.000061E-05	+1.000074E-05	+3.634885E-11
617	+9.999961E-06	+1.000074E-05	+3.631186E-11
618	+1.000033E-05	+1.000074E-05	+3.625903E-11
619	+9.999725E-06	+1.000074E-05	+3.623741E-11
620	+1.000151E-05	+1.000074E-05	+3.620061E-11
621	+1.000050E-05	+1.000074E-05	+3.614424E-11
622	+1.000027E-05	+1.000074E-05	+3.609400E-11
623	+1.000036E-05	+1.000074E-05	+3.604107E-11
624	+1.000049E-05	+1.000074E-05	+3.598539E-11
625	+1.000057E-05	+1.000074E-05	+3.592878E-11
626	+1.000195E-05	+1.000074E-05	+3.592342E-11
627	+9.998491E-06	+1.000073E-05	+3.604459E-11
628	+1.000157E-05	+1.000074E-05	+3.601146E-11
629	+1.000134E-05	+1.000074E-05	+3.596685E-11
630	+1.000036E-05	+1.000074E-05	+3.591478E-11
631	+1.000103E-05	+1.000074E-05	+3.586080E-11
632	+9.997997E-06	+1.000073E-05	+3.606530E-11
633	+1.000028E-05	+1.000073E-05	+3.601548E-11
634	+1.000185E-05	+1.000073E-05	+3.600161E-11
635	+1.000164E-05	+1.000073E-05	+3.597301E-11
636	+1.000062E-05	+1.000073E-05	+3.591686E-11
637	+1.000179E-05	+1.000074E-05	+3.589880E-11
638	+1.000059E-05	+1.000074E-05	+3.584319E-11
639	+1.000016E-05	+1.000073E-05	+3.579825E-11
640	+1.000074E-05	+1.000073E-05	+3.574227E-11
641	+1.000099E-05	+1.000074E-05	+3.568875E-11
642	+1.000147E-05	+1.000074E-05	+3.565169E-11
643	+1.000310E-05	+1.000074E-05	+3.578491E-11
644	+9.999707E-06	+1.000074E-05	+3.576525E-11
645	+9.999571E-06	+1.000074E-05	+3.575557E-11
646	+1.000018E-05	+1.000074E-05	+3.571044E-11
647	+1.000177E-05	+1.000074E-05	+3.569102E-11
648	+9.998065E-06	+1.000073E-05	+3.587372E-11
649	+1.000308E-05	+1.000074E-05	+3.600105E-11
650	+1.000003E-05	+1.000074E-05	+3.596189E-11
651	+1.000028E-05	+1.000074E-05	+3.591355E-11
652	+1.000042E-05	+1.000073E-05	+3.586162E-11
653	+1.000058E-05	+1.000073E-05	+3.580746E-11
654	+1.000159E-05	+1.000074E-05	+3.577688E-11
655	+9.999286E-06	+1.000073E-05	+3.579068E-11
656	+9.999701E-06	+1.000073E-05	+3.577070E-11
657	+1.000037E-05	+1.000073E-05	+3.572035E-11
658	+9.999332E-06	+1.000073E-05	+3.572931E-11
659	+1.000112E-05	+1.000073E-05	+3.567995E-11
660	+1.000115E-05	+1.000073E-05	+3.563164E-11
661	+1.000131E-05	+1.000073E-05	+3.558836E-11
662	+1.000047E-05	+1.000073E-05	+3.553669E-11
663	+1.000253E-05	+1.000073E-05	+3.558710E-11
664	+9.999758E-06	+1.000073E-05	+3.556386E-11
665	+9.998689E-06	+1.000073E-05	+3.564303E-11
666	+1.000044E-05	+1.000073E-05	+3.559219E-11
667	+1.000087E-05	+1.000073E-05	+3.553943E-11
668	+9.999904E-06	+1.000073E-05	+3.550768E-11
669	+1.000221E-05	+1.000073E-05	+3.552362E-11
670	+9.999255E-06	+1.000073E-05	+3.553879E-11
671	+1.000089E-05	+1.000073E-05	+3.548659E-11
672	+1.000070E-05	+1.000073E-05	+3.543377E-11
673	+1.000236E-05	+1.000073E-05	+3.546372E-11
674	+1.000030E-05	+1.000073E-05	+3.541678E-11
675	+1.000152E-05	+1.000073E-05	+3.538372E-11
676	+1.000118E-05	+1.000073E-05	+3.533766E-11
677	+1.000033E-05	+1.000073E-05	+3.529034E-11
678	+1.000240E-05	+1.000073E-05	+3.532453E-11
679	+1.000084E-05	+1.000073E-05	+3.527280E-11
680	+1.000092E-05	+1.000073E-05	+3.522193E-11
681	+1.000196E-05	+1.000074E-05	+3.521605E-11
682	+1.000070E-05	+1.000074E-05	+3.516443E-11
683	+1.000235E-05	+1.000074E-05	+3.519263E-11
684	+9.999438E-06	+1.000074E-05	+3.519253E-11
685	+1.000035E-05	+1.000074E-05	+3.514563E-11
686	+1.000107E-05	+1.000074E-05	+3.509775E-11
687	+9.999201E-06	+1.000073E-05	+3.511774E-11
688	+9.999314E-06	+1.000073E-05	+3.512734E-11
689	+1.000175E-05	+1.000073E-05	+3.510722E-11
690	+1.000192E-05	+1.000073E-05	+3.509884E-11
691	+9.998790E-06	+1.000073E-05	+3.516083E-11
692	+1.000070E-05	+1.000073E-05	+3.511001E-11
693	+9.999700E-06	+1.000073E-05	+3.509092E-11
694	+9.999224E-06	+1.000073E-05	+3.510750E-11
695	+1.000043E-05	+1.000073E-05	+3.505956E-11
696	+1.000243E-05	+1.000073E-05	+3.509447E-11
697	+1.000183E-05	+1.000073E-05	+3.507967E-11
698	+9.999504E-06	+1.000073E-05	+3.507353E-11
699	+1.000183E-05	+1.000073E-05	+3.505873E-11
700	+1.000090E-05	+1.000073E-05	+3.500939E-11
701	+1.000052E-05	+1.000073E-05	+3.496072E-11
702	+9.998436E-06	+1.000073E-05	+3.506366E-11
703	+1.000065E-05	+1.000073E-05	+3.501393E-11
704	+1.000211E-05	+1.000073E-05	+3.501901E-11
705	+1.000301E-05	+1.000073E-05	+3.511819E-11
706	+1.000207E-05	+1.000074E-05	+3.511938E-11
707	+1.000053E-05	+1.000073E-05	+3.507086E-11
708	+1.000043E-05	+1.000073E-05	+3.502391E-11
709	+9.998966E-06	+1.000073E-05	+3.506330E-11
710	+9.999409E-06	+1.000073E-05	+3.506345E-11
711	+1.000117E-05	+1.000073E-05	+3.501959E-11
712	+1.000007E-05	+1.000073E-05	+3.498287E-11
713	+1.000041E-05	+1.000073E-05	+3.493670E-11
714	+1.000231E-05	+1.000073E-05	+3.495801E-11
715	+1.000127E-05	+1.000073E-05	+3.491720E-11
716	+1.000069E-05	+1.000073E-05	+3.486845E-11
717	+1.000063E-05	+1.000073E-05	+3.482006E-11
718	+1.000083E-05	+1.000073E-05	+3.477179E-11
719	+9.999773E-06	+1.000073E-05	+3.474905E-11
720	+1.000062E-05	+1.000073E-05	+3.470106E-11
721	+1.000046E-05	+1.000073E-05	+3.465501E-11
722	+1.000186E-05	+1.000073E-05	+3.464248E-11
723	+9.999990E-06	+1.000073E-05	+3.460975E-11
724	+9.999624E-06	+1.000073E-05	+3.459574E-11
725	+1.000154E-05	+1.000073E-05	+3.456613E-11
726	+1.000103E-05	+1.000073E-05	+3.452095E-11
727	+9.999180E-06	+1.000073E-05	+3.453938E-11
728	+1.000090E-05	+1.000073E-05	+3.449274E-11
729	+9.999534E-06	+1.000073E-05	+3.448440E-11
730	+1.000080E-05	+1.000073E-05	+3.443727E-11
731	+9.999611E-06	+1.000073E-05	+3.442402E-11
732	+9.999275E-06	+1.000072E-05	+3.443407E-11
733	+1.000050E-05	+1.000072E-05	+3.438842E-11
734	+1.000130E-05	+1.000072E-05	+3.435039E-11
735	+1.000080E-05	+1.000072E-05	+3.430379E-11
736	+1.000094E-05	+1.000072E-05	+3.425843E-11
737	+9.999919E-06	+1.000072E-05	+3.422940E-11
738	+1.000016E-05	+1.000072E-05	+3.419163E-11
739	+1.000075E-05	+1.000072E-05	+3.414535E-11
740	+1.000028E-05	+1.000072E-05	+3.410440E-11
741	+1.000108E-05	+1.000072E-05	+3.406179E-11
742	+9.998931E-06	+1.000072E-05	+3.410146E-11
743	+1.000131E-05	+1.000072E-05	+3.406465E-11
744	+9.999990E-06	+1.000072E-05	+3.403303E-11
745	+1.000055E-05	+1.000072E-05	+3.398808E-11
746	+1.000186E-05	+1.000072E-05	+3.397656E-11
747	+1.000113E-05	+1.000072E-05	+3.393547E-11
748	+1.000112E-05	+1.000072E-05	+3.389432E-11
749	+9.999821E-06	+1.000072E-05	+3.387044E-11
750	+1.000053E-05	+1.000072E-05	+3.382622E-11
751	+1.000284E-05	+1.000072E-05	+3.389847E-11
752	+1.000024E-05	+1.000072E-05	+3.385961E-11
753	+9.999479E-06	+1.000072E-05	+3.385499E-11
754	+9.998580E-06	+1.000072E-05	+3.392918E-11
755	+9.999920E-06	+1.000072E-05	+3.390074E-11
756	+1.000043E-05	+1.000072E-05	+3.385795E-11
757	+1.000043E-05	+1.000072E-05	+3.381540E-11
758	+9.999562E-06	+1.000072E-05	+3.380510E-11
759	+1.000195E-05	+1.000072E-05	+3.379992E-11
760	+1.000053E-05	+1.000072E-05	+3.375632E-11
761	+1.000090E-05	+1.000072E-05	+3.371279E-11
762	+9.997848E-06	+1.000071E-05	+3.387849E-11
763	+9.998916E-06	+1.000071E-05	+3.391596E-11
764	+1.000078E-05	+1.000071E-05	+3.387165E-11
765	+1.000155E-05	+1.000071E-05	+3.384532E-11
766	+1.000235E-05	+1.000071E-05	+3.386876E-11
767	+1.000100E-05	+1.000071E-05	+3.382664E-11
768	+1.000137E-05	+1.000072E-05	+3.379325E-11
769	+1.000171E-05	+1.000072E-05	+3.377422E-11
770	+1.000222E-05	+1.000072E-05	+3.378704E-11
771	+9.998891E-06	+1.000072E-05	+3.382636E-11
772	+1.000065E-05	+1.000072E-05	+3.378264E-11
773	+1.000060E-05	+1.000072E-05	+3.373927E-11
774	+1.000086E-05	+1.000072E-05	+3.369613E-11
775	+1.000034E-05	+1.000072E-05	+3.365611E-11
776	+9.999039E-06	+1.000071E-05	+3.368213E-11
777	+9.999290E-06	+1.000071E-05	+3.368863E-11
778	+1.000119E-05	+1.000071E-05	+3.365100E-11
779	+1.000125E-05	+1.000071E-05	+3.361485E-11
780	+1.000125E-05	+1.000071E-05	+3.357888E-11
781	+1.000148E-05	+1.000072E-05	+3.355028E-11
782	+1.000147E-05	+1.000072E-05	+3.352140E-11
783	+1.000087E-05	+1.000072E-05	+3.347914E-11
784	+1.000226E-05	+1.000072E-05	+3.349462E-11
785	+1.000049E-05	+1.000072E-05	+3.345317E-11
786	+9.999534E-06	+1.000072E-05	+3.344454E-11
787	+1.000233E-05	+1.000072E-05	+3.346527E-11
788	+1.000193E-05	+1.000072E-05	+3.345820E-11
789	+1.000277E-05	+1.000072E-05	+3.351663E-11
790	+1.000084E-05	+1.000072E-05	+3.347449E-11
791	+1.000067E-05	+1.000072E-05	+3.343221E-11
792	+1.000020E-05	+1.000072E-05	+3.339652E-11
793	+9.999590E-06	+1.000072E-05	+3.338491E-11
794	+1.000015E-05	+1.000072E-05	+3.335062E-11
795	+1.000015E-05	+1.000072E-05	+3.331635E-11
796	+1.000108E-05	+1.000072E-05	+3.327749E-11
797	+1.000080E-05	+1.000072E-05	+3.323585E-11
798	+1.000163E-05	+1.000072E-05	+3.321372E-11
799	+9.999293E-06	+1.000072E-05	+3.322026E-11
800	+9.999410E-06	+1.000072E-05	+3.321903E-11
