start date: 	2016-02-23						
start time: 	11.27.10						
stop date: 	2016-02-23						
stop time: 	11.37.22						
com rel. humid (%):	28.1						
com temp (°C):	26.38						
cn temp (°C):	27.59						
nv temp (°C):	31.81						
remarks: 							
R1 Info: 	SP036(1.290635851E+4)						
R2 Info: 	1445(1.000000000E+4)						
data filepath: 	C:\MagniconData\CCCViewerData\cccviewer_measure\2016-02-23_CCC\160223_006_1127.txt						
config filepath: 	C:\MagniconData\CCCViewerData\cccviewer_measure\2016-02-23_CCC\160223_006_1127_cccdrive.cfg						
setup_file_path	C:\MagniconData\SQUIDViewerData\Saved Setups\Newest.stp						
time base (Hz): 	60						
integration time (time base multiples):	3						
number of samples per half cycle: 	100						
ignored first samples: 	50						
ignored last samples: 	0						
amplifier gain: 	10000						
delta N1/NA (mTurns): 	-48.339843750						
delta (I2*R2) (V): 	3.0001						
							
N1:	2065						
N2:	1600						

							
Mode:	FLL						
Rf Amp::	OFF						
Amp Gain:	PLUS						
Rf FLL:	11.0 kOhm						
SQUID Gain:	NEG						
I1 Range:	300uA						
I1 Amplitude:	116.220588E-6						
feedin Polarity:	POS						
I1 SQUID feedIn (ON/OFF):	OFF						
I1 SQUID feedin:	-37.0dB						
I2 Range:	300uA						
I2 Amplitude:	150.004578E-6						
I2 SQUID feedIn (ON/OFF):	ON						
I2 SQUID feedin:	-52.0dB						
Screen (+):	ON						
Screen (-):	OFF						
Screen Amplitude:	499.998592E-3						

							
Results							
Standard Pressure Correction:	NO						
Res(ppm)	Ave Res(ppm)	stddrtN-1(ppm)	resistance(ohm)				
31.7753	0.0059	1.000031775E+4					

							
#points	bvd(V)	bvdmean(V)	stddrtN-1(V)	Res(ppm)	Ave Res(ppm)	stddrtN-1(ppm)	resistance(ohm)

							
1	9.720000E-8	9.720000E-8	NaN	3.178500E+1	3.178500E+1	NaN	1.000031785E+4
2	1.360800E-7	1.166400E-7	2.749231E-8	3.177204E+1	3.177852E+1	9.164089E-3	1.000031779E+4
3	1.279200E-7	1.204000E-7	2.050186E-8	3.177476E+1	3.177726E+1	6.833944E-3	1.000031777E+4
4	1.017600E-7	1.157400E-7	1.915933E-8	3.178348E+1	3.177882E+1	6.386434E-3	1.000031779E+4
5	1.173600E-7	1.160640E-7	1.660828E-8	3.177828E+1	3.177871E+1	5.536084E-3	1.000031779E+4
6	1.365600E-7	1.194800E-7	1.704941E-8	3.177188E+1	3.177757E+1	5.683126E-3	1.000031778E+4
7	1.101600E-7	1.181486E-7	1.595757E-8	3.178068E+1	3.177802E+1	5.319182E-3	1.000031778E+4
8	1.087200E-7	1.169700E-7	1.514525E-8	3.178116E+1	3.177841E+1	5.048409E-3	1.000031778E+4
9	1.617600E-7	1.219467E-7	2.058182E-8	3.176348E+1	3.177675E+1	6.860595E-3	1.000031777E+4
10	1.041600E-7	1.201680E-7	2.020346E-8	3.178268E+1	3.177734E+1	6.734476E-3	1.000031777E+4
11	1.377600E-7	1.217673E-7	1.988709E-8	3.177148E+1	3.177681E+1	6.629019E-3	1.000031777E+4
12	1.214400E-7	1.217400E-7	1.896183E-8	3.177692E+1	3.177682E+1	6.320600E-3	1.000031777E+4
13	1.233600E-7	1.218646E-7	1.816013E-8	3.177628E+1	3.177678E+1	6.053367E-3	1.000031777E+4
14	1.226400E-7	1.219200E-7	1.744892E-8	3.177652E+1	3.177676E+1	5.816297E-3	1.000031777E+4
15	1.161600E-7	1.215360E-7	1.687984E-8	3.177868E+1	3.177689E+1	5.626605E-3	1.000031777E+4
16	1.632000E-7	1.241400E-7	1.935011E-8	3.176300E+1	3.177602E+1	6.450027E-3	1.000031776E+4
17	1.351200E-7	1.247859E-7	1.892398E-8	3.177236E+1	3.177580E+1	6.307983E-3	1.000031776E+4
18	7.896000E-8	1.222400E-7	2.130067E-8	3.179108E+1	3.177665E+1	7.100212E-3	1.000031777E+4
19	1.363200E-7	1.229811E-7	2.095104E-8	3.177196E+1	3.177640E+1	6.983668E-3	1.000031776E+4
20	1.185600E-7	1.227600E-7	2.041619E-8	3.177788E+1	3.177648E+1	6.805386E-3	1.000031776E+4
21	1.488000E-7	1.240000E-7	2.069467E-8	3.176780E+1	3.177606E+1	6.898213E-3	1.000031776E+4
22	1.120800E-7	1.234582E-7	2.035520E-8	3.178004E+1	3.177625E+1	6.785056E-3	1.000031776E+4
23	1.533600E-7	1.247583E-7	2.084168E-8	3.176628E+1	3.177581E+1	6.947214E-3	1.000031776E+4
24	1.051200E-7	1.239400E-7	2.077399E-8	3.178236E+1	3.177608E+1	6.924654E-3	1.000031776E+4
25	8.952000E-8	1.225632E-7	2.147013E-8	3.178756E+1	3.177654E+1	7.156700E-3	1.000031777E+4
26	1.233600E-7	1.225938E-7	2.103693E-8	3.177628E+1	3.177653E+1	7.012299E-3	1.000031777E+4
27	1.423200E-7	1.233244E-7	2.097482E-8	3.176996E+1	3.177629E+1	6.991595E-3	1.000031776E+4
28	1.279200E-7	1.234886E-7	2.060105E-8	3.177476E+1	3.177624E+1	6.867005E-3	1.000031776E+4
29	1.478400E-7	1.243283E-7	2.072906E-8	3.176812E+1	3.177596E+1	6.909675E-3	1.000031776E+4
30	1.408800E-7	1.248800E-7	2.059147E-8	3.177044E+1	3.177577E+1	6.863814E-3	1.000031776E+4
31	1.308000E-7	1.250710E-7	2.027328E-8	3.177380E+1	3.177571E+1	6.757748E-3	1.000031776E+4
32	1.303200E-7	1.252350E-7	1.996518E-8	3.177396E+1	3.177565E+1	6.655050E-3	1.000031776E+4
33	1.579200E-7	1.262255E-7	2.045788E-8	3.176476E+1	3.177532E+1	6.819283E-3	1.000031775E+4
34	1.449600E-7	1.267765E-7	2.040013E-8	3.176908E+1	3.177514E+1	6.800034E-3	1.000031775E+4
35	1.116000E-7	1.263429E-7	2.026095E-8	3.178020E+1	3.177528E+1	6.753638E-3	1.000031775E+4
36	1.312800E-7	1.264800E-7	1.998635E-8	3.177364E+1	3.177524E+1	6.662107E-3	1.000031775E+4
37	1.125600E-7	1.261038E-7	1.983924E-8	3.177988E+1	3.177536E+1	6.613068E-3	1.000031775E+4
38	1.140000E-7	1.257853E-7	1.966756E-8	3.177940E+1	3.177547E+1	6.555843E-3	1.000031775E+4
39	1.339200E-7	1.259938E-7	1.945072E-8	3.177276E+1	3.177540E+1	6.483562E-3	1.000031775E+4
40	1.212000E-7	1.258740E-7	1.921469E-8	3.177700E+1	3.177544E+1	6.404885E-3	1.000031775E+4
41	1.310400E-7	1.260000E-7	1.899013E-8	3.177372E+1	3.177540E+1	6.330033E-3	1.000031775E+4
42	1.224000E-7	1.259143E-7	1.876534E-8	3.177660E+1	3.177543E+1	6.255102E-3	1.000031775E+4
43	1.060800E-7	1.254530E-7	1.878570E-8	3.178204E+1	3.177558E+1	6.261889E-3	1.000031776E+4
44	9.456000E-8	1.247509E-7	1.914121E-8	3.178588E+1	3.177581E+1	6.380392E-3	1.000031776E+4
45	1.142400E-7	1.245173E-7	1.898720E-8	3.177932E+1	3.177589E+1	6.329058E-3	1.000031776E+4
46	1.442400E-7	1.249461E-7	1.899891E-8	3.176932E+1	3.177575E+1	6.332961E-3	1.000031776E+4
47	1.495200E-7	1.254689E-7	1.913009E-8	3.176756E+1	3.177557E+1	6.376685E-3	1.000031776E+4
48	1.080000E-7	1.251050E-7	1.909270E-8	3.178140E+1	3.177570E+1	6.364225E-3	1.000031776E+4
49	1.329600E-7	1.252653E-7	1.892607E-8	3.177308E+1	3.177564E+1	6.308680E-3	1.000031776E+4
50	1.236000E-7	1.252320E-7	1.873343E-8	3.177620E+1	3.177565E+1	6.244468E-3	1.000031776E+4
51	1.324800E-7	1.253741E-7	1.857290E-8	3.177324E+1	3.177561E+1	6.190958E-3	1.000031776E+4
52	1.250400E-7	1.253677E-7	1.838997E-8	3.177572E+1	3.177561E+1	6.129981E-3	1.000031776E+4
53	1.384800E-7	1.256151E-7	1.830113E-8	3.177124E+1	3.177553E+1	6.100368E-3	1.000031776E+4
54	1.104000E-7	1.253333E-7	1.824552E-8	3.178060E+1	3.177562E+1	6.081830E-3	1.000031776E+4
55	1.449600E-7	1.256902E-7	1.826850E-8	3.176908E+1	3.177550E+1	6.089489E-3	1.000031776E+4
56	1.471200E-7	1.260729E-7	1.832677E-8	3.176836E+1	3.177537E+1	6.108915E-3	1.000031775E+4
57	1.257600E-7	1.260674E-7	1.816245E-8	3.177548E+1	3.177538E+1	6.054141E-3	1.000031775E+4
58	1.365600E-7	1.262483E-7	1.805507E-8	3.177188E+1	3.177532E+1	6.018348E-3	1.000031775E+4
59	1.356000E-7	1.264068E-7	1.794011E-8	3.177220E+1	3.177526E+1	5.980026E-3	1.000031775E+4
60	1.164000E-7	1.262400E-7	1.783427E-8	3.177860E+1	3.177532E+1	5.944749E-3	1.000031775E+4
