start date: 	2023-08-09
start time: 	17.10.59
stop date: 	2023-08-09
stop time: 	17.32.08
com rel. humid (%):	33.5
com temp (°C):	28.98
cn temp (°C):	31.06
nv temp (°C):	35.34
bvd averages: 	     20
remarks: 	CCC probe connected to GaAs probe, GaAs 8 V+=Yel, V-=Wht, I+=Wht, I-=Blk, B = 11.56 T (84.4 A), Psample = 3.0e-3 mbar, using 4G power supply
R1 Info: 	NIST-QHRGaAs13k-8
R2 Info: 	1215
data filepath: 	M:\MagniconData\CCCViewerData\cccviewer_measure\2023-08-09_CCC\230809_002_1710.txt
config filepath: 	M:\MagniconData\CCCViewerData\cccviewer_measure\2023-08-09_CCC\230809_002_1710_cccdrive.cfg
time base (Hz): 	60
integration time (time base multiples):	60
number of samples per half cycle: 	30
ignored first samples: 	14
ignored last samples: 	0
amplifier gain: 	1000000
delta N1/NA (mTurns): 	24.474810343
delta (I2*R2) (V): 	2.000061037
N1 (Turns):	2065
N2 (Turns):	16
NA (Turns):	1
R1 (Ohm): 	12906.404000
R2 (Ohm): 	100.000000

data(V)	phase	error
+1.682100E-07	1	0	
+1.620060E-07	1	0	
+1.703160E-07	1	0	
+1.586580E-07	1	0	
+1.763520E-07	1	0	
+1.662060E-07	1	0	
+1.544040E-07	1	0	
+1.646040E-07	1	0	
+1.750260E-07	1	0	
+1.674060E-07	1	0	
+1.691340E-07	1	0	
+1.557900E-07	1	0	
+1.759740E-07	1	0	
+1.647540E-07	1	0	
+1.735080E-07	1	0	
+1.718760E-07	1	0	
+1.651560E-07	1	0	
+1.678980E-07	1	0	
+1.594680E-07	1	0	
+1.588140E-07	1	0	
+1.549380E-07	1	0	
+1.553640E-07	1	0	
+1.521540E-07	1	0	
+1.582980E-07	1	0	
+1.535760E-07	1	0	
+1.423440E-07	1	0	
+1.517040E-07	1	0	
+1.650420E-07	1	0	
-2.492376E-06	4	0	
-3.616056E-06	4	8	
-1.133280E-06	4	0	
+1.670760E-07	2	0	
+1.590540E-07	2	0	
+1.406340E-07	2	0	
+1.543440E-07	2	0	
+1.575360E-07	2	0	
+1.580940E-07	2	0	
+1.636260E-07	2	0	
+1.589340E-07	2	0	
+1.607940E-07	2	0	
+1.651020E-07	2	0	
+1.789140E-07	2	0	
+1.801980E-07	2	0	
+1.833120E-07	2	0	
+1.803480E-07	2	0	
+1.823640E-07	2	0	
+1.838220E-07	2	0	
+1.812840E-07	2	0	
+1.717920E-07	2	0	
+1.750440E-07	2	0	
+1.906500E-07	2	0	
+1.755960E-07	2	0	
+1.749780E-07	2	0	
+1.578420E-07	2	0	
+1.639680E-07	2	0	
+1.737300E-07	2	0	
+1.819080E-07	2	0	
+1.919580E-07	2	0	
+2.680482E-06	3	0	
+3.665850E-06	3	8	
+1.403244E-06	3	0	
+1.588080E-07	1	0	
+1.491120E-07	1	0	
+1.440840E-07	1	0	
+1.477200E-07	1	0	
+1.394940E-07	1	0	
+1.568460E-07	1	0	
+1.446600E-07	1	0	
+1.425060E-07	1	0	
+1.540080E-07	1	0	
+1.375140E-07	1	0	
+1.429500E-07	1	0	
+1.509600E-07	1	0	
+1.523580E-07	1	0	
+1.526940E-07	1	0	
+1.542960E-07	1	0	
+1.522260E-07	1	0	
+1.534020E-07	1	0	
+1.577700E-07	1	0	
+1.429860E-07	1	0	
+1.524540E-07	1	0	
+1.575420E-07	1	0	
+1.652040E-07	1	0	
+1.641900E-07	1	0	
+1.750860E-07	1	0	
+1.683660E-07	1	0	
+1.656360E-07	1	0	
+1.668660E-07	1	0	
-2.475570E-06	4	0	
-3.615912E-06	4	8	
-1.131204E-06	4	0	
+1.710420E-07	2	0	
+1.749360E-07	2	0	
+1.858140E-07	2	0	
+1.829280E-07	2	0	
+1.703640E-07	2	0	
+1.758840E-07	2	0	
+1.846200E-07	2	0	
+1.700640E-07	2	0	
+1.923780E-07	2	0	
+1.970040E-07	2	0	
+1.985040E-07	2	0	
+1.998840E-07	2	0	
+2.004840E-07	2	0	
+1.983420E-07	2	0	
+1.980120E-07	2	0	
+2.011680E-07	2	0	
+1.791000E-07	2	0	
+1.654920E-07	2	0	
+1.817460E-07	2	0	
+1.707960E-07	2	0	
+1.712340E-07	2	0	
+1.720980E-07	2	0	
+1.759440E-07	2	0	
+1.671840E-07	2	0	
+1.613880E-07	2	0	
+1.690620E-07	2	0	
+1.845840E-07	2	0	
+2.675172E-06	3	0	
+3.665844E-06	3	8	
+1.419846E-06	3	0	
+1.684680E-07	1	0	
+1.669020E-07	1	0	
+1.723080E-07	1	0	
+1.751520E-07	1	0	
+1.786980E-07	1	0	
+1.845300E-07	1	0	
+2.006520E-07	1	0	
+1.917960E-07	1	0	
+1.897680E-07	1	0	
+1.909200E-07	1	0	
+1.897740E-07	1	0	
+2.005680E-07	1	0	
+1.999200E-07	1	0	
+1.905480E-07	1	0	
+2.069400E-07	1	0	
+1.925940E-07	1	0	
+1.525020E-07	1	0	
+1.607640E-07	1	0	
+1.444680E-07	1	0	
+1.694100E-07	1	0	
+1.709340E-07	1	0	
+1.664940E-07	1	0	
+1.761900E-07	1	0	
+1.807800E-07	1	0	
+1.725540E-07	1	0	
+1.818660E-07	1	0	
+1.767240E-07	1	0	
-2.456244E-06	4	0	
-3.615900E-06	4	8	
-1.121958E-06	4	0	
+1.889580E-07	2	0	
+1.868820E-07	2	0	
+1.898220E-07	2	0	
+2.029020E-07	2	0	
+1.798500E-07	2	0	
+1.812600E-07	2	0	
+1.930800E-07	2	0	
+1.946160E-07	2	0	
+1.911540E-07	2	0	
+1.861800E-07	2	0	
+1.895160E-07	2	0	
+1.896960E-07	2	0	
+1.954320E-07	2	0	
+1.966740E-07	2	0	
+1.865160E-07	2	0	
+1.858020E-07	2	0	
+1.822920E-07	2	0	
+1.800540E-07	2	0	
+1.629960E-07	2	0	
+1.813260E-07	2	0	
+1.813740E-07	2	0	
+1.810140E-07	2	0	
+1.868280E-07	2	0	
+1.735200E-07	2	0	
+1.727940E-07	2	0	
+1.687260E-07	2	0	
+1.723920E-07	2	0	
+2.680554E-06	3	0	
+3.665844E-06	3	8	
+1.429350E-06	3	0	
+1.737660E-07	1	0	
+1.810980E-07	1	0	
+1.783980E-07	1	0	
+1.765320E-07	1	0	
+1.732080E-07	1	0	
+1.530960E-07	1	0	
+1.608780E-07	1	0	
+1.705980E-07	1	0	
+1.764480E-07	1	0	
+1.773660E-07	1	0	
+1.825560E-07	1	0	
+1.661820E-07	1	0	
+1.756380E-07	1	0	
+1.722960E-07	1	0	
+1.776900E-07	1	0	
+1.626960E-07	1	0	
+1.625220E-07	1	0	
+1.730040E-07	1	0	
+1.887000E-07	1	0	
+1.836240E-07	1	0	
+1.754400E-07	1	0	
+1.804680E-07	1	0	
+1.822680E-07	1	0	
+1.876260E-07	1	0	
+1.890000E-07	1	0	
+1.921860E-07	1	0	
+1.702560E-07	1	0	
-2.465532E-06	4	0	
-3.615774E-06	4	8	
-1.105866E-06	4	0	
+1.995960E-07	2	0	
+1.989660E-07	2	0	
+1.878840E-07	2	0	
+1.919400E-07	2	0	
+2.017200E-07	2	0	
+2.033700E-07	2	0	
+2.015220E-07	2	0	
+2.062260E-07	2	0	
+2.097840E-07	2	0	
+1.901040E-07	2	0	
+1.921440E-07	2	0	
+1.951320E-07	2	0	
+2.005200E-07	2	0	
+1.990620E-07	2	0	
+2.030820E-07	2	0	
+1.946580E-07	2	0	
+2.070780E-07	2	0	
+2.007540E-07	2	0	
+2.005320E-07	2	0	
+1.949160E-07	2	0	
+1.953480E-07	2	0	
+1.912080E-07	2	0	
+1.960560E-07	2	0	
+1.862580E-07	2	0	
+1.941180E-07	2	0	
+1.896900E-07	2	0	
+2.037720E-07	2	0	
+2.685732E-06	3	0	
+3.665886E-06	3	8	
+1.450620E-06	3	0	
+2.080440E-07	1	0	
+2.011560E-07	1	0	
+2.016840E-07	1	0	
+1.952460E-07	1	0	
+1.934520E-07	1	0	
+2.112720E-07	1	0	
+2.086080E-07	1	0	
+2.013480E-07	1	0	
+1.984740E-07	1	0	
+1.889280E-07	1	0	
+1.977540E-07	1	0	
+2.040000E-07	1	0	
+2.058600E-07	1	0	
+2.073900E-07	1	0	
+2.102520E-07	1	0	
+2.140800E-07	1	0	
+2.179860E-07	1	0	
+2.206200E-07	1	0	
+2.284680E-07	1	0	
+2.162400E-07	1	0	
+2.070780E-07	1	0	
+2.059800E-07	1	0	
+2.011980E-07	1	0	
+2.078280E-07	1	0	
+1.986120E-07	1	0	
+2.007960E-07	1	0	
+1.976400E-07	1	0	
-2.457246E-06	4	0	
-3.615624E-06	4	8	
-1.102716E-06	4	0	
+2.082300E-07	2	0	
+2.170080E-07	2	0	
+2.047320E-07	2	0	
+2.015460E-07	2	0	
+2.121180E-07	2	0	
+2.126640E-07	2	0	
+2.063640E-07	2	0	
+2.054340E-07	2	0	
+2.042040E-07	2	0	
+2.028780E-07	2	0	
+2.012100E-07	2	0	
+1.938480E-07	2	0	
+1.899240E-07	2	0	
+1.984200E-07	2	0	
+2.052780E-07	2	0	
+2.151120E-07	2	0	
+2.041680E-07	2	0	
+1.872780E-07	2	0	
+1.896420E-07	2	0	
+2.157840E-07	2	0	
+2.404440E-07	2	0	
+2.344500E-07	2	0	
+2.288100E-07	2	0	
+2.181180E-07	2	0	
+2.281200E-07	2	0	
+2.317860E-07	2	0	
+2.362260E-07	2	0	
+2.709120E-06	3	0	
+3.665880E-06	3	8	
+1.471104E-06	3	0	
+2.276460E-07	1	0	
+2.253420E-07	1	0	
+2.298600E-07	1	0	
+2.200200E-07	1	0	
+2.314260E-07	1	0	
+2.291520E-07	1	0	
+2.233320E-07	1	0	
+2.208180E-07	1	0	
+2.194200E-07	1	0	
+2.143080E-07	1	0	
+2.114580E-07	1	0	
+2.033100E-07	1	0	
+2.008680E-07	1	0	
+2.129760E-07	1	0	
+2.162160E-07	1	0	
+2.058420E-07	1	0	
+2.139600E-07	1	0	
+2.104680E-07	1	0	
+2.056320E-07	1	0	
+2.059260E-07	1	0	
+2.029860E-07	1	0	
+1.938300E-07	1	0	
+2.001960E-07	1	0	
+1.909020E-07	1	0	
+2.113500E-07	1	0	
+1.943760E-07	1	0	
+1.861320E-07	1	0	
-2.448846E-06	4	0	
-3.615660E-06	4	8	
-1.102128E-06	4	0	
+2.066040E-07	2	0	
+2.107860E-07	2	0	
+2.074500E-07	2	0	
+2.245440E-07	2	0	
+2.195640E-07	2	0	
+2.105100E-07	2	0	
+2.100960E-07	2	0	
+2.137740E-07	2	0	
+2.093580E-07	2	0	
+2.073180E-07	2	0	
+2.029140E-07	2	0	
+2.011860E-07	2	0	
+2.131800E-07	2	0	
+1.980120E-07	2	0	
+2.064900E-07	2	0	
+2.093880E-07	2	0	
+2.116920E-07	2	0	
+2.194740E-07	2	0	
+2.144520E-07	2	0	
+2.173440E-07	2	0	
+2.100060E-07	2	0	
+2.176260E-07	2	0	
+2.101980E-07	2	0	
+2.156460E-07	2	0	
+2.222340E-07	2	0	
+2.170020E-07	2	0	
+2.144580E-07	2	0	
+2.696334E-06	3	0	
+3.665874E-06	3	8	
+1.430958E-06	3	0	
+1.819860E-07	1	0	
+1.735380E-07	1	0	
+1.837800E-07	1	0	
+1.805940E-07	1	0	
+1.786740E-07	1	0	
+1.805460E-07	1	0	
+1.898880E-07	1	0	
+1.815540E-07	1	0	
+1.832040E-07	1	0	
+1.858620E-07	1	0	
+1.839300E-07	1	0	
+2.066340E-07	1	0	
+2.071740E-07	1	0	
+2.063280E-07	1	0	
+2.084640E-07	1	0	
+2.008980E-07	1	0	
+2.046900E-07	1	0	
+2.152740E-07	1	0	
+2.239620E-07	1	0	
+2.192340E-07	1	0	
+2.267340E-07	1	0	
+1.855020E-07	1	0	
+1.795620E-07	1	0	
+1.665840E-07	1	0	
+1.518720E-07	1	0	
+1.603980E-07	1	0	
+1.489080E-07	1	0	
-2.479818E-06	4	0	
-3.616092E-06	4	8	
-1.153032E-06	4	0	
+1.573140E-07	2	0	
+1.618560E-07	2	0	
+1.627320E-07	2	0	
+1.645260E-07	2	0	
+1.525560E-07	2	0	
+1.548540E-07	2	0	
+1.489800E-07	2	0	
+1.600560E-07	2	0	
+1.626900E-07	2	0	
+1.704300E-07	2	0	
+1.628700E-07	2	0	
+1.556520E-07	2	0	
+1.689720E-07	2	0	
+1.738020E-07	2	0	
+1.589460E-07	2	0	
+1.596960E-07	2	0	
+1.905300E-07	2	0	
+1.825260E-07	2	0	
+1.622340E-07	2	0	
+1.723560E-07	2	0	
+1.731660E-07	2	0	
+1.796040E-07	2	0	
+1.772700E-07	2	0	
+1.790100E-07	2	0	
+1.780680E-07	2	0	
+1.955700E-07	2	0	
+1.722780E-07	2	0	
+2.679978E-06	3	0	
+3.665868E-06	3	8	
+1.429944E-06	3	0	
+1.804500E-07	1	0	
+2.008020E-07	1	0	
+2.083920E-07	1	0	
+1.874820E-07	1	0	
+1.889160E-07	1	0	
+1.855500E-07	1	0	
+1.846440E-07	1	0	
+1.719780E-07	1	0	
+1.891680E-07	1	0	
+1.791660E-07	1	0	
+1.793100E-07	1	0	
+1.602960E-07	1	0	
+1.623780E-07	1	0	
+1.503660E-07	1	0	
+1.618440E-07	1	0	
+1.719000E-07	1	0	
+1.635360E-07	1	0	
+1.662480E-07	1	0	
+1.507140E-07	1	0	
+1.724280E-07	1	0	
+1.556040E-07	1	0	
+1.558740E-07	1	0	
+1.626060E-07	1	0	
+1.701120E-07	1	0	
+1.911780E-07	1	0	
+1.940880E-07	1	0	
+2.002920E-07	1	0	
-2.443008E-06	4	0	
-3.615810E-06	4	8	
-1.109202E-06	4	0	
+2.005920E-07	2	0	
+2.016960E-07	2	0	
+2.095380E-07	2	0	
+1.940100E-07	2	0	
+2.007420E-07	2	0	
+2.111520E-07	2	0	
+2.110140E-07	2	0	
+2.051640E-07	2	0	
+2.098920E-07	2	0	
+2.125080E-07	2	0	
+2.063520E-07	2	0	
+2.110860E-07	2	0	
+2.144400E-07	2	0	
+2.119200E-07	2	0	
+2.104440E-07	2	0	
+2.204040E-07	2	0	
+2.189220E-07	2	0	
+2.250360E-07	2	0	
+2.195460E-07	2	0	
+2.153580E-07	2	0	
+2.190480E-07	2	0	
+2.109060E-07	2	0	
+2.093100E-07	2	0	
+2.269620E-07	2	0	
+2.161080E-07	2	0	
+2.153340E-07	2	0	
+2.022060E-07	2	0	
+2.684274E-06	3	0	
+3.665868E-06	3	8	
+1.436940E-06	3	0	
+1.853640E-07	1	0	
+1.870020E-07	1	0	
+1.877880E-07	1	0	
+1.916940E-07	1	0	
+1.864560E-07	1	0	
+1.861020E-07	1	0	
+1.896300E-07	1	0	
+1.952340E-07	1	0	
+1.900320E-07	1	0	
+1.977600E-07	1	0	
+1.836840E-07	1	0	
+1.983780E-07	1	0	
+1.886280E-07	1	0	
+1.851900E-07	1	0	
+2.015100E-07	1	0	
+1.809720E-07	1	0	
+1.883280E-07	1	0	
+1.906080E-07	1	0	
+1.745700E-07	1	0	
+1.726140E-07	1	0	
+1.779540E-07	1	0	
+1.892940E-07	1	0	
+1.799760E-07	1	0	
+1.932900E-07	1	0	
+1.913880E-07	1	0	
+1.931580E-07	1	0	
+2.004000E-07	1	0	
-2.462436E-06	4	0	
-3.615864E-06	4	8	
-1.113006E-06	4	0	
+1.968480E-07	2	0	
+2.159640E-07	2	0	
+2.162280E-07	2	0	
+2.171820E-07	2	0	
+2.092860E-07	2	0	
+2.180700E-07	2	0	
+2.245380E-07	2	0	
+2.316480E-07	2	0	
+2.364540E-07	2	0	
+2.276760E-07	2	0	
+2.345880E-07	2	0	
+2.464320E-07	2	0	
+2.467980E-07	2	0	
+2.487360E-07	2	0	
+2.460900E-07	2	0	
+2.633760E-07	2	0	
+2.567520E-07	2	0	
+2.363700E-07	2	0	
+2.320380E-07	2	0	
+2.425440E-07	2	0	
+2.575560E-07	2	0	
+2.582220E-07	2	0	
+2.450340E-07	2	0	
+2.540400E-07	2	0	
+2.461200E-07	2	0	
+2.409480E-07	2	0	
+2.603280E-07	2	0	
+2.714274E-06	3	0	
+3.665922E-06	3	8	
+1.479936E-06	3	0	
+2.438460E-07	1	0	
+2.352900E-07	1	0	
+2.476860E-07	1	0	
+2.463480E-07	1	0	
+1.986660E-07	1	0	
+2.007420E-07	1	0	
+2.137260E-07	1	0	
+2.316840E-07	1	0	
+2.237940E-07	1	0	
+2.166060E-07	1	0	
+2.149980E-07	1	0	
+2.257020E-07	1	0	
+2.250780E-07	1	0	
+2.198040E-07	1	0	
+2.269620E-07	1	0	
+2.236020E-07	1	0	
+2.215260E-07	1	0	
+2.350140E-07	1	0	
+2.253180E-07	1	0	
+2.275920E-07	1	0	
+2.157780E-07	1	0	
+2.152860E-07	1	0	
+2.314440E-07	1	0	
+2.252400E-07	1	0	
+2.208900E-07	1	0	
+2.203320E-07	1	0	
+2.277420E-07	1	0	
-2.443008E-06	4	0	
-3.615612E-06	4	8	
-1.073448E-06	4	0	
+2.273160E-07	2	0	
+2.213940E-07	2	0	
+2.290500E-07	2	0	
+2.301300E-07	2	0	
+2.337060E-07	2	0	
+2.138280E-07	2	0	
+2.132220E-07	2	0	
+2.063700E-07	2	0	
+1.860720E-07	2	0	
+2.057880E-07	2	0	
+2.093640E-07	2	0	
+2.161320E-07	2	0	
+2.154240E-07	2	0	
+2.160000E-07	2	0	
+2.262480E-07	2	0	
+2.206320E-07	2	0	
+2.142840E-07	2	0	
+1.966440E-07	2	0	
+2.163480E-07	2	0	
+2.178420E-07	2	0	
+2.205900E-07	2	0	
+2.131200E-07	2	0	
+2.084880E-07	2	0	
+2.187120E-07	2	0	
+2.146320E-07	2	0	
+2.187300E-07	2	0	
+2.191800E-07	2	0	
+2.701470E-06	3	0	
+3.665910E-06	3	8	
+1.461444E-06	3	0	
+2.239200E-07	1	0	
+2.090340E-07	1	0	
+2.127480E-07	1	0	
+2.230260E-07	1	0	
+2.148420E-07	1	0	
+2.094540E-07	1	0	
+2.172120E-07	1	0	
+2.157360E-07	1	0	
+2.102280E-07	1	0	
+2.236320E-07	1	0	
+2.174160E-07	1	0	
+2.312460E-07	1	0	
+2.044320E-07	1	0	
+1.993380E-07	1	0	
+2.095200E-07	1	0	
+2.079300E-07	1	0	
+2.034540E-07	1	0	
+2.102220E-07	1	0	
+2.110020E-07	1	0	
+2.056380E-07	1	0	
+2.077140E-07	1	0	
+2.242320E-07	1	0	
+2.149560E-07	1	0	
+2.106000E-07	1	0	
+2.118900E-07	1	0	
+2.062020E-07	1	0	
+2.256060E-07	1	0	
-2.443368E-06	4	0	
-3.615744E-06	4	8	
-1.087536E-06	4	0	
+2.206380E-07	2	0	
+2.202240E-07	2	0	
+2.232300E-07	2	0	
+2.127600E-07	2	0	
+2.265900E-07	2	0	
+2.200260E-07	2	0	
+2.144880E-07	2	0	
+2.234040E-07	2	0	
+2.325060E-07	2	0	
+2.258820E-07	2	0	
+2.006400E-07	2	0	
+2.020920E-07	2	0	
+2.140140E-07	2	0	
+2.059020E-07	2	0	
+2.105220E-07	2	0	
+1.932180E-07	2	0	
+2.130240E-07	2	0	
+2.220000E-07	2	0	
+2.146020E-07	2	0	
+2.110260E-07	2	0	
+2.177700E-07	2	0	
+2.155920E-07	2	0	
+2.161500E-07	2	0	
+1.999860E-07	2	0	
+2.207700E-07	2	0	
+2.185860E-07	2	0	
+2.207580E-07	2	0	
+2.697204E-06	3	0	
+3.665898E-06	3	8	
+1.464456E-06	3	0	
+2.207280E-07	1	0	
+2.034360E-07	1	0	
+2.058960E-07	1	0	
+1.833900E-07	1	0	
+2.078880E-07	1	0	
+2.137260E-07	1	0	
+1.997340E-07	1	0	
+1.824840E-07	1	0	
+1.786020E-07	1	0	
+2.014860E-07	1	0	
+2.044680E-07	1	0	
+1.961400E-07	1	0	
+2.155920E-07	1	0	
+2.080500E-07	1	0	
+1.886280E-07	1	0	
+1.996860E-07	1	0	
+2.139180E-07	1	0	
+2.052000E-07	1	0	
+2.189160E-07	1	0	
+2.049360E-07	1	0	
+2.001600E-07	1	0	
+2.033760E-07	1	0	
+2.173920E-07	1	0	
+2.102580E-07	1	0	
+1.931520E-07	1	0	
+1.959180E-07	1	0	
+2.034240E-07	1	0	
-2.448936E-06	4	0	
-3.615678E-06	4	8	
-1.106334E-06	4	0	
+1.655100E-07	2	0	
+1.589760E-07	2	0	
+1.243740E-07	2	0	
+1.402800E-07	2	0	
+1.503060E-07	2	0	
+1.430160E-07	2	0	
+1.449660E-07	2	0	
+1.344300E-07	2	0	
+1.484040E-07	2	0	
+1.377000E-07	2	0	
+1.422660E-07	2	0	
+1.538340E-07	2	0	
+1.509540E-07	2	0	
+1.384860E-07	2	0	
+1.724160E-07	2	0	
+1.709760E-07	2	0	
+1.397160E-07	2	0	
+1.422900E-07	2	0	
+1.331160E-07	2	0	
+1.350180E-07	2	0	
+1.545060E-07	2	0	
+1.415340E-07	2	0	
+1.401240E-07	2	0	
+1.333140E-07	2	0	
+1.463400E-07	2	0	
+1.419360E-07	2	0	
+1.507860E-07	2	0	
+2.660358E-06	3	0	
+3.665850E-06	3	8	
+1.398180E-06	3	0	
+1.378920E-07	1	0	
+1.281300E-07	1	0	
+1.397520E-07	1	0	
+1.206540E-07	1	0	
+1.231740E-07	1	0	
+1.683300E-07	1	0	
+1.684440E-07	1	0	
+1.755060E-07	1	0	
+1.948260E-07	1	0	
+1.940580E-07	1	0	
+1.775160E-07	1	0	
+1.682760E-07	1	0	
+1.911900E-07	1	0	
+1.809900E-07	1	0	
+1.903560E-07	1	0	
+1.897020E-07	1	0	
+1.874400E-07	1	0	
+1.927260E-07	1	0	
+1.836540E-07	1	0	
+1.659540E-07	1	0	
+1.698540E-07	1	0	
+1.712160E-07	1	0	
+1.858560E-07	1	0	
+1.803780E-07	1	0	
+1.865640E-07	1	0	
+1.772580E-07	1	0	
+1.692480E-07	1	0	
-2.460360E-06	4	0	
-3.615924E-06	4	8	
-1.117938E-06	4	0	
+1.933440E-07	2	0	
+1.956120E-07	2	0	
+1.891560E-07	2	0	
+1.989660E-07	2	0	
+2.093580E-07	2	0	
+1.728780E-07	2	0	
+1.465380E-07	2	0	
+1.644720E-07	2	0	
+1.493940E-07	2	0	
+1.470600E-07	2	0	
+1.701000E-07	2	0	
+2.005020E-07	2	0	
+1.977480E-07	2	0	
+2.024040E-07	2	0	
+1.983960E-07	2	0	
+1.916220E-07	2	0	
+1.907700E-07	2	0	
+1.959000E-07	2	0	
+2.161200E-07	2	0	
+1.758240E-07	2	0	
+1.909620E-07	2	0	
+2.029320E-07	2	0	
+2.043600E-07	2	0	
+1.993080E-07	2	0	
+2.020920E-07	2	0	
+2.071260E-07	2	0	
+1.846740E-07	2	0	
+2.692482E-06	3	0	
+3.665886E-06	3	8	
+1.436958E-06	3	0	
+1.983300E-07	1	0	
+2.076780E-07	1	0	
+2.076780E-07	1	0	
+2.016660E-07	1	0	
+1.990980E-07	1	0	
+2.015460E-07	1	0	
+2.000520E-07	1	0	
+1.967760E-07	1	0	
+1.867920E-07	1	0	
+1.966560E-07	1	0	
+1.919100E-07	1	0	
+1.846320E-07	1	0	
+1.957380E-07	1	0	
+1.808820E-07	1	0	
+1.954320E-07	1	0	
+2.012280E-07	1	0	
+1.927680E-07	1	0	
+1.854600E-07	1	0	
+1.864740E-07	1	0	
+2.066340E-07	1	0	
+1.883520E-07	1	0	
+2.013720E-07	1	0	
+1.959420E-07	1	0	
+2.106180E-07	1	0	
+2.098560E-07	1	0	
+2.104860E-07	1	0	
+2.002800E-07	1	0	
-2.454222E-06	4	0	
-3.615738E-06	4	8	
-1.090818E-06	4	0	
+1.964760E-07	2	0	
+2.137740E-07	2	0	
+2.165640E-07	2	0	
+2.207100E-07	2	0	
+2.230980E-07	2	0	
+2.266740E-07	2	0	
+2.262600E-07	2	0	
+2.258820E-07	2	0	
+2.381520E-07	2	0	
+2.290080E-07	2	0	
+2.358300E-07	2	0	
+2.366220E-07	2	0	
+2.418480E-07	2	0	
+2.411460E-07	2	0	
+2.447520E-07	2	0	
+2.279760E-07	2	0	
+2.444640E-07	2	0	
+2.343600E-07	2	0	
+2.228640E-07	2	0	
+2.294220E-07	2	0	
+2.299860E-07	2	0	
+2.288520E-07	2	0	
+2.324340E-07	2	0	
+2.351580E-07	2	0	
+2.218620E-07	2	0	
+2.310300E-07	2	0	
+2.349300E-07	2	0	
+2.705220E-06	3	0	
+3.665910E-06	3	8	
+1.462098E-06	3	0	
+2.328960E-07	1	0	
+2.245320E-07	1	0	
+2.205780E-07	1	0	
+2.204880E-07	1	0	
+2.232060E-07	1	0	
+2.131500E-07	1	0	
+2.203500E-07	1	0	
+2.137260E-07	1	0	
+2.099700E-07	1	0	
+2.239380E-07	1	0	
+1.953780E-07	1	0	
+1.827240E-07	1	0	
+1.783020E-07	1	0	
+1.783440E-07	1	0	
+2.020680E-07	1	0	
+2.162220E-07	1	0	
+2.259240E-07	1	0	
+2.295480E-07	1	0	
+2.420940E-07	1	0	
+2.465880E-07	1	0	
+2.425800E-07	1	0	
+2.405940E-07	1	0	
+2.504880E-07	1	0	
+2.373540E-07	1	0	
+2.492460E-07	1	0	
+2.400180E-07	1	0	
+2.363400E-07	1	0	
-2.423478E-06	4	0	
-3.615150E-06	4	8	
-1.057122E-06	4	0	
+2.481540E-07	2	0	
+2.594760E-07	2	0	
+2.567520E-07	2	0	
+2.437440E-07	2	0	
+2.482980E-07	2	0	
+2.437380E-07	2	0	
+2.508780E-07	2	0	
+2.430540E-07	2	0	
+2.561160E-07	2	0	
+2.535120E-07	2	0	
+2.574960E-07	2	0	
+2.471460E-07	2	0	
+2.517720E-07	2	0	
+2.603820E-07	2	0	
+2.428200E-07	2	0	
+2.513280E-07	2	0	
+2.442120E-07	2	0	
+2.447160E-07	2	0	
+2.536620E-07	2	0	
+2.601000E-07	2	0	
+2.614560E-07	2	0	
+2.683980E-07	2	0	
+2.446020E-07	2	0	
+2.554800E-07	2	0	
+2.542860E-07	2	0	
+2.485440E-07	2	0	
+2.587500E-07	2	0	
+2.719452E-06	3	0	
+3.665910E-06	3	8	
+1.502268E-06	3	0	
+2.615280E-07	1	0	
+2.511960E-07	1	0	
+2.385540E-07	1	0	
+2.335740E-07	1	0	
+2.463780E-07	1	0	
+2.459220E-07	1	0	
+2.580720E-07	1	0	
+2.451660E-07	1	0	
+2.112240E-07	1	0	
+1.590600E-07	1	0	
+1.583340E-07	1	0	
+1.651560E-07	1	0	
+1.589520E-07	1	0	
+1.855260E-07	1	0	
+1.693140E-07	1	0	
+1.819740E-07	1	0	
+1.751280E-07	1	0	
+1.838460E-07	1	0	
+1.799100E-07	1	0	
+1.928280E-07	1	0	
+1.724040E-07	1	0	
+2.155740E-07	1	0	
+2.414700E-07	1	0	
+2.360640E-07	1	0	
+2.367540E-07	1	0	
+2.326380E-07	1	0	
+2.410200E-07	1	0	
-2.436312E-06	4	0	
-3.615636E-06	4	8	
-1.083192E-06	4	0	
+2.198160E-07	2	0	
+2.111640E-07	2	0	
+2.171460E-07	2	0	
+2.354160E-07	2	0	
+2.402460E-07	2	0	
+2.507940E-07	2	0	
+2.609280E-07	2	0	
+2.530620E-07	2	0	
+2.435640E-07	2	0	
+2.411880E-07	2	0	
+2.357460E-07	2	0	
+2.356500E-07	2	0	
+2.299860E-07	2	0	
+2.408940E-07	2	0	
+2.337780E-07	2	0	
+2.266320E-07	2	0	
+2.355840E-07	2	0	
+2.247900E-07	2	0	
+2.376720E-07	2	0	
+2.319060E-07	2	0	
+2.326380E-07	2	0	
+2.256420E-07	2	0	
+2.318700E-07	2	0	
+2.286420E-07	2	0	
+2.256180E-07	2	0	
+2.378580E-07	2	0	
+1.866720E-07	2	0	
+2.663166E-06	3	0	
+3.665838E-06	3	8	
+1.380144E-06	3	0	
+1.296360E-07	1	0	
+1.284120E-07	1	0	
+1.304280E-07	1	0	
+1.267980E-07	1	0	
+1.371960E-07	1	0	
+1.628460E-07	1	0	
+1.659300E-07	1	0	
+1.259580E-07	1	0	
+1.285380E-07	1	0	
+1.145940E-07	1	0	
+1.316220E-07	1	0	
+1.277940E-07	1	0	
+1.237680E-07	1	0	
+1.706700E-07	1	0	
+1.803360E-07	1	0	
+1.715520E-07	1	0	
+1.830000E-07	1	0	
+1.749000E-07	1	0	
+1.896960E-07	1	0	
+1.952400E-07	1	0	
+2.004540E-07	1	0	
+1.855560E-07	1	0	
+1.230060E-07	1	0	
+1.156320E-07	1	0	
+1.227780E-07	1	0	
+1.179480E-07	1	0	
+1.232820E-07	1	0	
-2.489514E-06	4	0	
-3.616164E-06	4	8	
-1.167996E-06	4	0	
+1.282080E-07	2	0	
+1.261320E-07	2	0	
+1.350000E-07	2	0	
+1.365480E-07	2	0	
+1.388040E-07	2	0	
+1.401600E-07	2	0	
+1.429980E-07	2	0	
+1.393620E-07	2	0	
+1.357140E-07	2	0	
+1.451400E-07	2	0	
+1.451760E-07	2	0	
+1.306860E-07	2	0	
+1.418760E-07	2	0	
+1.282260E-07	2	0	
+1.755780E-07	2	0	
+2.069220E-07	2	0	
+1.801260E-07	2	0	
+1.525860E-07	2	0	
+1.667700E-07	2	0	
+1.593660E-07	2	0	
+1.686480E-07	2	0	
+1.439640E-07	2	0	
+1.447080E-07	2	0	
+1.840560E-07	2	0	
+1.774260E-07	2	0	
+1.747140E-07	2	0	
+1.734360E-07	2	0	
+2.678832E-06	3	0	
+3.665868E-06	3	8	
+1.433838E-06	3	0	
+1.831440E-07	1	0	
+2.025840E-07	1	0	
+2.076240E-07	1	0	
+2.092080E-07	1	0	
+2.258580E-07	1	0	
+2.133420E-07	1	0	
+1.999740E-07	1	0	
+2.178660E-07	1	0	
+2.266800E-07	1	0	
+2.288880E-07	1	0	
+2.286120E-07	1	0	
+2.288040E-07	1	0	
+2.146680E-07	1	0	
+1.981380E-07	1	0	
+1.895160E-07	1	0	
+1.827720E-07	1	0	
+1.762020E-07	1	0	
+1.803480E-07	1	0	
+1.821420E-07	1	0	
+1.912800E-07	1	0	
+2.032080E-07	1	0	
+2.122620E-07	1	0	
+2.234280E-07	1	0	
+2.218920E-07	1	0	
+1.956780E-07	1	0	
+1.940160E-07	1	0	
+1.951140E-07	1	0	
-2.452320E-06	4	0	
-3.615636E-06	4	8	
-1.101738E-06	4	0	
+1.948860E-07	2	0	
+2.014560E-07	2	0	
+2.221020E-07	2	0	
+2.311380E-07	2	0	
+2.106180E-07	2	0	
+2.137020E-07	2	0	
+2.192700E-07	2	0	
+2.201400E-07	2	0	
+2.024160E-07	2	0	
+1.887480E-07	2	0	
+2.004840E-07	2	0	
+2.184480E-07	2	0	
+2.167140E-07	2	0	
+2.241780E-07	2	0	
+2.188500E-07	2	0	
+2.128200E-07	2	0	
+2.071860E-07	2	0	
+2.117580E-07	2	0	
+2.082120E-07	2	0	
+2.053380E-07	2	0	
+2.107140E-07	2	0	
+1.984920E-07	2	0	
+2.086320E-07	2	0	
+2.037480E-07	2	0	
+2.209500E-07	2	0	
+2.077260E-07	2	0	
+2.103720E-07	2	0	
+2.694384E-06	3	0	
+3.665898E-06	3	8	
+1.440384E-06	3	0	
+1.929180E-07	1	0	
+1.722960E-07	1	0	
+1.774500E-07	1	0	
+1.918560E-07	1	0	
+1.850460E-07	1	0	
+1.836960E-07	1	0	
+1.830420E-07	1	0	
+1.945140E-07	1	0	
+1.926780E-07	1	0	
+1.953060E-07	1	0	
+2.050860E-07	1	0	
+2.040540E-07	1	0	
+2.011680E-07	1	0	
+1.887780E-07	1	0	
+2.023740E-07	1	0	
+2.094300E-07	1	0	
+2.108580E-07	1	0	
+2.221860E-07	1	0	
+2.101800E-07	1	0	
+2.108880E-07	1	0	
+2.034300E-07	1	0	
+2.101860E-07	1	0	
+2.123040E-07	1	0	
+2.148900E-07	1	0	
+2.111160E-07	1	0	
+2.105460E-07	1	0	
+2.163120E-07	1	0	
-2.443674E-06	4	0	
-3.615534E-06	4	8	
-1.086516E-06	4	0	
+2.214240E-07	2	0	
+2.230020E-07	2	0	
+2.114640E-07	2	0	
+2.223000E-07	2	0	
+2.291400E-07	2	0	
+2.331120E-07	2	0	
+2.214480E-07	2	0	
+2.264940E-07	2	0	
+2.355660E-07	2	0	
+2.158080E-07	2	0	
+2.126460E-07	2	0	
+2.246940E-07	2	0	
+2.258820E-07	2	0	
+2.394660E-07	2	0	
+2.256960E-07	2	0	
+2.196600E-07	2	0	
+2.314740E-07	2	0	
+2.280840E-07	2	0	
+2.314620E-07	2	0	
+2.294520E-07	2	0	
+2.052540E-07	2	0	
+2.207460E-07	2	0	
+2.084040E-07	2	0	
+2.092560E-07	2	0	
+2.132940E-07	2	0	
+2.092500E-07	2	0	
+2.087580E-07	2	0	
+2.699598E-06	3	0	
+3.665892E-06	3	8	
+1.468206E-06	3	0	
+2.116740E-07	1	0	
+2.063760E-07	1	0	
+2.088360E-07	1	0	
+2.058300E-07	1	0	
+1.896960E-07	1	0	
+2.056800E-07	1	0	
+2.115480E-07	1	0	
+2.076960E-07	1	0	
+2.166060E-07	1	0	
+2.144700E-07	1	0	
+2.091360E-07	1	0	
+2.087280E-07	1	0	
+2.032320E-07	1	0	
+2.051040E-07	1	0	
+2.194260E-07	1	0	
+2.229000E-07	1	0	
+2.277600E-07	1	0	
+2.169840E-07	1	0	
+2.127000E-07	1	0	
+2.025000E-07	1	0	
+2.148720E-07	1	0	
+1.986240E-07	1	0	
+2.099400E-07	1	0	
+2.113860E-07	1	0	
+2.070780E-07	1	0	
+1.965420E-07	1	0	
+2.324040E-07	1	0	
-2.433330E-06	4	0	
-3.615414E-06	4	8	
-1.093374E-06	4	0	
+2.131500E-07	2	0	
+1.842300E-07	2	0	
+1.755240E-07	2	0	
+1.897980E-07	2	0	
+1.883280E-07	2	0	
+2.545800E-07	2	0	
+2.749740E-07	2	0	
+2.713920E-07	2	0	
+2.817180E-07	2	0	
+2.200560E-07	2	0	
+1.805760E-07	2	0	
+1.683300E-07	2	0	
+1.729440E-07	2	0	
+1.680720E-07	2	0	
+1.645560E-07	2	0	
+1.729140E-07	2	0	
+1.732740E-07	2	0	
+1.718460E-07	2	0	
+1.889040E-07	2	0	
+1.722900E-07	2	0	
+1.829940E-07	2	0	
+1.813200E-07	2	0	
+1.920180E-07	2	0	
+1.935300E-07	2	0	
+1.917360E-07	2	0	
+2.030880E-07	2	0	
+1.893060E-07	2	0	
+2.681820E-06	3	0	
+3.665886E-06	3	8	
+1.440906E-06	3	0	
+1.806120E-07	1	0	
+1.837680E-07	1	0	
+1.916640E-07	1	0	
+2.169240E-07	1	0	
+2.199720E-07	1	0	
+2.076660E-07	1	0	
+2.136360E-07	1	0	
+2.049840E-07	1	0	
+2.070120E-07	1	0	
+2.060760E-07	1	0	
+2.038680E-07	1	0	
+1.995660E-07	1	0	
+2.016120E-07	1	0	
+1.979460E-07	1	0	
+2.183220E-07	1	0	
+2.322720E-07	1	0	
+1.944840E-07	1	0	
+1.969860E-07	1	0	
+2.065320E-07	1	0	
+1.986780E-07	1	0	
+2.066820E-07	1	0	
+1.961940E-07	1	0	
+2.132640E-07	1	0	
+1.981740E-07	1	0	
+2.000700E-07	1	0	
+2.067180E-07	1	0	
+2.079960E-07	1	0	
-2.450862E-06	4	0	
-3.615732E-06	4	8	
-1.105860E-06	4	0	
+2.099580E-07	2	0	
+2.036040E-07	2	0	
+2.127840E-07	2	0	
+2.151240E-07	2	0	
+2.216520E-07	2	0	
+2.251500E-07	2	0	
+2.221920E-07	2	0	
+2.325600E-07	2	0	
+2.189040E-07	2	0	
+2.238600E-07	2	0	
+2.169240E-07	2	0	
+2.275920E-07	2	0	
+2.190420E-07	2	0	
+2.213580E-07	2	0	
+2.198760E-07	2	0	
+2.160180E-07	2	0	
+2.129460E-07	2	0	
+2.154060E-07	2	0	
+2.076660E-07	2	0	
+2.065740E-07	2	0	
+2.007420E-07	2	0	
+2.067540E-07	2	0	
+2.030400E-07	2	0	
+1.964100E-07	2	0	
+2.100000E-07	2	0	
+2.241600E-07	2	0	
+2.208060E-07	2	0	
+2.704272E-06	3	0	
+3.665904E-06	3	8	
