start date: 	2023-08-09
start time: 	16.31.38
stop date: 	2023-08-09
stop time: 	16.52.46
com rel. humid (%):	33.5
com temp (°C):	28.96
cn temp (°C):	31.12
nv temp (°C):	35.28
bvd averages: 	     20
remarks: 	CCC probe connected to GaAs probe, GaAs 8 V+=Yel, V-=Wht, I+=Wht, I-=Blk, B = 11.56 T (84.4 A), Psample = 3.0e-3 mbar, using 4G power supply
R1 Info: 	NIST-QHRGaAs13k-8
R2 Info: 	1215
data filepath: 	M:\MagniconData\CCCViewerData\cccviewer_measure\2023-08-09_CCC\230809_001_1631.txt
config filepath: 	M:\MagniconData\CCCViewerData\cccviewer_measure\2023-08-09_CCC\230809_001_1631_cccdrive.cfg
time base (Hz): 	60
integration time (time base multiples):	60
number of samples per half cycle: 	30
ignored first samples: 	14
ignored last samples: 	0
amplifier gain: 	1000000
delta N1/NA (mTurns): 	24.459551554
delta (I2*R2) (V): 	2.000061037
N1 (Turns):	2065
N2 (Turns):	16
NA (Turns):	1
R1 (Ohm): 	12906.404000
R2 (Ohm): 	100.000000

data(V)	phase	error
+1.327320E-07	1	0	
+1.335360E-07	1	0	
+1.412520E-07	1	0	
+1.524780E-07	1	0	
+1.493340E-07	1	0	
+1.461540E-07	1	0	
+1.370820E-07	1	0	
+1.409820E-07	1	0	
+1.570920E-07	1	0	
+1.465620E-07	1	0	
+1.508220E-07	1	0	
+1.469940E-07	1	0	
+1.370820E-07	1	0	
+1.478100E-07	1	0	
+1.567980E-07	1	0	
+1.468620E-07	1	0	
+1.563960E-07	1	0	
+1.599240E-07	1	0	
+1.505640E-07	1	0	
+1.526220E-07	1	0	
+1.573920E-07	1	0	
+1.639380E-07	1	0	
+1.604520E-07	1	0	
+1.581240E-07	1	0	
+1.607520E-07	1	0	
+1.675980E-07	1	0	
+1.571040E-07	1	0	
+1.579440E-07	1	0	
-2.475606E-06	4	0	
-3.616032E-06	4	8	
-1.138896E-06	4	0	
+1.578720E-07	2	0	
+1.583820E-07	2	0	
+1.601220E-07	2	0	
+1.639560E-07	2	0	
+1.735140E-07	2	0	
+1.771140E-07	2	0	
+1.836600E-07	2	0	
+1.877880E-07	2	0	
+1.761120E-07	2	0	
+1.743960E-07	2	0	
+1.885200E-07	2	0	
+1.866000E-07	2	0	
+1.701900E-07	2	0	
+1.777020E-07	2	0	
+1.788840E-07	2	0	
+1.808100E-07	2	0	
+1.806180E-07	2	0	
+1.774500E-07	2	0	
+1.796460E-07	2	0	
+1.784700E-07	2	0	
+1.909680E-07	2	0	
+1.924920E-07	2	0	
+1.847700E-07	2	0	
+1.790820E-07	2	0	
+1.680180E-07	2	0	
+1.861920E-07	2	0	
+1.803720E-07	2	0	
+2.682102E-06	3	0	
+3.665844E-06	3	8	
+1.441956E-06	3	0	
+1.805040E-07	1	0	
+1.866900E-07	1	0	
+1.781940E-07	1	0	
+1.748760E-07	1	0	
+1.796160E-07	1	0	
+1.673400E-07	1	0	
+1.757820E-07	1	0	
+1.829760E-07	1	0	
+1.809300E-07	1	0	
+1.778220E-07	1	0	
+1.888260E-07	1	0	
+1.836240E-07	1	0	
+1.765980E-07	1	0	
+1.754160E-07	1	0	
+1.760640E-07	1	0	
+1.882440E-07	1	0	
+1.856280E-07	1	0	
+1.710420E-07	1	0	
+1.751100E-07	1	0	
+1.852740E-07	1	0	
+1.790460E-07	1	0	
+1.757040E-07	1	0	
+1.875420E-07	1	0	
+1.799160E-07	1	0	
+1.724520E-07	1	0	
+1.587540E-07	1	0	
+1.699560E-07	1	0	
-2.456502E-06	4	0	
-3.615894E-06	4	8	
-1.128036E-06	4	0	
+1.663500E-07	2	0	
+1.742460E-07	2	0	
+1.793700E-07	2	0	
+1.723320E-07	2	0	
+1.850760E-07	2	0	
+1.809240E-07	2	0	
+1.853280E-07	2	0	
+1.794900E-07	2	0	
+1.747200E-07	2	0	
+1.841700E-07	2	0	
+1.830600E-07	2	0	
+1.819320E-07	2	0	
+1.786260E-07	2	0	
+1.902360E-07	2	0	
+1.867140E-07	2	0	
+1.871700E-07	2	0	
+1.788000E-07	2	0	
+1.750620E-07	2	0	
+1.895160E-07	2	0	
+1.785180E-07	2	0	
+1.789740E-07	2	0	
+1.896240E-07	2	0	
+1.733160E-07	2	0	
+1.869120E-07	2	0	
+1.839540E-07	2	0	
+1.809960E-07	2	0	
+1.878840E-07	2	0	
+2.687706E-06	3	0	
+3.665856E-06	3	8	
+1.442856E-06	3	0	
+2.010000E-07	1	0	
+1.954800E-07	1	0	
+1.856100E-07	1	0	
+1.913520E-07	1	0	
+1.925340E-07	1	0	
+1.881840E-07	1	0	
+1.889820E-07	1	0	
+1.959780E-07	1	0	
+1.954740E-07	1	0	
+1.766220E-07	1	0	
+1.775340E-07	1	0	
+1.796940E-07	1	0	
+1.839840E-07	1	0	
+1.891920E-07	1	0	
+1.842060E-07	1	0	
+1.776000E-07	1	0	
+1.871460E-07	1	0	
+1.763400E-07	1	0	
+1.753800E-07	1	0	
+1.829160E-07	1	0	
+1.887420E-07	1	0	
+1.881180E-07	1	0	
+1.909800E-07	1	0	
+1.962360E-07	1	0	
+1.821600E-07	1	0	
+1.797360E-07	1	0	
+1.975680E-07	1	0	
-2.460930E-06	4	0	
-3.616002E-06	4	8	
-1.127976E-06	4	0	
+1.681560E-07	2	0	
+1.656000E-07	2	0	
+1.687860E-07	2	0	
+1.735140E-07	2	0	
+1.723320E-07	2	0	
+1.795980E-07	2	0	
+1.766040E-07	2	0	
+1.758780E-07	2	0	
+1.794780E-07	2	0	
+1.853700E-07	2	0	
+1.770600E-07	2	0	
+1.809360E-07	2	0	
+1.870320E-07	2	0	
+1.879320E-07	2	0	
+1.775400E-07	2	0	
+1.899180E-07	2	0	
+1.873560E-07	2	0	
+1.927620E-07	2	0	
+1.774680E-07	2	0	
+1.763640E-07	2	0	
+1.890060E-07	2	0	
+1.858680E-07	2	0	
+1.791300E-07	2	0	
+1.887240E-07	2	0	
+1.805880E-07	2	0	
+1.840320E-07	2	0	
+1.798020E-07	2	0	
+2.682978E-06	3	0	
+3.665856E-06	3	8	
+1.442802E-06	3	0	
+1.954140E-07	1	0	
+1.849260E-07	1	0	
+1.847820E-07	1	0	
+1.921920E-07	1	0	
+1.893180E-07	1	0	
+1.907160E-07	1	0	
+1.987140E-07	1	0	
+1.914900E-07	1	0	
+1.849380E-07	1	0	
+1.749960E-07	1	0	
+1.831860E-07	1	0	
+1.904160E-07	1	0	
+1.813560E-07	1	0	
+1.926960E-07	1	0	
+1.854060E-07	1	0	
+1.847760E-07	1	0	
+1.794360E-07	1	0	
+1.854780E-07	1	0	
+1.853160E-07	1	0	
+1.916700E-07	1	0	
+1.875120E-07	1	0	
+1.826280E-07	1	0	
+1.883700E-07	1	0	
+1.748340E-07	1	0	
+1.888440E-07	1	0	
+1.867140E-07	1	0	
+1.993200E-07	1	0	
-2.462742E-06	4	0	
-3.616338E-06	4	8	
-1.179702E-06	4	0	
+1.134960E-07	2	0	
+1.187220E-07	2	0	
+1.349760E-07	2	0	
+1.409820E-07	2	0	
+1.395180E-07	2	0	
+1.285740E-07	2	0	
+9.227400E-08	2	0	
+1.008420E-07	2	0	
+1.015140E-07	2	0	
+1.142160E-07	2	0	
+1.182240E-07	2	0	
+9.461400E-08	2	0	
+1.123140E-07	2	0	
+1.122420E-07	2	0	
+1.261860E-07	2	0	
+1.115940E-07	2	0	
+1.192200E-07	2	0	
+1.160580E-07	2	0	
+1.339680E-07	2	0	
+1.423980E-07	2	0	
+1.542660E-07	2	0	
+1.717620E-07	2	0	
+1.585260E-07	2	0	
+1.650780E-07	2	0	
+1.748700E-07	2	0	
+1.686180E-07	2	0	
+1.690020E-07	2	0	
+2.668626E-06	3	0	
+3.665844E-06	3	8	
+1.427604E-06	3	0	
+1.820280E-07	1	0	
+1.355100E-07	1	0	
+1.340400E-07	1	0	
+4.473600E-08	1	0	
+3.268800E-08	1	0	
+6.885000E-08	1	0	
+7.069800E-08	1	0	
+7.366200E-08	1	0	
+8.067600E-08	1	0	
+7.820400E-08	1	0	
+8.944200E-08	1	0	
+8.053200E-08	1	0	
+7.117200E-08	1	0	
+7.173000E-08	1	0	
+8.284200E-08	1	0	
+7.046400E-08	1	0	
+5.737800E-08	1	0	
+5.323200E-08	1	0	
+6.050400E-08	1	0	
+5.803200E-08	1	0	
+5.640600E-08	1	0	
+6.753000E-08	1	0	
+6.564600E-08	1	0	
+7.512600E-08	1	0	
+7.385400E-08	1	0	
+6.750600E-08	1	0	
+6.940200E-08	1	0	
-2.523498E-06	4	0	
-3.616350E-06	4	8	
-1.197504E-06	4	0	
+6.783000E-08	2	0	
+5.768400E-08	2	0	
+9.118200E-08	2	0	
+1.014120E-07	2	0	
+1.020900E-07	2	0	
+8.262600E-08	2	0	
+9.610200E-08	2	0	
+9.445200E-08	2	0	
+1.050120E-07	2	0	
+1.036800E-07	2	0	
+9.315600E-08	2	0	
+9.903000E-08	2	0	
+9.679800E-08	2	0	
+9.916800E-08	2	0	
+1.021140E-07	2	0	
+8.945400E-08	2	0	
+1.031940E-07	2	0	
+1.087500E-07	2	0	
+1.084920E-07	2	0	
+9.078600E-08	2	0	
+8.116200E-08	2	0	
+9.132000E-08	2	0	
+8.421600E-08	2	0	
+1.036020E-07	2	0	
+9.633600E-08	2	0	
+8.725200E-08	2	0	
+7.448400E-08	2	0	
+2.634144E-06	3	0	
+3.665790E-06	3	8	
+1.369374E-06	3	0	
+1.156380E-07	1	0	
+9.745200E-08	1	0	
+1.090380E-07	1	0	
+9.744600E-08	1	0	
+9.451200E-08	1	0	
+8.892000E-08	1	0	
+1.014120E-07	1	0	
+9.963000E-08	1	0	
+1.170540E-07	1	0	
+1.112100E-07	1	0	
+1.105860E-07	1	0	
+1.181340E-07	1	0	
+1.148220E-07	1	0	
+1.311360E-07	1	0	
+1.301280E-07	1	0	
+1.183680E-07	1	0	
+9.853800E-08	1	0	
+1.008000E-07	1	0	
+1.057020E-07	1	0	
+1.148520E-07	1	0	
+1.236900E-07	1	0	
+1.394280E-07	1	0	
+1.228620E-07	1	0	
+1.291440E-07	1	0	
+1.477560E-07	1	0	
+1.562820E-07	1	0	
+1.479660E-07	1	0	
-2.474772E-06	4	0	
-3.616050E-06	4	8	
-1.133082E-06	4	0	
+1.707420E-07	2	0	
+1.663260E-07	2	0	
+1.757400E-07	2	0	
+1.777020E-07	2	0	
+1.683960E-07	2	0	
+1.745640E-07	2	0	
+1.784400E-07	2	0	
+1.821300E-07	2	0	
+1.865280E-07	2	0	
+1.820760E-07	2	0	
+1.921740E-07	2	0	
+1.913100E-07	2	0	
+1.846980E-07	2	0	
+1.894620E-07	2	0	
+1.877160E-07	2	0	
+1.995960E-07	2	0	
+1.854180E-07	2	0	
+1.901280E-07	2	0	
+1.875600E-07	2	0	
+1.910040E-07	2	0	
+1.929060E-07	2	0	
+1.854600E-07	2	0	
+1.832820E-07	2	0	
+1.888200E-07	2	0	
+1.983480E-07	2	0	
+1.928580E-07	2	0	
+1.966980E-07	2	0	
+2.687706E-06	3	0	
+3.665868E-06	3	8	
+1.446690E-06	3	0	
+2.033760E-07	1	0	
+2.047260E-07	1	0	
+2.116020E-07	1	0	
+2.019180E-07	1	0	
+2.048640E-07	1	0	
+2.055720E-07	1	0	
+2.155140E-07	1	0	
+2.016420E-07	1	0	
+2.066280E-07	1	0	
+1.999200E-07	1	0	
+6.439800E-08	1	0	
+4.760400E-08	1	0	
+6.555000E-08	1	0	
+5.730000E-08	1	0	
+5.201400E-08	1	0	
+6.042000E-08	1	0	
+5.835000E-08	1	0	
+5.023200E-08	1	0	
+4.474200E-08	1	0	
+6.060000E-08	1	0	
+6.578400E-08	1	0	
+5.629200E-08	1	0	
+5.733600E-08	1	0	
+4.801800E-08	1	0	
+7.543200E-08	1	0	
+5.730000E-08	1	0	
+4.341600E-08	1	0	
-2.532300E-06	4	0	
-3.616530E-06	4	8	
-1.239072E-06	4	0	
+5.250600E-08	2	0	
+4.204800E-08	2	0	
+4.974000E-08	2	0	
+4.536600E-08	2	0	
+5.248200E-08	2	0	
+1.066140E-07	2	0	
+1.051380E-07	2	0	
+1.161840E-07	2	0	
+1.205580E-07	2	0	
+1.164480E-07	2	0	
+1.244220E-07	2	0	
+1.301580E-07	2	0	
+1.395240E-07	2	0	
+1.296000E-07	2	0	
+1.366140E-07	2	0	
+1.135680E-07	2	0	
+8.976000E-08	2	0	
+1.027320E-07	2	0	
+1.012860E-07	2	0	
+8.043000E-08	2	0	
+3.001200E-08	2	0	
+4.227000E-08	2	0	
+4.402800E-08	2	0	
+3.734400E-08	2	0	
+3.711000E-08	2	0	
+3.670800E-08	2	0	
+3.846600E-08	2	0	
+2.604138E-06	3	0	
+3.665790E-06	3	8	
+1.383270E-06	3	0	
+5.667000E-08	1	0	
+3.487200E-08	1	0	
+4.401000E-08	1	0	
+3.865800E-08	1	0	
+2.773800E-08	1	0	
+4.209000E-08	1	0	
+3.229200E-08	1	0	
+3.767400E-08	1	0	
+4.430400E-08	1	0	
+4.494000E-08	1	0	
+3.981000E-08	1	0	
+3.268800E-08	1	0	
+3.519000E-08	1	0	
+3.270000E-08	1	0	
+4.380000E-08	1	0	
+3.816000E-08	1	0	
+3.172800E-08	1	0	
+3.036600E-08	1	0	
+3.169200E-08	1	0	
+3.684600E-08	1	0	
+3.775200E-08	1	0	
+2.578200E-08	1	0	
+4.333200E-08	1	0	
+3.333000E-08	1	0	
+3.716400E-08	1	0	
+3.988200E-08	1	0	
+3.693000E-08	1	0	
-2.537670E-06	4	0	
-3.616608E-06	4	8	
-1.254282E-06	4	0	
+2.604000E-08	2	0	
+3.763200E-08	2	0	
+2.574600E-08	2	0	
+3.786000E-08	2	0	
+2.112600E-08	2	0	
+2.807400E-08	2	0	
+2.815800E-08	2	0	
+3.653400E-08	2	0	
+3.976800E-08	2	0	
+3.420600E-08	2	0	
+3.008400E-08	2	0	
+3.582600E-08	2	0	
+3.325200E-08	2	0	
+2.772000E-08	2	0	
+3.549600E-08	2	0	
+3.085200E-08	2	0	
+4.024200E-08	2	0	
+4.011000E-08	2	0	
+4.269000E-08	2	0	
+3.424800E-08	2	0	
+1.186140E-07	2	0	
+1.377240E-07	2	0	
+1.465080E-07	2	0	
+1.539420E-07	2	0	
+1.433760E-07	2	0	
+1.393980E-07	2	0	
+1.314540E-07	2	0	
+2.657946E-06	3	0	
+3.665820E-06	3	8	
+1.398894E-06	3	0	
+9.274200E-08	1	0	
+3.648000E-08	1	0	
+2.541000E-08	1	0	
+1.870800E-08	1	0	
+3.715200E-08	1	0	
+4.756200E-08	1	0	
+4.641000E-08	1	0	
+4.094400E-08	1	0	
+4.789800E-08	1	0	
+4.005600E-08	1	0	
+3.675000E-08	1	0	
+3.093600E-08	1	0	
+3.868800E-08	1	0	
+4.102800E-08	1	0	
+3.834600E-08	1	0	
+3.900000E-08	1	0	
+3.874200E-08	1	0	
+2.356800E-08	1	0	
+2.596800E-08	1	0	
+2.979600E-08	1	0	
+2.623200E-08	1	0	
+5.655000E-08	1	0	
+6.982800E-08	1	0	
+8.387400E-08	1	0	
+7.752000E-08	1	0	
+4.413600E-08	1	0	
+1.136400E-08	1	0	
-2.565828E-06	4	0	
-3.616644E-06	4	8	
-1.267416E-06	4	0	
+1.134000E-09	2	0	
+5.610000E-09	2	0	
+2.982000E-09	2	0	
+1.217400E-08	2	0	
+1.154400E-08	2	0	
+1.348800E-08	2	0	
+1.962000E-09	2	0	
+3.714000E-09	2	0	
-1.242000E-09	2	0	
+1.273200E-08	2	0	
+1.941600E-08	2	0	
-6.960000E-10	2	0	
+1.402200E-08	2	0	
+5.586000E-09	2	0	
+3.009000E-08	2	0	
+5.668800E-08	2	0	
+5.535000E-08	2	0	
+6.102000E-08	2	0	
+6.234000E-08	2	0	
+1.051200E-07	2	0	
+9.863400E-08	2	0	
+1.033860E-07	2	0	
+1.077660E-07	2	0	
+1.100340E-07	2	0	
+1.066260E-07	2	0	
+1.126860E-07	2	0	
+1.006620E-07	2	0	
+2.641494E-06	3	0	
+3.665814E-06	3	8	
+1.382544E-06	3	0	
+1.258500E-07	1	0	
+1.228560E-07	1	0	
+1.326060E-07	1	0	
+1.356900E-07	1	0	
+1.273920E-07	1	0	
+1.192140E-07	1	0	
+1.223940E-07	1	0	
+1.269000E-07	1	0	
+1.326540E-07	1	0	
+1.258020E-07	1	0	
+1.299780E-07	1	0	
+1.312800E-07	1	0	
+1.296660E-07	1	0	
+1.366560E-07	1	0	
+1.234740E-07	1	0	
+1.192320E-07	1	0	
+1.258680E-07	1	0	
+1.267200E-07	1	0	
+1.249140E-07	1	0	
+1.332840E-07	1	0	
+1.230060E-07	1	0	
+1.378860E-07	1	0	
+1.259460E-07	1	0	
+1.260300E-07	1	0	
+1.278660E-07	1	0	
+1.360740E-07	1	0	
+1.368180E-07	1	0	
-2.488692E-06	4	0	
-3.616248E-06	4	8	
-1.165890E-06	4	0	
+1.304940E-07	2	0	
+1.286580E-07	2	0	
+1.257960E-07	2	0	
+1.221660E-07	2	0	
+1.172580E-07	2	0	
+1.239060E-07	2	0	
+1.325820E-07	2	0	
+1.297380E-07	2	0	
+1.308660E-07	2	0	
+1.267020E-07	2	0	
+1.310940E-07	2	0	
+1.254720E-07	2	0	
+1.333440E-07	2	0	
+1.334400E-07	2	0	
+1.374000E-07	2	0	
+1.299720E-07	2	0	
+1.318860E-07	2	0	
+1.321980E-07	2	0	
+1.311060E-07	2	0	
+1.302780E-07	2	0	
+1.244520E-07	2	0	
+1.360140E-07	2	0	
+1.328940E-07	2	0	
+1.356540E-07	2	0	
+1.246500E-07	2	0	
+1.287900E-07	2	0	
+1.184280E-07	2	0	
+2.652204E-06	3	0	
+3.665808E-06	3	8	
+1.389162E-06	3	0	
+1.373940E-07	1	0	
+1.330020E-07	1	0	
+1.311000E-07	1	0	
+1.209600E-07	1	0	
+1.302540E-07	1	0	
+1.117080E-07	1	0	
+1.251300E-07	1	0	
+1.215360E-07	1	0	
+1.201320E-07	1	0	
+1.086900E-07	1	0	
+1.173900E-07	1	0	
+1.129080E-07	1	0	
+1.298100E-07	1	0	
+1.195500E-07	1	0	
+1.243140E-07	1	0	
+1.253040E-07	1	0	
+1.346100E-07	1	0	
+1.369500E-07	1	0	
+1.247280E-07	1	0	
+1.382940E-07	1	0	
+1.306980E-07	1	0	
+1.319040E-07	1	0	
+1.398360E-07	1	0	
+1.199940E-07	1	0	
+1.410240E-07	1	0	
+1.425840E-07	1	0	
+1.317720E-07	1	0	
-2.504646E-06	4	0	
-3.616260E-06	4	8	
-1.165998E-06	4	0	
+1.220340E-07	2	0	
+1.232520E-07	2	0	
+1.275960E-07	2	0	
+1.305840E-07	2	0	
+1.237740E-07	2	0	
+7.959000E-08	2	0	
+8.707800E-08	2	0	
+9.094200E-08	2	0	
+1.018980E-07	2	0	
+1.005540E-07	2	0	
+9.678600E-08	2	0	
+1.116720E-07	2	0	
+9.807600E-08	2	0	
+8.740200E-08	2	0	
+1.020780E-07	2	0	
+1.095840E-07	2	0	
+9.589800E-08	2	0	
+1.119180E-07	2	0	
+1.064400E-07	2	0	
+1.197180E-07	2	0	
+1.260960E-07	2	0	
+1.350960E-07	2	0	
+1.305840E-07	2	0	
+1.291260E-07	2	0	
+1.357140E-07	2	0	
+1.342860E-07	2	0	
+1.385820E-07	2	0	
+2.653362E-06	3	0	
+3.665850E-06	3	8	
+1.420086E-06	3	0	
+1.555740E-07	1	0	
+1.630620E-07	1	0	
+1.707540E-07	1	0	
+1.586520E-07	1	0	
+1.713000E-07	1	0	
+1.591740E-07	1	0	
+1.644180E-07	1	0	
+1.678680E-07	1	0	
+1.631220E-07	1	0	
+1.577040E-07	1	0	
+1.716300E-07	1	0	
+1.627320E-07	1	0	
+1.632240E-07	1	0	
+1.697700E-07	1	0	
+1.648920E-07	1	0	
+1.604100E-07	1	0	
+1.599060E-07	1	0	
+1.669980E-07	1	0	
+1.802520E-07	1	0	
+1.834260E-07	1	0	
+1.803540E-07	1	0	
+1.784340E-07	1	0	
+1.740120E-07	1	0	
+1.816620E-07	1	0	
+1.793340E-07	1	0	
+1.797240E-07	1	0	
+1.816380E-07	1	0	
-2.463744E-06	4	0	
-3.615948E-06	4	8	
-1.121802E-06	4	0	
+1.805040E-07	2	0	
+1.724760E-07	2	0	
+1.760400E-07	2	0	
+1.918200E-07	2	0	
+1.836900E-07	2	0	
+1.867260E-07	2	0	
+1.869360E-07	2	0	
+1.824120E-07	2	0	
+1.856160E-07	2	0	
+1.810440E-07	2	0	
+1.878180E-07	2	0	
+1.845840E-07	2	0	
+1.840680E-07	2	0	
+1.912200E-07	2	0	
+1.869960E-07	2	0	
+1.843740E-07	2	0	
+1.838280E-07	2	0	
+1.813680E-07	2	0	
+1.841460E-07	2	0	
+1.869120E-07	2	0	
+1.757820E-07	2	0	
+1.703940E-07	2	0	
+1.743660E-07	2	0	
+1.867560E-07	2	0	
+1.731480E-07	2	0	
+1.751640E-07	2	0	
+1.773420E-07	2	0	
+2.679276E-06	3	0	
+3.665868E-06	3	8	
+1.435980E-06	3	0	
+1.813080E-07	1	0	
+1.767060E-07	1	0	
+1.832340E-07	1	0	
+1.767000E-07	1	0	
+1.803480E-07	1	0	
+1.733040E-07	1	0	
+1.809120E-07	1	0	
+1.789380E-07	1	0	
+1.177680E-07	1	0	
+5.256600E-08	1	0	
+4.387200E-08	1	0	
+2.993400E-08	1	0	
+2.827800E-08	1	0	
+3.749400E-08	1	0	
+3.088200E-08	1	0	
+3.370800E-08	1	0	
+4.659000E-08	1	0	
+4.341600E-08	1	0	
+3.026400E-08	1	0	
+3.478800E-08	1	0	
+3.524400E-08	1	0	
+3.122400E-08	1	0	
+2.577600E-08	1	0	
+4.908000E-09	1	0	
+1.345800E-08	1	0	
+1.926600E-08	1	0	
+2.544600E-08	1	0	
-2.553396E-06	4	0	
-3.616662E-06	4	8	
-1.270908E-06	4	0	
+1.413600E-08	2	0	
+3.197400E-08	2	0	
+9.702000E-09	2	0	
+3.512400E-08	2	0	
+3.233400E-08	2	0	
+5.422800E-08	2	0	
+7.054800E-08	2	0	
+6.055200E-08	2	0	
+7.161000E-08	2	0	
+5.845800E-08	2	0	
+5.412000E-08	2	0	
+6.190200E-08	2	0	
+2.209800E-08	2	0	
+1.929000E-08	2	0	
+3.828600E-08	2	0	
+3.992400E-08	2	0	
+3.865800E-08	2	0	
+3.328800E-08	2	0	
+2.503200E-08	2	0	
+1.850400E-08	2	0	
+2.755800E-08	2	0	
+1.320000E-08	2	0	
+1.650000E-08	2	0	
+8.022000E-09	2	0	
+1.326000E-08	2	0	
+1.673400E-08	2	0	
+2.029800E-08	2	0	
+2.598792E-06	3	0	
+3.665670E-06	3	8	
+1.298736E-06	3	0	
+3.498600E-08	1	0	
+8.197800E-08	1	0	
+7.495800E-08	1	0	
+7.935600E-08	1	0	
+7.083600E-08	1	0	
+7.342800E-08	1	0	
+8.005200E-08	1	0	
+7.353600E-08	1	0	
+7.451400E-08	1	0	
+8.300400E-08	1	0	
+7.346400E-08	1	0	
+4.651800E-08	1	0	
+4.237800E-08	1	0	
+7.812000E-09	1	0	
-5.508000E-09	1	0	
-9.444000E-09	1	0	
-2.316000E-09	1	0	
-9.264000E-09	1	0	
-2.461800E-08	1	0	
-1.986600E-08	1	0	
-1.984200E-08	1	0	
-1.269000E-08	1	0	
-1.584600E-08	1	0	
-1.470000E-08	1	0	
-2.460000E-09	1	0	
-2.623800E-08	1	0	
-1.898400E-08	1	0	
-2.574714E-06	4	0	
-3.616770E-06	4	8	
-1.290546E-06	4	0	
+2.495400E-08	2	0	
+2.448000E-08	2	0	
+4.781400E-08	2	0	
+3.815400E-08	2	0	
+5.068200E-08	2	0	
+5.212800E-08	2	0	
+4.942200E-08	2	0	
+5.575200E-08	2	0	
+5.940600E-08	2	0	
+5.095800E-08	2	0	
+6.259800E-08	2	0	
+5.274000E-08	2	0	
+2.404800E-08	2	0	
+1.379400E-08	2	0	
+2.209200E-08	2	0	
+2.199000E-08	2	0	
+2.526000E-08	2	0	
-1.716000E-08	2	0	
-3.313800E-08	2	0	
-5.145600E-08	2	0	
-3.273600E-08	2	0	
-3.018000E-08	2	0	
-3.941400E-08	2	0	
-3.627000E-08	2	0	
-2.801400E-08	2	0	
-1.106400E-08	2	0	
-2.938200E-08	2	0	
+2.579244E-06	3	0	
+3.665628E-06	3	8	
+1.297290E-06	3	0	
+6.282000E-09	1	0	
+1.440000E-08	1	0	
+8.640000E-09	1	0	
+2.314800E-08	1	0	
+6.624000E-09	1	0	
+9.858000E-09	1	0	
+1.542000E-08	1	0	
+5.214000E-09	1	0	
+1.529400E-08	1	0	
+2.039400E-08	1	0	
+8.532000E-09	1	0	
+1.878600E-08	1	0	
+1.702200E-08	1	0	
+1.513800E-08	1	0	
+3.271800E-08	1	0	
+4.362000E-09	1	0	
+2.995800E-08	1	0	
+3.376800E-08	1	0	
+3.042000E-08	1	0	
+1.675800E-08	1	0	
+2.533200E-08	1	0	
+1.735200E-08	1	0	
+1.972800E-08	1	0	
+3.082200E-08	1	0	
+3.231000E-08	1	0	
+4.018200E-08	1	0	
+4.525800E-08	1	0	
-2.535942E-06	4	0	
-3.616578E-06	4	8	
-1.251498E-06	4	0	
+1.521600E-08	2	0	
+2.581800E-08	2	0	
+3.534000E-08	2	0	
+4.816200E-08	2	0	
+2.808000E-08	2	0	
+3.816600E-08	2	0	
+3.525600E-08	2	0	
+4.410600E-08	2	0	
+4.999200E-08	2	0	
+3.387600E-08	2	0	
+3.483600E-08	2	0	
+3.276600E-08	2	0	
+3.313800E-08	2	0	
+4.331400E-08	2	0	
+2.916600E-08	2	0	
-2.760000E-10	2	0	
+1.519200E-08	2	0	
+4.170000E-09	2	0	
-4.962000E-09	2	0	
+1.394400E-08	2	0	
+1.269000E-08	2	0	
+8.214000E-09	2	0	
+2.694000E-09	2	0	
+8.868000E-09	2	0	
+1.542000E-09	2	0	
+6.840000E-10	2	0	
+3.294000E-09	2	0	
+2.586876E-06	3	0	
+3.665664E-06	3	8	
+1.290402E-06	3	0	
+1.581000E-08	1	0	
+1.483800E-08	1	0	
+1.608000E-09	1	0	
+1.451400E-08	1	0	
+1.582800E-08	1	0	
+3.120600E-08	1	0	
+2.716200E-08	1	0	
+2.649600E-08	1	0	
+2.821800E-08	1	0	
+2.485800E-08	1	0	
+2.891400E-08	1	0	
+1.781400E-08	1	0	
+3.309600E-08	1	0	
+2.802600E-08	1	0	
+2.713800E-08	1	0	
+3.219600E-08	1	0	
+4.811400E-08	1	0	
+3.746400E-08	1	0	
+2.013600E-08	1	0	
+3.656400E-08	1	0	
+4.039200E-08	1	0	
+4.034400E-08	1	0	
+2.692800E-08	1	0	
+2.832600E-08	1	0	
+8.701200E-08	1	0	
+1.136160E-07	1	0	
+1.041420E-07	1	0	
-2.507940E-06	4	0	
-3.616302E-06	4	8	
-1.182174E-06	4	0	
+1.070400E-07	2	0	
+9.173400E-08	2	0	
+9.607200E-08	2	0	
+9.190800E-08	2	0	
+7.543800E-08	2	0	
+6.089400E-08	2	0	
+6.595800E-08	2	0	
+5.968200E-08	2	0	
+5.936400E-08	2	0	
+6.598200E-08	2	0	
+6.735600E-08	2	0	
+6.441600E-08	2	0	
+5.448600E-08	2	0	
+6.549000E-08	2	0	
+5.776800E-08	2	0	
+7.431600E-08	2	0	
+5.719800E-08	2	0	
+8.409600E-08	2	0	
+7.000800E-08	2	0	
+4.491000E-08	2	0	
+7.764000E-09	2	0	
+3.930600E-08	2	0	
+6.753600E-08	2	0	
+7.626600E-08	2	0	
+7.760400E-08	2	0	
+5.449200E-08	2	0	
-2.316000E-09	2	0	
+2.594646E-06	3	0	
+3.665676E-06	3	8	
+1.316016E-06	3	0	
+2.983200E-08	1	0	
+2.813400E-08	1	0	
+1.378800E-08	1	0	
+2.149800E-08	1	0	
+2.633400E-08	1	0	
+2.571000E-08	1	0	
+2.017800E-08	1	0	
+3.731400E-08	1	0	
+1.561800E-08	1	0	
+2.921400E-08	1	0	
+2.920200E-08	1	0	
+2.742600E-08	1	0	
+2.856000E-08	1	0	
+2.076000E-08	1	0	
+2.822400E-08	1	0	
+2.031000E-08	1	0	
+5.469000E-08	1	0	
+9.313200E-08	1	0	
+1.046940E-07	1	0	
+1.091280E-07	1	0	
+1.120500E-07	1	0	
+1.024080E-07	1	0	
+9.712200E-08	1	0	
+8.953200E-08	1	0	
+9.052200E-08	1	0	
+7.825800E-08	1	0	
+6.727800E-08	1	0	
-2.531820E-06	4	0	
-3.616500E-06	4	8	
-1.163490E-06	4	0	
+1.277100E-07	2	0	
+1.376280E-07	2	0	
+1.379400E-07	2	0	
+1.428180E-07	2	0	
+1.476240E-07	2	0	
+1.520160E-07	2	0	
+1.456080E-07	2	0	
+8.918400E-08	2	0	
+6.694200E-08	2	0	
+6.145200E-08	2	0	
+6.264600E-08	2	0	
+6.547800E-08	2	0	
+8.149200E-08	2	0	
+9.416400E-08	2	0	
+1.090440E-07	2	0	
+9.677400E-08	2	0	
+1.002900E-07	2	0	
+1.166940E-07	2	0	
+1.117380E-07	2	0	
+1.102200E-07	2	0	
+8.931000E-08	2	0	
+9.145200E-08	2	0	
+9.790800E-08	2	0	
+1.008660E-07	2	0	
+9.345000E-08	2	0	
+9.301800E-08	2	0	
+9.315600E-08	2	0	
+2.643078E-06	3	0	
+3.665796E-06	3	8	
+1.369560E-06	3	0	
+1.141980E-07	1	0	
+1.144200E-07	1	0	
+9.770400E-08	1	0	
+7.225200E-08	1	0	
+8.158200E-08	1	0	
+6.488400E-08	1	0	
+7.688400E-08	1	0	
+7.200600E-08	1	0	
+6.828000E-08	1	0	
+7.822800E-08	1	0	
+9.214200E-08	1	0	
+1.317840E-07	1	0	
+1.272420E-07	1	0	
+1.384200E-07	1	0	
+1.424640E-07	1	0	
+1.293000E-07	1	0	
+1.295460E-07	1	0	
+1.036200E-07	1	0	
+1.140300E-07	1	0	
+9.628800E-08	1	0	
+1.064400E-07	1	0	
+1.060740E-07	1	0	
+1.091640E-07	1	0	
+1.516200E-07	1	0	
+1.528980E-07	1	0	
+1.448700E-07	1	0	
+1.491660E-07	1	0	
-2.483160E-06	4	0	
-3.616104E-06	4	8	
-1.165326E-06	4	0	
+1.284000E-07	2	0	
+1.430640E-07	2	0	
+1.351860E-07	2	0	
+1.349220E-07	2	0	
+1.443960E-07	2	0	
+1.458480E-07	2	0	
+1.458600E-07	2	0	
+1.475940E-07	2	0	
+1.390800E-07	2	0	
+1.464480E-07	2	0	
+1.319880E-07	2	0	
+1.509120E-07	2	0	
+1.442340E-07	2	0	
+1.448460E-07	2	0	
+1.498200E-07	2	0	
+1.479660E-07	2	0	
+4.812600E-08	2	0	
+4.798200E-08	2	0	
+4.134600E-08	2	0	
+3.395400E-08	2	0	
+3.909000E-08	2	0	
+4.558800E-08	2	0	
+3.276600E-08	2	0	
+3.342600E-08	2	0	
+4.413600E-08	2	0	
+3.893400E-08	2	0	
+3.514200E-08	2	0	
+2.608008E-06	3	0	
+3.665718E-06	3	8	
+1.319760E-06	3	0	
+5.326200E-08	1	0	
+4.154400E-08	1	0	
+4.208400E-08	1	0	
+4.822200E-08	1	0	
+3.626400E-08	1	0	
+4.302000E-08	1	0	
+3.430800E-08	1	0	
+3.927000E-08	1	0	
+5.068200E-08	1	0	
+4.485600E-08	1	0	
+3.357000E-08	1	0	
+3.787800E-08	1	0	
+3.439800E-08	1	0	
+4.484400E-08	1	0	
+3.083400E-08	1	0	
+3.038400E-08	1	0	
+3.744000E-08	1	0	
+4.768200E-08	1	0	
+3.917400E-08	1	0	
+3.419400E-08	1	0	
+3.409800E-08	1	0	
+2.806800E-08	1	0	
+3.274800E-08	1	0	
+3.856200E-08	1	0	
+4.765200E-08	1	0	
+3.519000E-08	1	0	
+4.336200E-08	1	0	
-2.544864E-06	4	0	
-3.616608E-06	4	8	
-1.249218E-06	4	0	
+2.699400E-08	2	0	
+3.240600E-08	2	0	
+3.583200E-08	2	0	
+4.947000E-08	2	0	
+4.381200E-08	2	0	
+4.574400E-08	2	0	
+4.683000E-08	2	0	
+4.581000E-08	2	0	
+3.819600E-08	2	0	
+4.075200E-08	2	0	
+5.142600E-08	2	0	
+6.107400E-08	2	0	
+5.695200E-08	2	0	
+4.594800E-08	2	0	
+4.810800E-08	2	0	
+5.244000E-08	2	0	
+6.030600E-08	2	0	
+5.476200E-08	2	0	
+4.857000E-08	2	0	
+5.258400E-08	2	0	
+7.014000E-08	2	0	
+1.063380E-07	2	0	
+1.074000E-07	2	0	
+1.126500E-07	2	0	
+1.088340E-07	2	0	
+1.114140E-07	2	0	
+1.020660E-07	2	0	
+2.647746E-06	3	0	
+3.665814E-06	3	8	
+1.383480E-06	3	0	
+1.198980E-07	1	0	
+1.136880E-07	1	0	
+1.198560E-07	1	0	
+1.242300E-07	1	0	
+1.225020E-07	1	0	
+1.240980E-07	1	0	
+1.181340E-07	1	0	
+1.168380E-07	1	0	
+1.149660E-07	1	0	
+1.311420E-07	1	0	
+1.285320E-07	1	0	
+1.317120E-07	1	0	
+1.254300E-07	1	0	
+1.251420E-07	1	0	
+1.210800E-07	1	0	
+1.213920E-07	1	0	
+1.386000E-07	1	0	
+1.320780E-07	1	0	
+1.323780E-07	1	0	
+1.365840E-07	1	0	
+1.328220E-07	1	0	
+1.343340E-07	1	0	
+1.215240E-07	1	0	
+1.259820E-07	1	0	
+1.174800E-07	1	0	
+1.135500E-07	1	0	
+1.049640E-07	1	0	
-2.507988E-06	4	0	
-3.616314E-06	4	8	
-1.185144E-06	4	0	
+9.204000E-08	2	0	
+1.083060E-07	2	0	
+1.116420E-07	2	0	
+9.896400E-08	2	0	
+1.121820E-07	2	0	
+1.139940E-07	2	0	
+1.063020E-07	2	0	
+1.216800E-07	2	0	
+1.155540E-07	2	0	
+1.095660E-07	2	0	
+1.152420E-07	2	0	
+1.367760E-07	2	0	
+1.333020E-07	2	0	
+1.367580E-07	2	0	
+1.086360E-07	2	0	
+6.739200E-08	2	0	
+8.010600E-08	2	0	
+6.169200E-08	2	0	
+6.399600E-08	2	0	
+1.164900E-07	2	0	
+1.344480E-07	2	0	
+1.199280E-07	2	0	
+1.121460E-07	2	0	
+1.180320E-07	2	0	
+1.241280E-07	2	0	
+1.195980E-07	2	0	
+1.233420E-07	2	0	
+2.650464E-06	3	0	
+3.665826E-06	3	8	
+1.382796E-06	3	0	
+1.203360E-07	1	0	
+1.184460E-07	1	0	
+1.118100E-07	1	0	
+1.272780E-07	1	0	
+1.298460E-07	1	0	
+1.289340E-07	1	0	
+1.336140E-07	1	0	
+1.290720E-07	1	0	
+1.320660E-07	1	0	
+1.383900E-07	1	0	
+1.305360E-07	1	0	
+1.253280E-07	1	0	
+1.448100E-07	1	0	
+1.389060E-07	1	0	
+1.228620E-07	1	0	
+1.249860E-07	1	0	
+1.216620E-07	1	0	
+1.128780E-07	1	0	
+1.192140E-07	1	0	
+1.319520E-07	1	0	
+1.272060E-07	1	0	
+1.285500E-07	1	0	
+1.321200E-07	1	0	
+1.250160E-07	1	0	
+1.368720E-07	1	0	
+1.354860E-07	1	0	
+1.337100E-07	1	0	
-2.477628E-06	4	0	
-3.616158E-06	4	8	
-1.156092E-06	4	0	
+1.362840E-07	2	0	
+1.336380E-07	2	0	
+1.453920E-07	2	0	
+1.420200E-07	2	0	
+1.324440E-07	2	0	
+1.531260E-07	2	0	
+1.431720E-07	2	0	
+1.386600E-07	2	0	
+1.337100E-07	2	0	
+1.451580E-07	2	0	
+1.454940E-07	2	0	
+1.474320E-07	2	0	
+1.447260E-07	2	0	
+1.386840E-07	2	0	
+1.498860E-07	2	0	
+1.536660E-07	2	0	
+1.555740E-07	2	0	
+1.581060E-07	2	0	
+1.468320E-07	2	0	
+1.435800E-07	2	0	
+1.475580E-07	2	0	
+1.573620E-07	2	0	
+1.405140E-07	2	0	
+1.412580E-07	2	0	
+1.397640E-07	2	0	
+1.392240E-07	2	0	
+1.468320E-07	2	0	
+2.659194E-06	3	0	
+3.665850E-06	3	8	
