start date: 	2023-08-09
start time: 	17.40.26
stop date: 	2023-08-09
stop time: 	18.01.35
com rel. humid (%):	33.5
com temp (°C):	29.03
cn temp (°C):	31.09
nv temp (°C):	35.25
bvd averages: 	     20
remarks: 	CCC probe connected to GaAs probe, GaAs 8 V+=Yel, V-=Wht, I+=Wht, I-=Blk, B = 11.56 T (84.4 A), Psample = 3.0e-3 mbar, using 4G power supply
R1 Info: 	NIST-QHRGaAs13k-8
R2 Info: 	1215
data filepath: 	M:\MagniconData\CCCViewerData\cccviewer_measure\2023-08-09_CCC\230809_003_1740.txt
config filepath: 	M:\MagniconData\CCCViewerData\cccviewer_measure\2023-08-09_CCC\230809_003_1740_cccdrive.cfg
time base (Hz): 	60
integration time (time base multiples):	60
number of samples per half cycle: 	30
ignored first samples: 	14
ignored last samples: 	0
amplifier gain: 	1000000
delta N1/NA (mTurns): 	24.520586710
delta (I2*R2) (V): 	1.000030519
N1 (Turns):	2065
N2 (Turns):	16
NA (Turns):	1
R1 (Ohm): 	12906.404000
R2 (Ohm): 	100.000000

data(V)	phase	error
+2.895960E-07	1	0	
+2.870160E-07	1	0	
+2.823600E-07	1	0	
+2.901360E-07	1	0	
+2.781960E-07	1	0	
+2.796900E-07	1	0	
+2.786220E-07	1	0	
+2.955420E-07	1	0	
+2.859060E-07	1	0	
+2.838660E-07	1	0	
+2.874780E-07	1	0	
+2.843400E-07	1	0	
+2.781120E-07	1	0	
+2.822220E-07	1	0	
+2.774580E-07	1	0	
+2.829960E-07	1	0	
+2.867160E-07	1	0	
+2.836800E-07	1	0	
+2.815320E-07	1	0	
+2.735100E-07	1	0	
+2.860080E-07	1	0	
+2.888820E-07	1	0	
+2.874420E-07	1	0	
+2.939820E-07	1	0	
+2.883300E-07	1	0	
+2.948820E-07	1	0	
+3.173100E-07	1	0	
+2.971200E-07	1	0	
-1.072908E-06	4	0	
-1.668084E-06	4	0	
-2.963520E-07	4	0	
+3.666360E-07	2	0	
+3.613860E-07	2	0	
+3.602160E-07	2	0	
+3.643980E-07	2	0	
+3.438060E-07	2	0	
+3.837600E-07	2	0	
+4.102920E-07	2	0	
+4.058100E-07	2	0	
+4.070700E-07	2	0	
+4.066140E-07	2	0	
+4.147080E-07	2	0	
+4.143780E-07	2	0	
+4.152000E-07	2	0	
+4.090020E-07	2	0	
+4.075500E-07	2	0	
+4.098240E-07	2	0	
+4.143420E-07	2	0	
+4.139160E-07	2	0	
+4.114740E-07	2	0	
+4.179720E-07	2	0	
+4.164600E-07	2	0	
+4.085160E-07	2	0	
+4.002780E-07	2	0	
+4.059180E-07	2	0	
+4.106460E-07	2	0	
+4.008960E-07	2	0	
+4.045920E-07	2	0	
+1.762158E-06	3	0	
+2.380116E-06	3	0	
+1.046646E-06	3	0	
+3.772740E-07	1	0	
+3.863520E-07	1	0	
+3.855660E-07	1	0	
+3.777900E-07	1	0	
+3.424920E-07	1	0	
+3.069420E-07	1	0	
+3.378240E-07	1	0	
+3.878700E-07	1	0	
+3.903900E-07	1	0	
+3.890580E-07	1	0	
+3.899820E-07	1	0	
+3.506220E-07	1	0	
+3.576000E-07	1	0	
+3.810780E-07	1	0	
+3.625500E-07	1	0	
+3.830340E-07	1	0	
+3.866040E-07	1	0	
+3.776940E-07	1	0	
+3.824280E-07	1	0	
+3.907200E-07	1	0	
+3.978720E-07	1	0	
+2.848320E-07	1	0	
+2.690400E-07	1	0	
+2.829720E-07	1	0	
+2.714580E-07	1	0	
+3.206160E-07	1	0	
+3.427740E-07	1	0	
-1.013598E-06	4	0	
-1.623906E-06	4	0	
-2.927040E-07	4	0	
+3.686700E-07	2	0	
+3.717960E-07	2	0	
+3.753540E-07	2	0	
+3.997800E-07	2	0	
+4.115580E-07	2	0	
+4.236720E-07	2	0	
+4.255980E-07	2	0	
+4.216080E-07	2	0	
+4.170000E-07	2	0	
+4.256940E-07	2	0	
+4.054020E-07	2	0	
+4.158120E-07	2	0	
+4.118820E-07	2	0	
+4.144440E-07	2	0	
+4.212000E-07	2	0	
+4.145280E-07	2	0	
+4.187160E-07	2	0	
+4.171440E-07	2	0	
+4.214400E-07	2	0	
+4.240080E-07	2	0	
+4.077480E-07	2	0	
+4.091760E-07	2	0	
+4.163040E-07	2	0	
+4.163580E-07	2	0	
+4.166760E-07	2	0	
+4.254540E-07	2	0	
+4.176060E-07	2	0	
+1.773174E-06	3	0	
+2.397294E-06	3	0	
+1.056288E-06	3	0	
+3.961440E-07	1	0	
+3.915360E-07	1	0	
+3.948300E-07	1	0	
+4.001940E-07	1	0	
+3.884100E-07	1	0	
+3.893520E-07	1	0	
+3.945600E-07	1	0	
+3.876540E-07	1	0	
+4.002300E-07	1	0	
+3.933660E-07	1	0	
+3.966000E-07	1	0	
+3.888960E-07	1	0	
+3.881460E-07	1	0	
+3.991860E-07	1	0	
+3.999540E-07	1	0	
+3.874440E-07	1	0	
+3.959700E-07	1	0	
+3.933300E-07	1	0	
+3.916560E-07	1	0	
+3.987540E-07	1	0	
+3.961860E-07	1	0	
+3.412800E-07	1	0	
+2.660040E-07	1	0	
+2.541240E-07	1	0	
+2.641680E-07	1	0	
+2.625240E-07	1	0	
+2.545020E-07	1	0	
-1.084230E-06	4	0	
-1.685484E-06	4	0	
-3.526200E-07	4	0	
+3.113700E-07	2	0	
+3.100620E-07	2	0	
+3.142740E-07	2	0	
+3.076140E-07	2	0	
+3.169860E-07	2	0	
+3.122340E-07	2	0	
+3.138960E-07	2	0	
+3.120780E-07	2	0	
+3.150360E-07	2	0	
+3.182220E-07	2	0	
+3.133380E-07	2	0	
+3.254940E-07	2	0	
+3.219360E-07	2	0	
+3.266280E-07	2	0	
+3.265560E-07	2	0	
+3.170940E-07	2	0	
+3.160560E-07	2	0	
+3.341340E-07	2	0	
+3.336960E-07	2	0	
+3.495060E-07	2	0	
+3.473460E-07	2	0	
+3.467040E-07	2	0	
+3.554160E-07	2	0	
+3.411480E-07	2	0	
+3.456360E-07	2	0	
+3.485820E-07	2	0	
+3.429420E-07	2	0	
+1.707768E-06	3	0	
+2.334624E-06	3	0	
+9.828060E-07	3	0	
+3.074100E-07	1	0	
+3.228420E-07	1	0	
+3.201360E-07	1	0	
+3.248220E-07	1	0	
+3.195240E-07	1	0	
+3.244020E-07	1	0	
+3.284760E-07	1	0	
+3.123840E-07	1	0	
+3.205980E-07	1	0	
+3.331680E-07	1	0	
+3.363000E-07	1	0	
+3.353100E-07	1	0	
+3.385380E-07	1	0	
+3.406260E-07	1	0	
+3.367680E-07	1	0	
+3.413040E-07	1	0	
+3.454260E-07	1	0	
+3.448200E-07	1	0	
+3.395760E-07	1	0	
+3.272220E-07	1	0	
+3.382320E-07	1	0	
+3.454020E-07	1	0	
+3.312900E-07	1	0	
+3.388320E-07	1	0	
+3.499860E-07	1	0	
+3.428100E-07	1	0	
+3.468780E-07	1	0	
-1.003902E-06	4	0	
-1.611552E-06	4	0	
-2.693640E-07	4	0	
+3.970320E-07	2	0	
+4.103580E-07	2	0	
+4.065300E-07	2	0	
+3.989520E-07	2	0	
+4.113600E-07	2	0	
+4.144200E-07	2	0	
+4.074600E-07	2	0	
+4.144080E-07	2	0	
+4.110300E-07	2	0	
+4.141140E-07	2	0	
+4.049820E-07	2	0	
+4.070640E-07	2	0	
+4.045980E-07	2	0	
+3.995100E-07	2	0	
+3.993540E-07	2	0	
+3.984720E-07	2	0	
+4.113660E-07	2	0	
+3.961320E-07	2	0	
+3.966660E-07	2	0	
+3.906780E-07	2	0	
+3.997200E-07	2	0	
+3.908160E-07	2	0	
+3.873060E-07	2	0	
+4.005660E-07	2	0	
+4.062900E-07	2	0	
+3.990840E-07	2	0	
+4.097640E-07	2	0	
+1.766112E-06	3	0	
+2.380566E-06	3	0	
+1.038726E-06	3	0	
+3.757680E-07	1	0	
+3.714780E-07	1	0	
+3.656460E-07	1	0	
+3.623160E-07	1	0	
+3.550980E-07	1	0	
+3.667020E-07	1	0	
+3.595560E-07	1	0	
+3.719340E-07	1	0	
+3.621300E-07	1	0	
+3.699300E-07	1	0	
+2.880120E-07	1	0	
+2.877120E-07	1	0	
+2.731440E-07	1	0	
+2.829840E-07	1	0	
+2.827200E-07	1	0	
+2.808540E-07	1	0	
+2.739480E-07	1	0	
+2.713620E-07	1	0	
+2.674260E-07	1	0	
+2.736300E-07	1	0	
+2.686740E-07	1	0	
+2.632320E-07	1	0	
+2.687160E-07	1	0	
+2.698560E-07	1	0	
+2.678940E-07	1	0	
+2.789940E-07	1	0	
+2.668560E-07	1	0	
-1.082004E-06	4	0	
-1.696824E-06	4	0	
-3.464340E-07	4	0	
+2.966280E-07	2	0	
+3.021540E-07	2	0	
+3.065700E-07	2	0	
+3.127020E-07	2	0	
+3.044280E-07	2	0	
+2.987340E-07	2	0	
+2.903280E-07	2	0	
+3.354120E-07	2	0	
+3.364500E-07	2	0	
+3.552240E-07	2	0	
+3.562500E-07	2	0	
+3.629640E-07	2	0	
+3.691920E-07	2	0	
+3.722880E-07	2	0	
+3.657840E-07	2	0	
+3.579060E-07	2	0	
+3.478740E-07	2	0	
+3.583320E-07	2	0	
+3.701520E-07	2	0	
+3.713220E-07	2	0	
+3.759960E-07	2	0	
+3.755460E-07	2	0	
+3.715500E-07	2	0	
+3.835740E-07	2	0	
+3.984540E-07	2	0	
+3.748980E-07	2	0	
+3.847200E-07	2	0	
+1.748730E-06	3	0	
+2.354616E-06	3	0	
+1.017540E-06	3	0	
+3.441000E-07	1	0	
+3.514260E-07	1	0	
+3.545400E-07	1	0	
+3.713160E-07	1	0	
+3.374820E-07	1	0	
+3.460860E-07	1	0	
+3.424980E-07	1	0	
+3.551220E-07	1	0	
+3.657840E-07	1	0	
+3.616080E-07	1	0	
+3.766800E-07	1	0	
+3.743340E-07	1	0	
+3.614040E-07	1	0	
+3.404100E-07	1	0	
+3.357300E-07	1	0	
+3.371220E-07	1	0	
+3.441120E-07	1	0	
+3.477180E-07	1	0	
+3.401640E-07	1	0	
+3.502500E-07	1	0	
+3.536880E-07	1	0	
+3.380220E-07	1	0	
+3.361380E-07	1	0	
+3.396240E-07	1	0	
+3.484320E-07	1	0	
+3.692100E-07	1	0	
+3.811920E-07	1	0	
-9.812940E-07	4	0	
-1.581654E-06	4	0	
-2.486760E-07	4	0	
+4.117260E-07	2	0	
+4.102380E-07	2	0	
+4.131600E-07	2	0	
+4.281240E-07	2	0	
+4.164000E-07	2	0	
+4.218900E-07	2	0	
+4.232460E-07	2	0	
+4.231200E-07	2	0	
+4.237260E-07	2	0	
+4.114140E-07	2	0	
+4.067400E-07	2	0	
+4.117080E-07	2	0	
+4.224540E-07	2	0	
+4.178460E-07	2	0	
+4.127700E-07	2	0	
+4.258140E-07	2	0	
+4.187700E-07	2	0	
+4.267020E-07	2	0	
+4.271100E-07	2	0	
+4.205580E-07	2	0	
+4.263660E-07	2	0	
+4.086420E-07	2	0	
+4.186800E-07	2	0	
+4.338960E-07	2	0	
+4.258560E-07	2	0	
+4.292640E-07	2	0	
+3.251640E-07	2	0	
+1.654944E-06	3	0	
+2.268798E-06	3	0	
+9.305160E-07	3	0	
+2.663820E-07	1	0	
+2.613180E-07	1	0	
+2.704500E-07	1	0	
+2.653320E-07	1	0	
+2.591460E-07	1	0	
+2.702040E-07	1	0	
+2.876880E-07	1	0	
+3.526980E-07	1	0	
+3.555060E-07	1	0	
+3.657000E-07	1	0	
+3.498000E-07	1	0	
+2.881440E-07	1	0	
+2.896920E-07	1	0	
+2.926440E-07	1	0	
+3.057300E-07	1	0	
+3.044160E-07	1	0	
+3.072660E-07	1	0	
+3.230580E-07	1	0	
+3.315720E-07	1	0	
+3.177900E-07	1	0	
+3.438540E-07	1	0	
+3.593400E-07	1	0	
+3.441960E-07	1	0	
+3.074460E-07	1	0	
+2.676420E-07	1	0	
+2.889660E-07	1	0	
+3.186780E-07	1	0	
-1.061694E-06	4	0	
-1.703340E-06	4	0	
-3.480420E-07	4	0	
+2.850480E-07	2	0	
+2.927760E-07	2	0	
+2.815620E-07	2	0	
+2.859420E-07	2	0	
+2.883660E-07	2	0	
+3.016500E-07	2	0	
+2.937600E-07	2	0	
+2.910300E-07	2	0	
+2.886540E-07	2	0	
+2.998440E-07	2	0	
+3.029640E-07	2	0	
+2.926560E-07	2	0	
+2.999040E-07	2	0	
+2.943660E-07	2	0	
+2.916600E-07	2	0	
+3.003600E-07	2	0	
+3.185760E-07	2	0	
+3.114240E-07	2	0	
+2.929500E-07	2	0	
+2.984760E-07	2	0	
+3.015540E-07	2	0	
+3.055680E-07	2	0	
+3.088980E-07	2	0	
+3.011520E-07	2	0	
+3.099840E-07	2	0	
+3.018780E-07	2	0	
+2.926500E-07	2	0	
+1.662330E-06	3	0	
+2.285400E-06	3	0	
+9.420480E-07	3	0	
+2.797680E-07	1	0	
+2.736960E-07	1	0	
+2.630940E-07	1	0	
+2.616060E-07	1	0	
+2.781900E-07	1	0	
+2.724480E-07	1	0	
+2.643600E-07	1	0	
+2.780820E-07	1	0	
+2.913840E-07	1	0	
+2.735460E-07	1	0	
+2.831100E-07	1	0	
+2.599860E-07	1	0	
+2.512020E-07	1	0	
+2.691960E-07	1	0	
+2.566740E-07	1	0	
+2.536260E-07	1	0	
+2.613720E-07	1	0	
+2.457420E-07	1	0	
+2.618280E-07	1	0	
+2.596620E-07	1	0	
+2.476380E-07	1	0	
+2.403000E-07	1	0	
+2.401800E-07	1	0	
+2.249160E-07	1	0	
+2.437200E-07	1	0	
+2.363280E-07	1	0	
+2.412600E-07	1	0	
-1.119864E-06	4	0	
-1.733670E-06	4	0	
-3.932580E-07	4	0	
+2.616360E-07	2	0	
+2.688540E-07	2	0	
+2.707080E-07	2	0	
+2.632320E-07	2	0	
+2.796660E-07	2	0	
+2.665740E-07	2	0	
+2.691180E-07	2	0	
+2.715840E-07	2	0	
+2.652120E-07	2	0	
+2.669520E-07	2	0	
+2.736180E-07	2	0	
+2.609520E-07	2	0	
+2.684640E-07	2	0	
+2.668440E-07	2	0	
+2.616120E-07	2	0	
+2.633160E-07	2	0	
+2.530740E-07	2	0	
+2.510280E-07	2	0	
+2.675400E-07	2	0	
+2.515680E-07	2	0	
+2.484720E-07	2	0	
+2.627820E-07	2	0	
+2.614680E-07	2	0	
+2.611500E-07	2	0	
+2.709120E-07	2	0	
+2.745900E-07	2	0	
+2.653020E-07	2	0	
+1.639056E-06	3	0	
+2.249682E-06	3	0	
+9.040320E-07	3	0	
+2.465100E-07	1	0	
+2.391600E-07	1	0	
+2.288520E-07	1	0	
+2.237940E-07	1	0	
+2.432460E-07	1	0	
+2.254800E-07	1	0	
+2.445120E-07	1	0	
+2.350980E-07	1	0	
+2.397660E-07	1	0	
+2.569860E-07	1	0	
+2.409000E-07	1	0	
+2.649660E-07	1	0	
+2.753100E-07	1	0	
+2.694960E-07	1	0	
+2.839380E-07	1	0	
+2.920200E-07	1	0	
+2.845560E-07	1	0	
+2.859300E-07	1	0	
+2.996580E-07	1	0	
+3.111660E-07	1	0	
+2.982600E-07	1	0	
+3.033600E-07	1	0	
+3.114600E-07	1	0	
+3.268560E-07	1	0	
+3.198420E-07	1	0	
+3.203640E-07	1	0	
+3.389640E-07	1	0	
-1.022088E-06	4	0	
-1.634562E-06	4	0	
-2.966700E-07	4	0	
+3.678480E-07	2	0	
+3.692100E-07	2	0	
+3.712500E-07	2	0	
+3.609900E-07	2	0	
+3.730320E-07	2	0	
+3.829260E-07	2	0	
+3.761040E-07	2	0	
+3.843660E-07	2	0	
+3.801180E-07	2	0	
+3.799440E-07	2	0	
+3.796320E-07	2	0	
+3.830820E-07	2	0	
+3.780060E-07	2	0	
+3.762000E-07	2	0	
+3.765480E-07	2	0	
+3.806340E-07	2	0	
+3.784380E-07	2	0	
+3.726180E-07	2	0	
+3.856260E-07	2	0	
+3.853620E-07	2	0	
+3.788400E-07	2	0	
+3.709380E-07	2	0	
+3.808440E-07	2	0	
+3.563160E-07	2	0	
+3.654420E-07	2	0	
+3.765900E-07	2	0	
+3.678840E-07	2	0	
+1.742850E-06	3	0	
+2.349876E-06	3	0	
+1.006980E-06	3	0	
+3.461880E-07	1	0	
+3.505080E-07	1	0	
+3.502920E-07	1	0	
+3.491640E-07	1	0	
+3.609660E-07	1	0	
+3.610860E-07	1	0	
+3.562200E-07	1	0	
+3.638760E-07	1	0	
+3.510240E-07	1	0	
+3.503400E-07	1	0	
+3.433080E-07	1	0	
+3.390540E-07	1	0	
+2.630520E-07	1	0	
+2.527200E-07	1	0	
+3.151020E-07	1	0	
+3.413760E-07	1	0	
+3.456840E-07	1	0	
+3.424740E-07	1	0	
+3.355860E-07	1	0	
+3.345240E-07	1	0	
+3.438120E-07	1	0	
+3.331200E-07	1	0	
+3.508260E-07	1	0	
+3.594360E-07	1	0	
+3.653820E-07	1	0	
+3.557940E-07	1	0	
+3.575820E-07	1	0	
-9.891780E-07	4	0	
-1.612806E-06	4	0	
-2.790060E-07	4	0	
+3.940980E-07	2	0	
+3.969840E-07	2	0	
+3.928380E-07	2	0	
+3.862200E-07	2	0	
+3.882840E-07	2	0	
+3.983280E-07	2	0	
+4.006860E-07	2	0	
+3.967080E-07	2	0	
+3.999000E-07	2	0	
+3.908040E-07	2	0	
+4.100160E-07	2	0	
+4.027860E-07	2	0	
+3.944340E-07	2	0	
+3.934680E-07	2	0	
+4.000920E-07	2	0	
+3.975480E-07	2	0	
+3.919320E-07	2	0	
+4.026360E-07	2	0	
+3.960300E-07	2	0	
+4.120260E-07	2	0	
+4.101060E-07	2	0	
+4.064160E-07	2	0	
+4.021680E-07	2	0	
+4.071960E-07	2	0	
+4.006020E-07	2	0	
+4.060080E-07	2	0	
+3.839760E-07	2	0	
+1.761000E-06	3	0	
+2.381346E-06	3	0	
+1.045944E-06	3	0	
+3.964620E-07	1	0	
+3.849120E-07	1	0	
+3.779400E-07	1	0	
+3.838500E-07	1	0	
+3.494040E-07	1	0	
+3.439080E-07	1	0	
+3.515040E-07	1	0	
+3.360180E-07	1	0	
+3.512460E-07	1	0	
+3.717600E-07	1	0	
+3.678600E-07	1	0	
+3.638700E-07	1	0	
+3.605280E-07	1	0	
+3.400620E-07	1	0	
+3.584220E-07	1	0	
+3.569160E-07	1	0	
+3.787800E-07	1	0	
+3.704160E-07	1	0	
+3.652620E-07	1	0	
+3.638100E-07	1	0	
+3.706620E-07	1	0	
+3.711000E-07	1	0	
+3.674460E-07	1	0	
+3.508380E-07	1	0	
+3.476340E-07	1	0	
+3.450660E-07	1	0	
+3.577020E-07	1	0	
-9.881520E-07	4	0	
-1.607148E-06	4	0	
-2.657880E-07	4	0	
+3.958800E-07	2	0	
+3.925980E-07	2	0	
+3.978840E-07	2	0	
+4.032480E-07	2	0	
+4.107480E-07	2	0	
+4.109160E-07	2	0	
+4.006740E-07	2	0	
+4.037340E-07	2	0	
+4.164780E-07	2	0	
+4.093860E-07	2	0	
+3.983880E-07	2	0	
+3.975900E-07	2	0	
+4.099500E-07	2	0	
+4.011660E-07	2	0	
+3.867060E-07	2	0	
+3.844380E-07	2	0	
+3.780480E-07	2	0	
+3.913320E-07	2	0	
+3.902340E-07	2	0	
+3.921720E-07	2	0	
+2.987220E-07	2	0	
+2.802720E-07	2	0	
+2.847120E-07	2	0	
+2.815500E-07	2	0	
+2.967120E-07	2	0	
+2.853120E-07	2	0	
+2.928420E-07	2	0	
+1.647060E-06	3	0	
+2.260956E-06	3	0	
+9.219840E-07	3	0	
+2.680140E-07	1	0	
+2.477160E-07	1	0	
+2.526600E-07	1	0	
+2.584260E-07	1	0	
+2.389200E-07	1	0	
+2.465820E-07	1	0	
+2.516640E-07	1	0	
+2.556000E-07	1	0	
+2.583240E-07	1	0	
+2.491800E-07	1	0	
+2.570700E-07	1	0	
+2.592480E-07	1	0	
+2.575680E-07	1	0	
+2.594640E-07	1	0	
+2.578860E-07	1	0	
+2.500920E-07	1	0	
+2.516280E-07	1	0	
+2.935980E-07	1	0	
+2.989920E-07	1	0	
+2.893380E-07	1	0	
+2.813700E-07	1	0	
+2.893380E-07	1	0	
+2.768220E-07	1	0	
+2.599020E-07	1	0	
+2.582700E-07	1	0	
+2.722200E-07	1	0	
+2.846940E-07	1	0	
-1.071450E-06	4	0	
-1.684770E-06	4	0	
-3.600000E-07	4	0	
+2.983140E-07	2	0	
+2.989200E-07	2	0	
+2.852940E-07	2	0	
+2.829240E-07	2	0	
+2.722380E-07	2	0	
+2.754780E-07	2	0	
+2.859540E-07	2	0	
+2.719980E-07	2	0	
+2.820960E-07	2	0	
+2.745660E-07	2	0	
+2.782980E-07	2	0	
+2.860500E-07	2	0	
+2.704320E-07	2	0	
+2.709360E-07	2	0	
+3.057600E-07	2	0	
+2.998440E-07	2	0	
+3.177960E-07	2	0	
+3.015540E-07	2	0	
+2.848140E-07	2	0	
+2.705640E-07	2	0	
+2.715660E-07	2	0	
+2.789400E-07	2	0	
+2.734560E-07	2	0	
+2.788380E-07	2	0	
+2.814540E-07	2	0	
+2.984040E-07	2	0	
+2.992920E-07	2	0	
+1.667454E-06	3	0	
+2.285916E-06	3	0	
+9.531960E-07	3	0	
+2.786460E-07	1	0	
+2.578140E-07	1	0	
+2.636100E-07	1	0	
+2.679180E-07	1	0	
+2.668500E-07	1	0	
+2.625840E-07	1	0	
+2.716200E-07	1	0	
+2.692080E-07	1	0	
+2.691420E-07	1	0	
+2.751120E-07	1	0	
+2.884440E-07	1	0	
+2.825940E-07	1	0	
+2.721660E-07	1	0	
+2.681760E-07	1	0	
+2.532240E-07	1	0	
+2.583480E-07	1	0	
+2.523240E-07	1	0	
+2.665140E-07	1	0	
+2.585460E-07	1	0	
+2.452560E-07	1	0	
+2.449080E-07	1	0	
+2.507340E-07	1	0	
+2.525640E-07	1	0	
+2.486100E-07	1	0	
+2.581140E-07	1	0	
+2.702520E-07	1	0	
+2.730060E-07	1	0	
-1.091844E-06	4	0	
-1.693596E-06	4	0	
-3.549960E-07	4	0	
+2.949900E-07	2	0	
+2.896260E-07	2	0	
+2.944500E-07	2	0	
+2.829060E-07	2	0	
+2.843100E-07	2	0	
+2.833440E-07	2	0	
+2.867940E-07	2	0	
+2.902380E-07	2	0	
+2.855220E-07	2	0	
+2.818740E-07	2	0	
+2.814540E-07	2	0	
+2.769780E-07	2	0	
+2.662440E-07	2	0	
+2.788980E-07	2	0	
+2.877600E-07	2	0	
+2.854080E-07	2	0	
+2.778660E-07	2	0	
+2.826900E-07	2	0	
+2.887560E-07	2	0	
+3.041520E-07	2	0	
+3.030780E-07	2	0	
+2.946480E-07	2	0	
+3.121440E-07	2	0	
+3.070500E-07	2	0	
+2.889300E-07	2	0	
+2.801520E-07	2	0	
+2.880180E-07	2	0	
+1.639956E-06	3	0	
+2.260674E-06	3	0	
+9.234300E-07	3	0	
+2.639700E-07	1	0	
+2.617740E-07	1	0	
+2.711460E-07	1	0	
+2.660520E-07	1	0	
+2.829060E-07	1	0	
+2.766780E-07	1	0	
+2.728380E-07	1	0	
+2.730540E-07	1	0	
+2.740200E-07	1	0	
+2.769240E-07	1	0	
+2.800740E-07	1	0	
+2.819220E-07	1	0	
+2.835300E-07	1	0	
+2.867580E-07	1	0	
+2.792160E-07	1	0	
+2.778060E-07	1	0	
+2.863260E-07	1	0	
+2.943660E-07	1	0	
+2.865540E-07	1	0	
+2.868120E-07	1	0	
+2.667000E-07	1	0	
+2.823300E-07	1	0	
+2.816280E-07	1	0	
+3.100560E-07	1	0	
+2.904600E-07	1	0	
+2.935020E-07	1	0	
+3.003720E-07	1	0	
-1.057140E-06	4	0	
-1.679394E-06	4	0	
-3.293820E-07	4	0	
+3.244920E-07	2	0	
+3.228780E-07	2	0	
+3.274320E-07	2	0	
+3.402600E-07	2	0	
+3.253920E-07	2	0	
+2.933880E-07	2	0	
+2.919840E-07	2	0	
+2.953680E-07	2	0	
+2.836560E-07	2	0	
+2.864220E-07	2	0	
+2.855640E-07	2	0	
+3.002400E-07	2	0	
+3.005280E-07	2	0	
+2.821620E-07	2	0	
+2.938440E-07	2	0	
+2.945640E-07	2	0	
+2.845200E-07	2	0	
+2.923440E-07	2	0	
+2.886000E-07	2	0	
+2.946600E-07	2	0	
+3.051960E-07	2	0	
+2.914380E-07	2	0	
+2.857080E-07	2	0	
+2.832780E-07	2	0	
+2.904360E-07	2	0	
+2.980320E-07	2	0	
+2.993640E-07	2	0	
+1.654902E-06	3	0	
+2.255898E-06	3	0	
+9.128100E-07	3	0	
+2.681640E-07	1	0	
+2.662560E-07	1	0	
+2.561040E-07	1	0	
+2.571240E-07	1	0	
+2.522640E-07	1	0	
+2.502480E-07	1	0	
+2.606160E-07	1	0	
+2.660820E-07	1	0	
+2.778960E-07	1	0	
+2.766960E-07	1	0	
+2.615940E-07	1	0	
+2.624880E-07	1	0	
+2.525400E-07	1	0	
+2.630340E-07	1	0	
+2.802540E-07	1	0	
+2.672580E-07	1	0	
+2.577900E-07	1	0	
+2.404200E-07	1	0	
+2.313300E-07	1	0	
+2.365980E-07	1	0	
+2.531760E-07	1	0	
+2.911380E-07	1	0	
+2.882880E-07	1	0	
+2.823360E-07	1	0	
+2.659200E-07	1	0	
+2.886840E-07	1	0	
+2.707440E-07	1	0	
-1.095582E-06	4	0	
-1.710558E-06	4	0	
-3.620280E-07	4	0	
+2.909220E-07	2	0	
+2.964240E-07	2	0	
+2.954820E-07	2	0	
+2.730420E-07	2	0	
+2.669040E-07	2	0	
+2.807160E-07	2	0	
+3.026580E-07	2	0	
+2.857800E-07	2	0	
+2.864940E-07	2	0	
+2.902980E-07	2	0	
+2.770860E-07	2	0	
+2.779500E-07	2	0	
+2.762220E-07	2	0	
+2.816220E-07	2	0	
+2.785860E-07	2	0	
+2.868180E-07	2	0	
+2.947620E-07	2	0	
+2.910900E-07	2	0	
+2.898360E-07	2	0	
+3.046980E-07	2	0	
+2.979120E-07	2	0	
+2.847480E-07	2	0	
+2.977860E-07	2	0	
+3.048000E-07	2	0	
+3.049260E-07	2	0	
+3.059760E-07	2	0	
+2.975460E-07	2	0	
+1.670622E-06	3	0	
+2.274132E-06	3	0	
+9.310500E-07	3	0	
+2.714220E-07	1	0	
+2.762460E-07	1	0	
+2.803740E-07	1	0	
+2.737500E-07	1	0	
+2.689740E-07	1	0	
+2.698080E-07	1	0	
+2.608200E-07	1	0	
+2.513040E-07	1	0	
+2.621880E-07	1	0	
+2.746380E-07	1	0	
+2.640480E-07	1	0	
+2.677080E-07	1	0	
+2.730660E-07	1	0	
+2.644200E-07	1	0	
+2.560920E-07	1	0	
+2.704800E-07	1	0	
+2.583900E-07	1	0	
+2.564580E-07	1	0	
+2.650380E-07	1	0	
+2.580060E-07	1	0	
+2.676060E-07	1	0	
+2.659500E-07	1	0	
+2.610600E-07	1	0	
+2.625960E-07	1	0	
+2.572920E-07	1	0	
+2.885340E-07	1	0	
+2.845860E-07	1	0	
-1.084278E-06	4	0	
-1.675188E-06	4	0	
-3.597540E-07	4	0	
+3.071220E-07	2	0	
+3.045480E-07	2	0	
+3.034020E-07	2	0	
+3.173280E-07	2	0	
+3.149640E-07	2	0	
+3.158640E-07	2	0	
+3.164580E-07	2	0	
+3.280740E-07	2	0	
+3.209460E-07	2	0	
+3.269100E-07	2	0	
+3.034140E-07	2	0	
+3.134760E-07	2	0	
+3.108720E-07	2	0	
+3.085560E-07	2	0	
+3.202440E-07	2	0	
+3.156900E-07	2	0	
+3.163920E-07	2	0	
+3.080160E-07	2	0	
+3.268920E-07	2	0	
+3.321000E-07	2	0	
+3.257820E-07	2	0	
+3.277260E-07	2	0	
+3.293340E-07	2	0	
+3.160500E-07	2	0	
+3.274680E-07	2	0	
+3.333540E-07	2	0	
+3.231840E-07	2	0	
+1.665630E-06	3	0	
+2.297460E-06	3	0	
+9.543420E-07	3	0	
+3.007200E-07	1	0	
+2.850660E-07	1	0	
+2.806140E-07	1	0	
+2.881980E-07	1	0	
+2.980080E-07	1	0	
+3.038100E-07	1	0	
+3.027840E-07	1	0	
+2.808000E-07	1	0	
+2.887620E-07	1	0	
+2.860080E-07	1	0	
+2.867760E-07	1	0	
+2.984340E-07	1	0	
+2.991780E-07	1	0	
+3.015300E-07	1	0	
+2.961360E-07	1	0	
+2.928480E-07	1	0	
+2.908260E-07	1	0	
+2.909640E-07	1	0	
+2.895180E-07	1	0	
+2.956860E-07	1	0	
+2.981340E-07	1	0	
+2.756400E-07	1	0	
+2.516640E-07	1	0	
+2.605080E-07	1	0	
+2.570220E-07	1	0	
+2.606220E-07	1	0	
+2.496060E-07	1	0	
-1.097112E-06	4	0	
-1.713516E-06	4	0	
-3.732360E-07	4	0	
+2.793900E-07	2	0	
+2.863200E-07	2	0	
+2.857560E-07	2	0	
+2.924940E-07	2	0	
+2.931840E-07	2	0	
+2.937120E-07	2	0	
+2.868360E-07	2	0	
+2.882400E-07	2	0	
+2.964780E-07	2	0	
+2.888880E-07	2	0	
+2.933760E-07	2	0	
+3.054960E-07	2	0	
+2.951700E-07	2	0	
+3.076260E-07	2	0	
+3.077520E-07	2	0	
+2.988960E-07	2	0	
+2.833680E-07	2	0	
+2.980800E-07	2	0	
+3.058260E-07	2	0	
+3.022320E-07	2	0	
+3.111660E-07	2	0	
+3.053820E-07	2	0	
+3.012000E-07	2	0	
+2.917740E-07	2	0	
+3.079200E-07	2	0	
+3.032520E-07	2	0	
+2.875200E-07	2	0	
+1.665324E-06	3	0	
+2.285424E-06	3	0	
+9.557880E-07	3	0	
+2.908920E-07	1	0	
+2.942580E-07	1	0	
+2.955420E-07	1	0	
+2.828340E-07	1	0	
+2.984520E-07	1	0	
+2.966100E-07	1	0	
+2.903820E-07	1	0	
+2.619420E-07	1	0	
+2.514600E-07	1	0	
+2.644920E-07	1	0	
+2.716860E-07	1	0	
+2.635680E-07	1	0	
+2.680080E-07	1	0	
+2.623620E-07	1	0	
+2.742000E-07	1	0	
+2.758920E-07	1	0	
+2.848440E-07	1	0	
+2.993100E-07	1	0	
+2.911980E-07	1	0	
+2.916420E-07	1	0	
+2.866800E-07	1	0	
+2.815080E-07	1	0	
+2.925360E-07	1	0	
+2.913660E-07	1	0	
+2.780880E-07	1	0	
+2.948760E-07	1	0	
+2.893140E-07	1	0	
-1.068024E-06	4	0	
-1.679028E-06	4	0	
-3.399240E-07	4	0	
+3.235980E-07	2	0	
+3.310260E-07	2	0	
+3.138120E-07	2	0	
+3.104700E-07	2	0	
+3.270600E-07	2	0	
+3.158520E-07	2	0	
+3.026400E-07	2	0	
+3.141240E-07	2	0	
+3.252360E-07	2	0	
+3.205920E-07	2	0	
+3.094560E-07	2	0	
+3.236880E-07	2	0	
+3.264120E-07	2	0	
+3.173580E-07	2	0	
+3.103380E-07	2	0	
+3.195780E-07	2	0	
+3.152100E-07	2	0	
+3.190380E-07	2	0	
+3.066900E-07	2	0	
+3.207000E-07	2	0	
+3.269400E-07	2	0	
+3.254700E-07	2	0	
+3.334620E-07	2	0	
+3.286380E-07	2	0	
+3.254580E-07	2	0	
+3.335460E-07	2	0	
+3.208200E-07	2	0	
+1.677540E-06	3	0	
+2.287332E-06	3	0	
+9.398340E-07	3	0	
+2.819760E-07	1	0	
+2.850120E-07	1	0	
+2.893500E-07	1	0	
+2.840820E-07	1	0	
+2.819760E-07	1	0	
+2.928600E-07	1	0	
+3.020340E-07	1	0	
+2.835060E-07	1	0	
+2.918400E-07	1	0	
+2.859060E-07	1	0	
+2.919120E-07	1	0	
+2.855340E-07	1	0	
+2.814960E-07	1	0	
+2.907120E-07	1	0	
+2.837700E-07	1	0	
+2.831160E-07	1	0	
+2.785680E-07	1	0	
+2.895240E-07	1	0	
+2.867040E-07	1	0	
+2.898120E-07	1	0	
+2.654400E-07	1	0	
+2.698260E-07	1	0	
+2.692920E-07	1	0	
+2.717820E-07	1	0	
+2.671440E-07	1	0	
+2.667660E-07	1	0	
+2.738460E-07	1	0	
-1.086078E-06	4	0	
-1.687914E-06	4	0	
-3.562080E-07	4	0	
+3.231540E-07	2	0	
+3.133680E-07	2	0	
+3.143580E-07	2	0	
+3.103680E-07	2	0	
+3.164820E-07	2	0	
+3.192000E-07	2	0	
+3.184860E-07	2	0	
+3.157680E-07	2	0	
+3.184140E-07	2	0	
+3.121020E-07	2	0	
+3.082260E-07	2	0	
+3.189660E-07	2	0	
+3.191100E-07	2	0	
+2.841720E-07	2	0	
+2.944560E-07	2	0	
+2.982900E-07	2	0	
+2.979360E-07	2	0	
+2.965200E-07	2	0	
+2.945460E-07	2	0	
+3.130020E-07	2	0	
+3.061860E-07	2	0	
+3.070680E-07	2	0	
+2.973360E-07	2	0	
+3.036240E-07	2	0	
+3.085980E-07	2	0	
+3.160020E-07	2	0	
+3.253740E-07	2	0	
+1.680576E-06	3	0	
+2.300880E-06	3	0	
+9.523260E-07	3	0	
+2.970900E-07	1	0	
+2.974860E-07	1	0	
+2.826180E-07	1	0	
+2.781480E-07	1	0	
+2.779620E-07	1	0	
+2.883480E-07	1	0	
+2.927580E-07	1	0	
+2.950500E-07	1	0	
+2.808840E-07	1	0	
+2.951160E-07	1	0	
+2.880060E-07	1	0	
+2.880300E-07	1	0	
+2.744340E-07	1	0	
+2.745420E-07	1	0	
+2.846100E-07	1	0	
+2.976480E-07	1	0	
+2.853420E-07	1	0	
+2.769900E-07	1	0	
+2.882400E-07	1	0	
+2.867160E-07	1	0	
+2.858340E-07	1	0	
+2.849880E-07	1	0	
+2.744340E-07	1	0	
+2.694480E-07	1	0	
+2.678580E-07	1	0	
+2.626860E-07	1	0	
+2.817780E-07	1	0	
-1.071654E-06	4	0	
-1.708938E-06	4	0	
-3.674700E-07	4	0	
+2.916000E-07	2	0	
+3.056100E-07	2	0	
+2.977320E-07	2	0	
+2.959020E-07	2	0	
+2.931300E-07	2	0	
+2.968980E-07	2	0	
+2.976840E-07	2	0	
+2.936880E-07	2	0	
+3.005400E-07	2	0	
+2.938020E-07	2	0	
+2.793240E-07	2	0	
+2.882100E-07	2	0	
+2.943900E-07	2	0	
+2.887440E-07	2	0	
+2.897040E-07	2	0	
+2.903400E-07	2	0	
+2.842980E-07	2	0	
+3.017340E-07	2	0	
+2.887740E-07	2	0	
+2.863800E-07	2	0	
+2.868000E-07	2	0	
+2.786160E-07	2	0	
+3.041520E-07	2	0	
+2.919240E-07	2	0	
+2.906520E-07	2	0	
+2.854800E-07	2	0	
+2.749800E-07	2	0	
+1.637958E-06	3	0	
+2.238342E-06	3	0	
+9.163020E-07	3	0	
+2.405940E-07	1	0	
+2.325120E-07	1	0	
+2.321220E-07	1	0	
+2.407980E-07	1	0	
+2.374260E-07	1	0	
+2.353740E-07	1	0	
+2.420040E-07	1	0	
+2.326320E-07	1	0	
+2.188440E-07	1	0	
+2.230140E-07	1	0	
+2.257680E-07	1	0	
+2.513160E-07	1	0	
+2.641980E-07	1	0	
+2.663460E-07	1	0	
+2.567520E-07	1	0	
+2.449200E-07	1	0	
+2.408340E-07	1	0	
+2.427480E-07	1	0	
+2.458800E-07	1	0	
+2.548020E-07	1	0	
+2.481600E-07	1	0	
+2.612220E-07	1	0	
+2.615340E-07	1	0	
+2.533740E-07	1	0	
+2.456880E-07	1	0	
+2.503500E-07	1	0	
+2.441700E-07	1	0	
-1.109568E-06	4	0	
-1.722234E-06	4	0	
-3.848340E-07	4	0	
+2.730660E-07	2	0	
+2.853660E-07	2	0	
+2.832060E-07	2	0	
+2.709900E-07	2	0	
+2.698860E-07	2	0	
+2.818260E-07	2	0	
+2.720940E-07	2	0	
+2.643600E-07	2	0	
+2.687460E-07	2	0	
+2.702640E-07	2	0	
+2.755620E-07	2	0	
+2.756820E-07	2	0	
+2.960040E-07	2	0	
+3.029340E-07	2	0	
+2.895120E-07	2	0	
+2.936400E-07	2	0	
+2.955000E-07	2	0	
+3.015180E-07	2	0	
+2.878740E-07	2	0	
+2.964120E-07	2	0	
+2.915760E-07	2	0	
+2.978040E-07	2	0	
+2.979600E-07	2	0	
+2.919600E-07	2	0	
+2.945940E-07	2	0	
+2.927220E-07	2	0	
+2.834520E-07	2	0	
+1.640064E-06	3	0	
+2.275560E-06	3	0	
