start date: 	2018-03-09
start time: 	15.20.43
stop date: 	2018-03-09
stop time: 	15.56.12
com rel. humid (%):	33.6
com temp (°C):	28.56
cn temp (°C):	31.53
nv temp (°C):	35.22
remarks: 	QHR Red, Squid Feedin on I1, low resistor on I1, Ramp time = 2.02s
R1 Info: 	1218
R2 Info: 	GaAs 8
data filepath: 	M:\MagniconData\CCCViewerData\cccviewer_measure\2018-03-09_CCC\180309_003_1520.txt
config filepath: 	M:\MagniconData\CCCViewerData\cccviewer_measure\2018-03-09_CCC\180309_003_1520_cccdrive.cfg
time base (Hz): 	60
integration time (time base multiples):	42
number of samples per half cycle: 	15
ignored first samples: 	7
ignored last samples: 	0
amplifier gain: 	100000
delta N1/NA (mTurns): 	0.777244568
delta (I2*R2) (V): 	2.0001

data(V)	phase	error
9.990000E-7	1	0	
9.846857E-7	1	0	
9.825429E-7	1	0	
9.775714E-7	1	0	
9.776571E-7	1	0	
9.697714E-7	1	0	
9.778286E-7	1	0	
9.748286E-7	1	0	
9.746571E-7	1	0	
9.704571E-7	1	0	
9.780000E-7	1	0	
9.720000E-7	1	0	
9.685714E-7	1	0	
-2.526283E-5	4	0	
-3.009369E-5	4	8	
-2.988171E-5	4	0	
-5.161714E-7	2	0	
9.460286E-7	2	0	
9.532286E-7	2	0	
9.578571E-7	2	0	
9.611143E-7	2	0	
9.540857E-7	2	0	
9.601714E-7	2	0	
9.654000E-7	2	0	
9.694286E-7	2	0	
9.641143E-7	2	0	
9.670286E-7	2	0	
9.626571E-7	2	0	
2.724094E-5	3	0	
3.208046E-5	3	8	
3.187020E-5	3	8	
2.449457E-6	1	0	
9.919714E-7	1	0	
9.833143E-7	1	0	
9.783429E-7	1	0	
9.864857E-7	1	0	
9.790286E-7	1	0	
9.833143E-7	1	0	
9.818571E-7	1	0	
9.879429E-7	1	0	
9.865714E-7	1	0	
9.806571E-7	1	0	
9.753429E-7	1	0	
-2.524491E-5	4	0	
-3.007671E-5	4	8	
-2.987486E-5	4	0	
-5.074286E-7	2	0	
9.593143E-7	2	0	
9.596571E-7	2	0	
9.669429E-7	2	0	
9.720857E-7	2	0	
9.694286E-7	2	0	
9.713143E-7	2	0	
9.732857E-7	2	0	
9.762857E-7	2	0	
9.732000E-7	2	0	
9.785143E-7	2	0	
9.836571E-7	2	0	
2.725783E-5	3	0	
3.209529E-5	3	8	
3.189111E-5	3	8	
2.464714E-6	1	0	
1.014171E-6	1	0	
1.000886E-6	1	0	
1.002857E-6	1	0	
9.928286E-7	1	0	
9.972000E-7	1	0	
9.972000E-7	1	0	
9.985714E-7	1	0	
9.948857E-7	1	0	
9.928286E-7	1	0	
9.992571E-7	1	0	
9.991714E-7	1	0	
-2.523454E-5	4	0	
-3.006309E-5	4	8	
-2.987220E-5	4	0	
-4.978286E-7	2	0	
9.737143E-7	2	0	
9.828000E-7	2	0	
9.786000E-7	2	0	
9.853714E-7	2	0	
9.809143E-7	2	0	
9.864857E-7	2	0	
9.893143E-7	2	0	
9.897429E-7	2	0	
9.898286E-7	2	0	
9.863143E-7	2	0	
9.804000E-7	2	0	
2.727189E-5	3	0	
3.209691E-5	3	8	
3.189951E-5	3	8	
2.466857E-6	1	0	
1.011429E-6	1	0	
1.002086E-6	1	0	
1.003800E-6	1	0	
9.982286E-7	1	0	
1.000800E-6	1	0	
9.924857E-7	1	0	
9.924000E-7	1	0	
9.896571E-7	1	0	
9.916286E-7	1	0	
9.894000E-7	1	0	
9.903429E-7	1	0	
-2.523909E-5	4	0	
-3.006240E-5	4	8	
-2.987057E-5	4	0	
-4.944000E-7	2	0	
9.677143E-7	2	0	
9.666857E-7	2	0	
9.671143E-7	2	0	
9.772286E-7	2	0	
9.798000E-7	2	0	
9.738000E-7	2	0	
9.832286E-7	2	0	
9.797143E-7	2	0	
9.756857E-7	2	0	
9.730286E-7	2	0	
9.703714E-7	2	0	
2.725354E-5	3	0	
3.208869E-5	3	8	
3.187963E-5	3	8	
2.452971E-6	1	0	
9.976286E-7	1	0	
9.885429E-7	1	0	
9.898286E-7	1	0	
9.946286E-7	1	0	
9.840857E-7	1	0	
9.865714E-7	1	0	
9.846857E-7	1	0	
9.840857E-7	1	0	
9.787714E-7	1	0	
9.867429E-7	1	0	
9.736286E-7	1	0	
-2.525117E-5	4	0	
-3.007534E-5	4	8	
-2.988617E-5	4	0	
-5.099143E-7	2	0	
9.460286E-7	2	0	
9.518571E-7	2	0	
9.639429E-7	2	0	
9.606000E-7	2	0	
9.549429E-7	2	0	
9.591429E-7	2	0	
9.600857E-7	2	0	
9.594000E-7	2	0	
9.645429E-7	2	0	
9.639429E-7	2	0	
9.588000E-7	2	0	
2.723820E-5	3	0	
3.207463E-5	3	8	
3.185957E-5	3	8	
2.439257E-6	1	0	
9.732857E-7	1	0	
9.769714E-7	1	0	
9.702000E-7	1	0	
9.732857E-7	1	0	
9.721714E-7	1	0	
9.654857E-7	1	0	
9.664286E-7	1	0	
9.617143E-7	1	0	
9.648857E-7	1	0	
9.646286E-7	1	0	
9.579429E-7	1	0	
-2.525691E-5	4	0	
-3.009094E-5	4	8	
-2.988669E-5	4	0	
-5.181429E-7	2	0	
9.432857E-7	2	0	
9.423429E-7	2	0	
9.452571E-7	2	0	
9.480000E-7	2	0	
9.592286E-7	2	0	
9.444000E-7	2	0	
9.496286E-7	2	0	
9.546000E-7	2	0	
9.543429E-7	2	0	
9.528857E-7	2	0	
9.517714E-7	2	0	
2.722723E-5	3	0	
3.206314E-5	3	8	
3.185546E-5	3	8	
2.430000E-6	1	0	
9.768000E-7	1	0	
9.615429E-7	1	0	
9.667714E-7	1	0	
9.577714E-7	1	0	
9.555429E-7	1	0	
9.558000E-7	1	0	
9.606000E-7	1	0	
9.548571E-7	1	0	
9.572571E-7	1	0	
9.531429E-7	1	0	
9.573429E-7	1	0	
-2.527783E-5	4	0	
-3.009454E-5	4	8	
-2.990897E-5	4	0	
-5.282571E-7	2	0	
9.258000E-7	2	0	
9.326571E-7	2	0	
9.332571E-7	2	0	
9.456857E-7	2	0	
9.430286E-7	2	0	
9.485143E-7	2	0	
9.471429E-7	2	0	
9.390857E-7	2	0	
9.442286E-7	2	0	
9.413143E-7	2	0	
9.446571E-7	2	0	
2.721497E-5	3	0	
3.206031E-5	3	8	
3.184723E-5	3	8	
2.430857E-6	1	0	
9.658286E-7	1	0	
9.653143E-7	1	0	
9.596571E-7	1	0	
9.529714E-7	1	0	
9.544286E-7	1	0	
9.522000E-7	1	0	
9.408000E-7	1	0	
9.456000E-7	1	0	
9.535714E-7	1	0	
9.455143E-7	1	0	
9.417429E-7	1	0	
-2.528914E-5	4	0	
-3.010911E-5	4	8	
-2.991369E-5	4	0	
-5.364857E-7	2	0	
9.232286E-7	2	0	
9.315429E-7	2	0	
9.264857E-7	2	0	
9.314571E-7	2	0	
9.286286E-7	2	0	
9.455143E-7	2	0	
9.390857E-7	2	0	
9.360000E-7	2	0	
9.430286E-7	2	0	
9.367714E-7	2	0	
9.323143E-7	2	0	
2.721034E-5	3	0	
3.205234E-5	3	8	
3.184089E-5	3	8	
2.414400E-6	1	0	
9.582857E-7	1	0	
9.458571E-7	1	0	
9.409714E-7	1	0	
9.417429E-7	1	0	
9.346286E-7	1	0	
9.468857E-7	1	0	
9.407143E-7	1	0	
9.423429E-7	1	0	
9.315429E-7	1	0	
9.400286E-7	1	0	
9.323143E-7	1	0	
-2.529137E-5	4	0	
-3.012257E-5	4	8	
-2.992431E-5	4	0	
-5.501143E-7	2	0	
9.110571E-7	2	0	
9.198000E-7	2	0	
9.159429E-7	2	0	
9.233143E-7	2	0	
9.224571E-7	2	0	
9.270000E-7	2	0	
9.236571E-7	2	0	
9.352286E-7	2	0	
9.238286E-7	2	0	
9.231429E-7	2	0	
9.255429E-7	2	0	
2.720520E-5	3	0	
3.204754E-5	3	8	
3.183531E-5	3	8	
2.414400E-6	1	0	
9.564857E-7	1	0	
9.465429E-7	1	0	
9.472286E-7	1	0	
9.468000E-7	1	0	
9.479143E-7	1	0	
9.427714E-7	1	0	
9.408857E-7	1	0	
9.468000E-7	1	0	
9.368571E-7	1	0	
9.400286E-7	1	0	
9.428571E-7	1	0	
-2.528614E-5	4	0	
-3.010817E-5	4	8	
-2.991463E-5	4	0	
-5.402571E-7	2	0	
9.158571E-7	2	0	
9.264000E-7	2	0	
9.292286E-7	2	0	
9.354000E-7	2	0	
9.348857E-7	2	0	
9.359143E-7	2	0	
9.311143E-7	2	0	
9.373714E-7	2	0	
9.370286E-7	2	0	
9.377143E-7	2	0	
9.425143E-7	2	0	
2.721600E-5	3	0	
3.205251E-5	3	8	
3.183729E-5	3	8	
2.420829E-6	1	0	
9.587143E-7	1	0	
9.612000E-7	1	0	
9.594857E-7	1	0	
9.540857E-7	1	0	
9.510000E-7	1	0	
9.498000E-7	1	0	
9.491143E-7	1	0	
9.515143E-7	1	0	
9.457714E-7	1	0	
9.490286E-7	1	0	
9.516857E-7	1	0	
-2.527877E-5	4	0	
-3.010740E-5	4	8	
-2.991394E-5	4	0	
-5.436000E-7	2	0	
9.214286E-7	2	0	
9.367714E-7	2	0	
9.396857E-7	2	0	
9.405429E-7	2	0	
9.429429E-7	2	0	
9.392571E-7	2	0	
9.486857E-7	2	0	
9.395143E-7	2	0	
9.390000E-7	2	0	
9.423429E-7	2	0	
9.420000E-7	2	0	
2.722097E-5	3	0	
3.206074E-5	3	8	
3.185169E-5	3	8	
2.425200E-6	1	0	
9.664286E-7	1	0	
9.578571E-7	1	0	
9.595714E-7	1	0	
9.542571E-7	1	0	
9.559714E-7	1	0	
9.484286E-7	1	0	
9.432000E-7	1	0	
9.502286E-7	1	0	
9.457714E-7	1	0	
9.556286E-7	1	0	
9.547714E-7	1	0	
-2.527886E-5	4	0	
-3.010046E-5	4	8	
-2.990717E-5	4	0	
-5.413714E-7	2	0	
9.258857E-7	2	0	
9.315429E-7	2	0	
9.428571E-7	2	0	
9.432000E-7	2	0	
9.408000E-7	2	0	
9.504000E-7	2	0	
9.386571E-7	2	0	
9.409714E-7	2	0	
9.432000E-7	2	0	
9.434571E-7	2	0	
9.479143E-7	2	0	
2.722329E-5	3	0	
3.205680E-5	3	8	
3.185109E-5	3	8	
2.422114E-6	1	0	
9.728571E-7	1	0	
9.621429E-7	1	0	
9.607714E-7	1	0	
9.553714E-7	1	0	
9.587143E-7	1	0	
9.609429E-7	1	0	
9.498000E-7	1	0	
9.549429E-7	1	0	
9.508286E-7	1	0	
9.537429E-7	1	0	
9.482571E-7	1	0	
-2.527757E-5	4	0	
-3.010217E-5	4	8	
-2.990520E-5	4	0	
-5.306571E-7	2	0	
9.310286E-7	2	0	
9.423429E-7	2	0	
9.364286E-7	2	0	
9.448286E-7	2	0	
9.418286E-7	2	0	
9.442286E-7	2	0	
9.445714E-7	2	0	
9.492857E-7	2	0	
9.467143E-7	2	0	
9.471429E-7	2	0	
9.455143E-7	2	0	
2.722526E-5	3	0	
3.206340E-5	3	8	
3.185486E-5	3	8	
2.434543E-6	1	0	
9.750000E-7	1	0	
9.666857E-7	1	0	
9.680571E-7	1	0	
9.565714E-7	1	0	
9.606000E-7	1	0	
9.561429E-7	1	0	
9.622286E-7	1	0	
9.585429E-7	1	0	
9.539143E-7	1	0	
9.554571E-7	1	0	
9.536571E-7	1	0	
-2.527551E-5	4	0	
-3.010491E-5	4	8	
-2.991214E-5	4	0	
-5.379429E-7	2	0	
9.312000E-7	2	0	
9.407143E-7	2	0	
9.457714E-7	2	0	
9.447429E-7	2	0	
9.462000E-7	2	0	
9.400286E-7	2	0	
9.479143E-7	2	0	
9.452571E-7	2	0	
9.526286E-7	2	0	
9.512571E-7	2	0	
9.515143E-7	2	0	
2.721969E-5	3	0	
3.207026E-5	3	8	
3.185503E-5	3	8	
2.429229E-6	1	0	
9.702000E-7	1	0	
9.635143E-7	1	0	
9.635143E-7	1	0	
9.588857E-7	1	0	
9.583714E-7	1	0	
9.565714E-7	1	0	
9.592286E-7	1	0	
9.540857E-7	1	0	
9.539143E-7	1	0	
9.576857E-7	1	0	
9.558000E-7	1	0	
-2.527337E-5	4	0	
-3.010723E-5	4	8	
-2.990700E-5	4	0	
-5.310857E-7	2	0	
9.316286E-7	2	0	
9.409714E-7	2	0	
9.428571E-7	2	0	
9.472286E-7	2	0	
9.487714E-7	2	0	
9.552857E-7	2	0	
9.455143E-7	2	0	
9.581143E-7	2	0	
9.557143E-7	2	0	
9.483429E-7	2	0	
9.580286E-7	2	0	
2.722989E-5	3	0	
3.205543E-5	3	8	
3.186557E-5	3	8	
2.429229E-6	1	0	
9.747429E-7	1	0	
9.702000E-7	1	0	
9.675429E-7	1	0	
9.619714E-7	1	0	
9.640286E-7	1	0	
9.630000E-7	1	0	
9.589714E-7	1	0	
9.575143E-7	1	0	
9.623143E-7	1	0	
9.652286E-7	1	0	
9.592286E-7	1	0	
-2.527003E-5	4	0	
-3.010011E-5	4	8	
-2.989894E-5	4	0	
-5.250857E-7	2	0	
9.446571E-7	2	0	
9.418286E-7	2	0	
9.557143E-7	2	0	
9.431143E-7	2	0	
9.540000E-7	2	0	
9.478286E-7	2	0	
9.547714E-7	2	0	
9.612857E-7	2	0	
9.606000E-7	2	0	
9.493714E-7	2	0	
9.543429E-7	2	0	
2.722920E-5	3	0	
3.207266E-5	3	8	
3.185974E-5	3	8	
2.426143E-6	1	0	
9.808286E-7	1	0	
9.690000E-7	1	0	
9.747429E-7	1	0	
9.673714E-7	1	0	
9.646286E-7	1	0	
9.637714E-7	1	0	
9.687429E-7	1	0	
9.641143E-7	1	0	
9.591429E-7	1	0	
9.604286E-7	1	0	
9.636857E-7	1	0	
-2.526574E-5	4	0	
-3.009051E-5	4	8	
-2.989414E-5	4	0	
-5.332286E-7	2	0	
9.370286E-7	2	0	
9.489429E-7	2	0	
9.500571E-7	2	0	
9.502286E-7	2	0	
9.542571E-7	2	0	
9.550286E-7	2	0	
9.627429E-7	2	0	
9.604286E-7	2	0	
9.681429E-7	2	0	
9.588000E-7	2	0	
9.597429E-7	2	0	
2.723331E-5	3	0	
3.208183E-5	3	8	
3.186326E-5	3	8	
2.436514E-6	1	0	
9.830571E-7	1	0	
9.706286E-7	1	0	
9.779143E-7	1	0	
9.602571E-7	1	0	
9.738857E-7	1	0	
9.607714E-7	1	0	
9.776571E-7	1	0	
9.630857E-7	1	0	
9.617143E-7	1	0	
9.619714E-7	1	0	
9.604286E-7	1	0	
-2.526343E-5	4	0	
-3.009060E-5	4	8	
-2.989337E-5	4	0	
-5.165143E-7	2	0	
9.426857E-7	2	0	
9.490286E-7	2	0	
9.435429E-7	2	0	
9.527143E-7	2	0	
9.522000E-7	2	0	
9.511714E-7	2	0	
9.578571E-7	2	0	
9.600000E-7	2	0	
9.586286E-7	2	0	
9.541714E-7	2	0	
9.605143E-7	2	0	
2.723237E-5	3	0	
3.207360E-5	3	8	
3.186386E-5	3	8	
2.435657E-6	1	0	
9.748286E-7	1	0	
9.699429E-7	1	0	
9.709714E-7	1	0	
9.729429E-7	1	0	
9.708000E-7	1	0	
9.660857E-7	1	0	
9.666000E-7	1	0	
9.617143E-7	1	0	
9.683143E-7	1	0	
9.664286E-7	1	0	
9.690000E-7	1	0	
-2.526643E-5	4	0	
-3.008477E-5	4	8	
-2.988977E-5	4	0	
-5.193429E-7	2	0	
9.513429E-7	2	0	
9.528000E-7	2	0	
9.511714E-7	2	0	
9.522000E-7	2	0	
9.576000E-7	2	0	
9.513429E-7	2	0	
9.572571E-7	2	0	
9.602571E-7	2	0	
9.600857E-7	2	0	
9.691714E-7	2	0	
9.670286E-7	2	0	
2.723503E-5	3	0	
3.208063E-5	3	8	
3.187954E-5	3	8	
2.446886E-6	1	0	
9.846000E-7	1	0	
9.750000E-7	1	0	
9.778286E-7	1	0	
9.762857E-7	1	0	
9.795429E-7	1	0	
9.748286E-7	1	0	
9.777429E-7	1	0	
9.796286E-7	1	0	
9.659143E-7	1	0	
9.670286E-7	1	0	
9.696000E-7	1	0	
-2.524937E-5	4	0	
-3.007689E-5	4	8	
-2.987966E-5	4	0	
-5.103429E-7	2	0	
9.567429E-7	2	0	
9.610286E-7	2	0	
9.708857E-7	2	0	
9.732857E-7	2	0	
9.684857E-7	2	0	
9.735429E-7	2	0	
9.722571E-7	2	0	
9.642000E-7	2	0	
9.693429E-7	2	0	
9.711429E-7	2	0	
9.708857E-7	2	0	
2.724617E-5	3	0	
3.209126E-5	3	8	
3.187920E-5	3	8	
2.444486E-6	1	0	
9.776571E-7	1	0	
9.861429E-7	1	0	
9.858857E-7	1	0	
9.786000E-7	1	0	
9.865714E-7	1	0	
9.867429E-7	1	0	
9.798000E-7	1	0	
9.789429E-7	1	0	
9.801429E-7	1	0	
9.804857E-7	1	0	
9.802286E-7	1	0	
-2.525383E-5	4	0	
-3.007466E-5	4	8	
-2.987503E-5	4	0	
-5.062286E-7	2	0	
9.663429E-7	2	0	
9.631714E-7	2	0	
9.720857E-7	2	0	
9.702857E-7	2	0	
9.792000E-7	2	0	
9.696857E-7	2	0	
9.769714E-7	2	0	
9.779143E-7	2	0	
9.775714E-7	2	0	
9.764571E-7	2	0	
9.759429E-7	2	0	
2.725097E-5	3	0	
3.209503E-5	3	8	
3.187826E-5	3	8	
2.462657E-6	1	0	
9.961714E-7	1	0	
9.924000E-7	1	0	
9.944571E-7	1	0	
9.917143E-7	1	0	
9.887143E-7	1	0	
9.847714E-7	1	0	
9.841714E-7	1	0	
9.863143E-7	1	0	
9.900000E-7	1	0	
9.882857E-7	1	0	
9.810857E-7	1	0	
-2.524449E-5	4	0	
-3.006549E-5	4	8	
-2.987863E-5	4	0	
-4.998857E-7	2	0	
9.686571E-7	2	0	
9.770571E-7	2	0	
9.795429E-7	2	0	
9.777429E-7	2	0	
9.769714E-7	2	0	
9.844286E-7	2	0	
9.763714E-7	2	0	
9.912000E-7	2	0	
9.824571E-7	2	0	
9.876857E-7	2	0	
9.800571E-7	2	0	
2.726734E-5	3	0	
3.210120E-5	3	8	
3.188734E-5	3	8	
2.459657E-6	1	0	
9.993429E-7	1	0	
9.960000E-7	1	0	
9.882000E-7	1	0	
9.947143E-7	1	0	
9.932571E-7	1	0	
9.956571E-7	1	0	
9.950571E-7	1	0	
9.900000E-7	1	0	
9.891429E-7	1	0	
9.916286E-7	1	0	
9.900857E-7	1	0	
-2.523823E-5	4	0	
-3.006686E-5	4	8	
-2.987211E-5	4	0	
-4.938000E-7	2	0	
9.747429E-7	2	0	
9.792000E-7	2	0	
9.786000E-7	2	0	
9.833143E-7	2	0	
9.758571E-7	2	0	
9.867429E-7	2	0	
9.798000E-7	2	0	
9.895714E-7	2	0	
9.883714E-7	2	0	
9.942000E-7	2	0	
9.863143E-7	2	0	
2.726871E-5	3	0	
3.209931E-5	3	8	
3.189369E-5	3	8	
2.463429E-6	1	0	
1.006457E-6	1	0	
1.001829E-6	1	0	
9.926571E-7	1	0	
9.942857E-7	1	0	
9.865714E-7	1	0	
9.920571E-7	1	0	
9.882000E-7	1	0	
9.893143E-7	1	0	
9.908571E-7	1	0	
9.900000E-7	1	0	
9.867429E-7	1	0	
-2.524106E-5	4	0	
-3.006763E-5	4	8	
-2.986637E-5	4	0	
-5.016000E-7	2	0	
9.727714E-7	2	0	
9.732000E-7	2	0	
9.762857E-7	2	0	
9.727714E-7	2	0	
9.793714E-7	2	0	
9.779143E-7	2	0	
9.817714E-7	2	0	
9.739714E-7	2	0	
9.753429E-7	2	0	
9.783429E-7	2	0	
9.787714E-7	2	0	
2.726006E-5	3	0	
3.209666E-5	3	8	
3.188314E-5	3	8	
2.453057E-6	1	0	
1.000714E-6	1	0	
9.934286E-7	1	0	
9.768857E-7	1	0	
9.854571E-7	1	0	
9.853714E-7	1	0	
9.800571E-7	1	0	
9.698571E-7	1	0	
9.777429E-7	1	0	
9.749143E-7	1	0	
9.781714E-7	1	0	
9.763714E-7	1	0	
-2.525374E-5	4	0	
-3.007371E-5	4	8	
-2.987923E-5	4	0	
-5.178000E-7	2	0	
9.575143E-7	2	0	
9.616286E-7	2	0	
9.627429E-7	2	0	
9.550286E-7	2	0	
9.708000E-7	2	0	
9.601714E-7	2	0	
9.716571E-7	2	0	
9.648857E-7	2	0	
9.660857E-7	2	0	
9.720000E-7	2	0	
9.663429E-7	2	0	
2.724240E-5	3	0	
3.208046E-5	3	8	
3.186669E-5	3	8	
2.443971E-6	1	0	
9.855429E-7	1	0	
9.765429E-7	1	0	
9.706286E-7	1	0	
9.752571E-7	1	0	
9.665143E-7	1	0	
9.706286E-7	1	0	
9.679714E-7	1	0	
9.647143E-7	1	0	
9.636857E-7	1	0	
9.614571E-7	1	0	
9.702000E-7	1	0	
-2.526154E-5	4	0	
-3.008726E-5	4	8	
-2.989226E-5	4	0	
-5.153143E-7	2	0	
9.428571E-7	2	0	
9.552000E-7	2	0	
9.500571E-7	2	0	
9.498000E-7	2	0	
9.609429E-7	2	0	
9.569143E-7	2	0	
9.590571E-7	2	0	
9.559714E-7	2	0	
9.599143E-7	2	0	
9.544286E-7	2	0	
9.620571E-7	2	0	
2.723006E-5	3	0	
3.206983E-5	3	8	
3.185469E-5	3	8	
2.431800E-6	1	0	
9.738857E-7	1	0	
9.723429E-7	1	0	
9.596571E-7	1	0	
9.654000E-7	1	0	
9.524571E-7	1	0	
9.577714E-7	1	0	
9.591429E-7	1	0	
9.557143E-7	1	0	
9.564000E-7	1	0	
9.505714E-7	1	0	
9.552857E-7	1	0	
-2.526711E-5	4	0	
-3.010071E-5	4	8	
-2.990426E-5	4	0	
-5.313429E-7	2	0	
9.395143E-7	2	0	
9.418286E-7	2	0	
9.341143E-7	2	0	
9.361714E-7	2	0	
9.440571E-7	2	0	
9.419143E-7	2	0	
9.456000E-7	2	0	
9.490286E-7	2	0	
9.488571E-7	2	0	
9.477429E-7	2	0	
9.451714E-7	2	0	
2.722286E-5	3	0	
3.205671E-5	3	8	
3.184800E-5	3	8	
2.429829E-6	1	0	
9.648000E-7	1	0	
9.627429E-7	1	0	
9.529714E-7	1	0	
9.604286E-7	1	0	
9.498857E-7	1	0	
9.582857E-7	1	0	
9.504000E-7	1	0	
9.504000E-7	1	0	
9.521143E-7	1	0	
9.466286E-7	1	0	
9.433714E-7	1	0	
-2.528520E-5	4	0	
-3.010740E-5	4	8	
-2.991386E-5	4	0	
-5.430000E-7	2	0	
9.288000E-7	2	0	
9.332571E-7	2	0	
9.394286E-7	2	0	
9.314571E-7	2	0	
9.342857E-7	2	0	
9.365143E-7	2	0	
9.336000E-7	2	0	
9.341143E-7	2	0	
9.344571E-7	2	0	
9.324000E-7	2	0	
9.392571E-7	2	0	
2.721026E-5	3	0	
3.204660E-5	3	8	
3.184166E-5	3	8	
2.415600E-6	1	0	
9.582000E-7	1	0	
9.464571E-7	1	0	
9.480000E-7	1	0	
9.423429E-7	1	0	
9.461143E-7	1	0	
9.408857E-7	1	0	
9.451714E-7	1	0	
9.484286E-7	1	0	
9.392571E-7	1	0	
9.437143E-7	1	0	
9.366857E-7	1	0	
-2.529917E-5	4	0	
-3.011434E-5	4	8	
-2.991994E-5	4	0	
-5.515714E-7	2	0	
9.211714E-7	2	0	
9.218571E-7	2	0	
9.290571E-7	2	0	
9.265714E-7	2	0	
9.305143E-7	2	0	
9.370286E-7	2	0	
9.361714E-7	2	0	
9.340286E-7	2	0	
9.374571E-7	2	0	
9.377143E-7	2	0	
9.344571E-7	2	0	
2.721300E-5	3	0	
3.205577E-5	3	8	
3.184791E-5	3	8	
2.420314E-6	1	0	
9.582000E-7	1	0	
9.527143E-7	1	0	
9.494571E-7	1	0	
9.492000E-7	1	0	
9.464571E-7	1	0	
9.459429E-7	1	0	
9.441429E-7	1	0	
9.462857E-7	1	0	
9.358286E-7	1	0	
9.450000E-7	1	0	
9.395143E-7	1	0	
-2.528623E-5	4	0	
-3.010809E-5	4	8	
-2.991283E-5	4	0	
-5.465143E-7	2	0	
9.150857E-7	2	0	
9.309429E-7	2	0	
9.356571E-7	2	0	
9.339429E-7	2	0	
9.214286E-7	2	0	
9.311143E-7	2	0	
9.303429E-7	2	0	
9.330857E-7	2	0	
9.309429E-7	2	0	
9.306000E-7	2	0	
9.353143E-7	2	0	
2.720031E-5	3	0	
3.204489E-5	3	8	
3.183214E-5	3	8	
2.416457E-6	1	0	
9.506571E-7	1	0	
9.447429E-7	1	0	
9.410571E-7	1	0	
9.447429E-7	1	0	
9.402000E-7	1	0	
9.430286E-7	1	0	
9.420857E-7	1	0	
9.352286E-7	1	0	
9.384000E-7	1	0	
9.359143E-7	1	0	
9.442286E-7	1	0	
-2.528486E-5	4	0	
-3.011417E-5	4	8	
-2.991883E-5	4	0	
-5.471143E-7	2	0	
9.222000E-7	2	0	
9.290571E-7	2	0	
9.363429E-7	2	0	
9.300857E-7	2	0	
9.348000E-7	2	0	
9.475714E-7	2	0	
9.384857E-7	2	0	
9.333429E-7	2	0	
9.435429E-7	2	0	
9.418286E-7	2	0	
9.330857E-7	2	0	
2.720794E-5	3	0	
3.205234E-5	3	8	
3.184277E-5	3	8	
2.422457E-6	1	0	
9.548571E-7	1	0	
9.523714E-7	1	0	
9.571714E-7	1	0	
9.535714E-7	1	0	
9.420857E-7	1	0	
9.450857E-7	1	0	
9.523714E-7	1	0	
9.427714E-7	1	0	
9.555429E-7	1	0	
9.389143E-7	1	0	
9.430286E-7	1	0	
-2.528349E-5	4	0	
-3.010303E-5	4	8	
-2.991669E-5	4	0	
-5.382857E-7	2	0	
9.167143E-7	2	0	
9.300857E-7	2	0	
9.319714E-7	2	0	
9.370286E-7	2	0	
9.327429E-7	2	0	
9.417429E-7	2	0	
9.448286E-7	2	0	
9.330000E-7	2	0	
9.354857E-7	2	0	
9.354000E-7	2	0	
9.450000E-7	2	0	
2.722131E-5	3	0	
3.205997E-5	3	8	
3.184191E-5	3	8	
2.421257E-6	1	0	
9.647143E-7	1	0	
9.537429E-7	1	0	
9.522857E-7	1	0	
9.528857E-7	1	0	
9.480000E-7	1	0	
9.462857E-7	1	0	
9.502286E-7	1	0	
9.406286E-7	1	0	
9.436286E-7	1	0	
9.430286E-7	1	0	
9.516000E-7	1	0	
-2.527877E-5	4	0	
-3.010714E-5	4	8	
-2.991309E-5	4	0	
-5.316857E-7	2	0	
9.325714E-7	2	0	
9.390000E-7	2	0	
9.388286E-7	2	0	
9.402857E-7	2	0	
9.417429E-7	2	0	
9.470571E-7	2	0	
9.495429E-7	2	0	
9.432857E-7	2	0	
9.496286E-7	2	0	
9.504000E-7	2	0	
9.438000E-7	2	0	
2.722946E-5	3	0	
3.206469E-5	3	8	
3.184543E-5	3	8	
2.430600E-6	1	0	
9.720000E-7	1	0	
9.674571E-7	1	0	
9.637714E-7	1	0	
9.622286E-7	1	0	
9.612857E-7	1	0	
9.605143E-7	1	0	
9.588857E-7	1	0	
9.612857E-7	1	0	
9.620571E-7	1	0	
9.540000E-7	1	0	
9.643714E-7	1	0	
-2.526497E-5	4	0	
-3.008700E-5	4	8	
-2.988763E-5	4	0	
-5.199429E-7	2	0	
9.419143E-7	2	0	
9.451714E-7	2	0	
9.576000E-7	2	0	
9.582857E-7	2	0	
9.513429E-7	2	0	
9.536571E-7	2	0	
9.560571E-7	2	0	
9.594857E-7	2	0	
9.614571E-7	2	0	
9.584571E-7	2	0	
9.544286E-7	2	0	
2.722611E-5	3	0	
3.206889E-5	3	8	
3.185631E-5	3	8	
2.442600E-6	1	0	
9.706286E-7	1	0	
9.713143E-7	1	0	
9.696000E-7	1	0	
9.702000E-7	1	0	
9.612857E-7	1	0	
9.620571E-7	1	0	
9.588857E-7	1	0	
9.600000E-7	1	0	
9.598286E-7	1	0	
9.611143E-7	1	0	
9.535714E-7	1	0	
-2.526600E-5	4	0	
-3.009874E-5	4	8	
-2.990083E-5	4	0	
-5.302286E-7	2	0	
9.297429E-7	2	0	
9.406286E-7	2	0	
9.388286E-7	2	0	
9.451714E-7	2	0	
9.426857E-7	2	0	
9.447429E-7	2	0	
9.459429E-7	2	0	
9.532286E-7	2	0	
9.449143E-7	2	0	
9.438857E-7	2	0	
9.449143E-7	2	0	
2.721891E-5	3	0	
3.206211E-5	3	8	
3.185109E-5	3	8	
2.422971E-6	1	0	
9.570000E-7	1	0	
9.579429E-7	1	0	
9.524571E-7	1	0	
9.474857E-7	1	0	
9.528857E-7	1	0	
9.545143E-7	1	0	
9.481714E-7	1	0	
9.425143E-7	1	0	
9.386571E-7	1	0	
9.395143E-7	1	0	
9.524571E-7	1	0	
-2.528983E-5	4	0	
-3.010903E-5	4	8	
-2.991060E-5	4	0	
-5.436857E-7	2	0	
9.238286E-7	2	0	
9.329143E-7	2	0	
9.371143E-7	2	0	
9.373714E-7	2	0	
9.408000E-7	2	0	
9.348857E-7	2	0	
9.394286E-7	2	0	
9.462857E-7	2	0	
9.333429E-7	2	0	
9.418286E-7	2	0	
9.384857E-7	2	0	
2.721420E-5	3	0	
3.205414E-5	3	8	
3.185126E-5	3	8	
2.418429E-6	1	0	
9.599143E-7	1	0	
9.537429E-7	1	0	
9.539143E-7	1	0	
9.545143E-7	1	0	
9.528857E-7	1	0	
9.457714E-7	1	0	
9.482571E-7	1	0	
9.475714E-7	1	0	
9.462000E-7	1	0	
9.486857E-7	1	0	
9.462857E-7	1	0	
-2.527843E-5	4	0	
-3.010354E-5	4	8	
-2.991120E-5	4	0	
-5.335714E-7	2	0	
9.331714E-7	2	0	
9.352286E-7	2	0	
9.402000E-7	2	0	
9.384000E-7	2	0	
9.401143E-7	2	0	
9.414000E-7	2	0	
9.432000E-7	2	0	
9.484286E-7	2	0	
9.456000E-7	2	0	
9.524571E-7	2	0	
9.487714E-7	2	0	
2.722774E-5	3	0	
3.206486E-5	3	8	
3.185083E-5	3	8	
2.425971E-6	1	0	
9.666000E-7	1	0	
9.563143E-7	1	0	
9.539143E-7	1	0	
9.563143E-7	1	0	
9.545143E-7	1	0	
9.560571E-7	1	0	
9.501429E-7	1	0	
9.546857E-7	1	0	
9.472286E-7	1	0	
9.550286E-7	1	0	
9.544286E-7	1	0	
-2.527517E-5	4	0	
-3.010071E-5	4	8	
-2.990323E-5	4	0	
-5.322857E-7	2	0	
9.279429E-7	2	0	
9.402000E-7	2	0	
9.382286E-7	2	0	
9.408000E-7	2	0	
9.400286E-7	2	0	
9.468857E-7	2	0	
9.446571E-7	2	0	
9.516857E-7	2	0	
9.425143E-7	2	0	
9.516000E-7	2	0	
9.440571E-7	2	0	
2.722766E-5	3	0	
3.205749E-5	3	8	
3.184791E-5	3	8	
2.422886E-6	1	0	
9.648000E-7	1	0	
9.610286E-7	1	0	
9.561429E-7	1	0	
9.544286E-7	1	0	
9.503143E-7	1	0	
9.507429E-7	1	0	
9.552857E-7	1	0	
9.540000E-7	1	0	
9.510000E-7	1	0	
9.528857E-7	1	0	
9.509143E-7	1	0	
-2.527286E-5	4	0	
-3.009617E-5	4	8	
-2.989774E-5	4	0	
-5.335714E-7	2	0	
9.329143E-7	2	0	
9.484286E-7	2	0	
9.451714E-7	2	0	
9.452571E-7	2	0	
9.456000E-7	2	0	
9.522000E-7	2	0	
9.455143E-7	2	0	
9.467143E-7	2	0	
9.511714E-7	2	0	
9.481714E-7	2	0	
9.569143E-7	2	0	
2.722860E-5	3	0	
3.207583E-5	3	8	
3.185194E-5	3	8	
2.430857E-6	1	0	
9.768857E-7	1	0	
9.675429E-7	1	0	
9.689143E-7	1	0	
9.683143E-7	1	0	
9.684000E-7	1	0	
9.672857E-7	1	0	
9.633429E-7	1	0	
9.664286E-7	1	0	
9.647143E-7	1	0	
9.650571E-7	1	0	
9.640286E-7	1	0	
-2.525803E-5	4	0	
-3.008220E-5	4	8	
-2.989029E-5	4	0	
-5.124857E-7	2	0	
9.439714E-7	2	0	
9.546857E-7	2	0	
9.598286E-7	2	0	
9.652286E-7	2	0	
9.623143E-7	2	0	
9.685714E-7	2	0	
9.626571E-7	2	0	
9.709714E-7	2	0	
9.668571E-7	2	0	
9.736286E-7	2	0	
9.650571E-7	2	0	
2.724780E-5	3	0	
3.208406E-5	3	8	
3.187080E-5	3	8	
2.448771E-6	1	0	
9.856286E-7	1	0	
9.893143E-7	1	0	
9.804000E-7	1	0	
9.796286E-7	1	0	
9.851143E-7	1	0	
9.846857E-7	1	0	
9.798000E-7	1	0	
9.763714E-7	1	0	
9.863143E-7	1	0	
9.847714E-7	1	0	
9.794571E-7	1	0	
-2.525160E-5	4	0	
-3.007466E-5	4	8	
-2.987940E-5	4	0	
-5.084571E-7	2	0	
9.558000E-7	2	0	
9.672857E-7	2	0	
9.655714E-7	2	0	
9.723429E-7	2	0	
9.696000E-7	2	0	
9.776571E-7	2	0	
9.717429E-7	2	0	
9.753429E-7	2	0	
9.726857E-7	2	0	
9.755143E-7	2	0	
9.765429E-7	2	0	
2.725191E-5	3	0	
3.208869E-5	3	8	
3.187586E-5	3	8	
2.448171E-6	1	0	
9.882857E-7	1	0	
9.883714E-7	1	0	
9.726857E-7	1	0	
9.819429E-7	1	0	
9.828000E-7	1	0	
9.766286E-7	1	0	
9.781714E-7	1	0	
9.828857E-7	1	0	
9.791143E-7	1	0	
9.843429E-7	1	0	
9.831429E-7	1	0	
-2.525040E-5	4	0	
-3.007329E-5	4	8	
-2.987623E-5	4	0	
-5.074286E-7	2	0	
9.582857E-7	2	0	
9.662571E-7	2	0	
9.740571E-7	2	0	
9.761143E-7	2	0	
9.813429E-7	2	0	
9.778286E-7	2	0	
9.694286E-7	2	0	
9.853714E-7	2	0	
9.780857E-7	2	0	
9.772286E-7	2	0	
9.796286E-7	2	0	
2.725337E-5	3	0	
3.209443E-5	3	8	
3.187894E-5	3	8	
2.455800E-6	1	0	
9.954857E-7	1	0	
9.933429E-7	1	0	
9.878571E-7	1	0	
9.936857E-7	1	0	
9.848571E-7	1	0	
9.903429E-7	1	0	
9.780000E-7	1	0	
9.811714E-7	1	0	
9.850286E-7	1	0	
9.892286E-7	1	0	
9.789429E-7	1	0	
-2.524071E-5	4	0	
-3.007251E-5	4	8	
-2.987400E-5	4	0	
-5.000571E-7	2	0	
9.696000E-7	2	0	
9.690000E-7	2	0	
9.744000E-7	2	0	
9.729429E-7	2	0	
9.691714E-7	2	0	
9.798857E-7	2	0	
9.767143E-7	2	0	
9.810857E-7	2	0	
9.816857E-7	2	0	
9.771429E-7	2	0	
9.828857E-7	2	0	
2.725466E-5	3	0	
3.209631E-5	3	8	
3.187680E-5	3	8	
2.461114E-6	1	0	
1.002257E-6	1	0	
9.918857E-7	1	0	
9.893143E-7	1	0	
9.918857E-7	1	0	
9.913714E-7	1	0	
9.908571E-7	1	0	
9.823714E-7	1	0	
9.790286E-7	1	0	
9.910286E-7	1	0	
9.808286E-7	1	0	
9.828000E-7	1	0	
-2.524063E-5	4	0	
-3.006814E-5	4	8	
-2.987640E-5	4	0	
-5.004857E-7	2	0	
9.584571E-7	2	0	
9.713143E-7	2	0	
9.654000E-7	2	0	
9.714000E-7	2	0	
9.790286E-7	2	0	
9.726857E-7	2	0	
9.776571E-7	2	0	
9.744857E-7	2	0	
9.840000E-7	2	0	
9.714857E-7	2	0	
9.774857E-7	2	0	
2.724677E-5	3	0	
3.209254E-5	3	8	
3.187851E-5	3	8	
2.458114E-6	1	0	
9.856286E-7	1	0	
9.913714E-7	1	0	
9.908571E-7	1	0	
9.861429E-7	1	0	
9.784286E-7	1	0	
9.767143E-7	1	0	
9.716571E-7	1	0	
9.786000E-7	1	0	
9.774000E-7	1	0	
9.782571E-7	1	0	
9.765429E-7	1	0	
-2.525349E-5	4	0	
-3.008014E-5	4	8	
-2.988403E-5	4	0	
-5.148000E-7	2	0	
9.538286E-7	2	0	
9.591429E-7	2	0	
9.617143E-7	2	0	
9.579429E-7	2	0	
9.666000E-7	2	0	
9.747429E-7	2	0	
9.667714E-7	2	0	
9.666000E-7	2	0	
9.686571E-7	2	0	
9.685714E-7	2	0	
9.718286E-7	2	0	
2.725191E-5	3	0	
3.209469E-5	3	8	
3.186943E-5	3	8	
2.451600E-6	1	0	
9.875143E-7	1	0	
9.806571E-7	1	0	
9.734571E-7	1	0	
9.802286E-7	1	0	
9.745714E-7	1	0	
9.762857E-7	1	0	
9.803143E-7	1	0	
9.760286E-7	1	0	
9.728571E-7	1	0	
9.764571E-7	1	0	
9.847714E-7	1	0	
-2.525160E-5	4	0	
-3.007646E-5	4	8	
-2.988317E-5	4	0	
-5.134286E-7	2	0	
9.561429E-7	2	0	
9.628286E-7	2	0	
9.633429E-7	2	0	
9.678857E-7	2	0	
9.710571E-7	2	0	
9.777429E-7	2	0	
9.729429E-7	2	0	
9.720857E-7	2	0	
9.804857E-7	2	0	
9.667714E-7	2	0	
9.701143E-7	2	0	
2.724266E-5	3	0	
3.209049E-5	3	8	
3.187217E-5	3	8	
2.445600E-6	1	0	
9.908571E-7	1	0	
9.846000E-7	1	0	
9.816857E-7	1	0	
9.834000E-7	1	0	
9.829714E-7	1	0	
9.775714E-7	1	0	
9.852000E-7	1	0	
9.719143E-7	1	0	
9.768000E-7	1	0	
9.732857E-7	1	0	
9.827143E-7	1	0	
-2.524509E-5	4	0	
-3.007766E-5	4	8	
-2.988497E-5	4	0	
-5.101714E-7	2	0	
9.591429E-7	2	0	
9.700286E-7	2	0	
9.630857E-7	2	0	
9.744857E-7	2	0	
9.670286E-7	2	0	
9.760286E-7	2	0	
9.741429E-7	2	0	
9.775714E-7	2	0	
9.714857E-7	2	0	
9.806571E-7	2	0	
9.735429E-7	2	0	
2.724797E-5	3	0	
3.208414E-5	3	8	
3.187560E-5	3	8	
2.449543E-6	1	0	
9.911143E-7	1	0	
9.821143E-7	1	0	
9.762000E-7	1	0	
9.806571E-7	1	0	
9.708857E-7	1	0	
9.781714E-7	1	0	
9.758571E-7	1	0	
9.741429E-7	1	0	
9.742286E-7	1	0	
9.761143E-7	1	0	
9.797143E-7	1	0	
-2.525640E-5	4	0	
-3.007689E-5	4	8	
-2.988583E-5	4	0	
-5.055429E-7	2	0	
9.418286E-7	2	0	
9.557143E-7	2	0	
9.663429E-7	2	0	
9.611143E-7	2	0	
9.696857E-7	2	0	
9.690000E-7	2	0	
9.705429E-7	2	0	
9.734571E-7	2	0	
9.754286E-7	2	0	
9.815143E-7	2	0	
9.756000E-7	2	0	
2.725294E-5	3	0	
3.208834E-5	3	8	
3.187097E-5	3	8	
2.449029E-6	1	0	
9.896571E-7	1	0	
9.806571E-7	1	0	
9.834857E-7	1	0	
9.777429E-7	1	0	
9.876857E-7	1	0	
9.768000E-7	1	0	
9.792857E-7	1	0	
9.804000E-7	1	0	
9.770571E-7	1	0	
9.756000E-7	1	0	
9.731143E-7	1	0	
-2.525623E-5	4	0	
-3.007731E-5	4	8	
-2.988300E-5	4	0	
-5.123143E-7	2	0	
9.575143E-7	2	0	
9.607714E-7	2	0	
9.660000E-7	2	0	
9.600000E-7	2	0	
9.602571E-7	2	0	
9.621429E-7	2	0	
9.702857E-7	2	0	
9.683143E-7	2	0	
9.630000E-7	2	0	
9.714857E-7	2	0	
9.687429E-7	2	0	
2.723897E-5	3	0	
3.208149E-5	3	8	
3.186831E-5	3	8	
2.445171E-6	1	0	
9.937714E-7	1	0	
9.821143E-7	1	0	
9.811714E-7	1	0	
9.742286E-7	1	0	
9.762857E-7	1	0	
9.671143E-7	1	0	
9.778286E-7	1	0	
9.752571E-7	1	0	
9.712286E-7	1	0	
9.698571E-7	1	0	
9.708857E-7	1	0	
-2.526283E-5	4	0	
-3.008263E-5	4	8	
-2.988994E-5	4	0	
-5.192571E-7	2	0	
9.459429E-7	2	0	
9.512571E-7	2	0	
9.540000E-7	2	0	
9.522000E-7	2	0	
9.547714E-7	2	0	
9.635143E-7	2	0	
9.587143E-7	2	0	
9.652286E-7	2	0	
9.565714E-7	2	0	
9.603429E-7	2	0	
9.538286E-7	2	0	
2.723117E-5	3	0	
3.206889E-5	3	8	
3.185666E-5	3	8	
2.432057E-6	1	0	
9.774000E-7	1	0	
9.667714E-7	1	0	
9.648857E-7	1	0	
9.577714E-7	1	0	
9.594857E-7	1	0	
9.563143E-7	1	0	
9.612000E-7	1	0	
9.514286E-7	1	0	
9.537429E-7	1	0	
9.478286E-7	1	0	
9.615429E-7	1	0	
-2.527491E-5	4	0	
-3.010320E-5	4	8	
-2.990374E-5	4	0	
-5.322000E-7	2	0	
9.281143E-7	2	0	
9.346286E-7	2	0	
9.418286E-7	2	0	
9.421714E-7	2	0	
9.395143E-7	2	0	
9.403714E-7	2	0	
9.459429E-7	2	0	
9.432000E-7	2	0	
9.478286E-7	2	0	
9.442286E-7	2	0	
9.397714E-7	2	0	
2.720966E-5	3	0	
3.205509E-5	3	8	
3.183977E-5	3	8	
2.418600E-6	1	0	
9.522000E-7	1	0	
9.528857E-7	1	0	
9.450857E-7	1	0	
9.528857E-7	1	0	
9.477429E-7	1	0	
9.431143E-7	1	0	
9.395143E-7	1	0	
9.387429E-7	1	0	
9.385714E-7	1	0	
9.361714E-7	1	0	
9.382286E-7	1	0	
-2.529111E-5	4	0	
-3.011151E-5	4	8	
-2.991849E-5	4	0	
-5.473714E-7	2	0	
9.138857E-7	2	0	
9.180000E-7	2	0	
9.325714E-7	2	0	
9.325714E-7	2	0	
9.282857E-7	2	0	
9.301714E-7	2	0	
9.345429E-7	2	0	
9.337714E-7	2	0	
9.328286E-7	2	0	
9.320571E-7	2	0	
9.228857E-7	2	0	
2.720434E-5	3	0	
3.204386E-5	3	8	
3.183223E-5	3	8	
2.402143E-6	1	0	
9.476571E-7	1	0	
9.458571E-7	1	0	
9.364286E-7	1	0	
9.369429E-7	1	0	
9.378857E-7	1	0	
9.423429E-7	1	0	
9.360000E-7	1	0	
9.366000E-7	1	0	
9.316286E-7	1	0	
9.366000E-7	1	0	
9.348000E-7	1	0	
-2.529197E-5	4	0	
-3.011931E-5	4	8	
-2.992414E-5	4	0	
-5.529429E-7	2	0	
9.154286E-7	2	0	
9.166286E-7	2	0	
9.166286E-7	2	0	
9.222857E-7	2	0	
9.286286E-7	2	0	
9.255429E-7	2	0	
9.311143E-7	2	0	
9.297429E-7	2	0	
9.318857E-7	2	0	
9.264000E-7	2	0	
9.354857E-7	2	0	
2.719903E-5	3	0	
3.204283E-5	3	8	
3.182623E-5	3	8	
2.404114E-6	1	0	
9.390000E-7	1	0	
9.361714E-7	1	0	
9.331714E-7	1	0	
9.348000E-7	1	0	
9.284571E-7	1	0	
9.370286E-7	1	0	
9.355714E-7	1	0	
9.335143E-7	1	0	
9.282000E-7	1	0	
9.286286E-7	1	0	
9.301714E-7	1	0	
-2.529514E-5	4	0	
-3.011983E-5	4	8	
-2.992843E-5	4	0	
-5.558571E-7	2	0	
9.088286E-7	2	0	
9.144000E-7	2	0	
9.148286E-7	2	0	
9.213429E-7	2	0	
9.214286E-7	2	0	
9.267429E-7	2	0	
9.219429E-7	2	0	
9.233143E-7	2	0	
9.268286E-7	2	0	
9.249429E-7	2	0	
9.244286E-7	2	0	
2.719671E-5	3	0	
3.204309E-5	3	8	
3.182640E-5	3	8	
2.400171E-6	1	0	
9.398571E-7	1	0	
9.408000E-7	1	0	
9.302571E-7	1	0	
9.334286E-7	1	0	
9.414857E-7	1	0	
9.328286E-7	1	0	
9.377143E-7	1	0	
9.277714E-7	1	0	
9.319714E-7	1	0	
9.249429E-7	1	0	
9.300000E-7	1	0	
-2.530003E-5	4	0	
-3.012257E-5	4	8	
-2.991814E-5	4	0	
-5.496000E-7	2	0	
9.176571E-7	2	0	
9.182571E-7	2	0	
9.231429E-7	2	0	
9.211714E-7	2	0	
9.298286E-7	2	0	
9.260571E-7	2	0	
9.284571E-7	2	0	
9.282000E-7	2	0	
9.383143E-7	2	0	
9.370286E-7	2	0	
9.328286E-7	2	0	
2.720126E-5	3	0	
3.205123E-5	3	8	
3.183540E-5	3	8	
2.412343E-6	1	0	
9.496286E-7	1	0	
9.460286E-7	1	0	
9.431143E-7	1	0	
9.398571E-7	1	0	
9.362571E-7	1	0	
9.376286E-7	1	0	
9.393429E-7	1	0	
9.372857E-7	1	0	
9.355714E-7	1	0	
9.444000E-7	1	0	
9.356571E-7	1	0	
-2.529317E-5	4	0	
-3.010663E-5	4	8	
-2.991737E-5	4	0	
-5.480571E-7	2	0	
9.215143E-7	2	0	
9.335143E-7	2	0	
9.271714E-7	2	0	
9.285429E-7	2	0	
9.192857E-7	2	0	
9.336857E-7	2	0	
9.241714E-7	2	0	
9.345429E-7	2	0	
9.358286E-7	2	0	
9.378000E-7	2	0	
9.366857E-7	2	0	
2.721746E-5	3	0	
3.205389E-5	3	8	
3.184234E-5	3	8	
2.419971E-6	1	0	
9.564000E-7	1	0	
9.524571E-7	1	0	
9.482571E-7	1	0	
9.504000E-7	1	0	
9.391714E-7	1	0	
9.482571E-7	1	0	
9.360000E-7	1	0	
9.395143E-7	1	0	
9.430286E-7	1	0	
9.421714E-7	1	0	
9.372000E-7	1	0	
-2.528871E-5	4	0	
-3.011246E-5	4	8	
-2.991129E-5	4	0	
-5.396571E-7	2	0	
9.278571E-7	2	0	
9.362571E-7	2	0	
9.338571E-7	2	0	
9.354000E-7	2	0	
9.424286E-7	2	0	
9.324857E-7	2	0	
9.361714E-7	2	0	
9.407143E-7	2	0	
9.443143E-7	2	0	
9.369429E-7	2	0	
9.449143E-7	2	0	
2.721934E-5	3	0	
3.206374E-5	3	8	
3.185186E-5	3	8	
2.425114E-6	1	0	
9.660857E-7	1	0	
9.534000E-7	1	0	
9.504000E-7	1	0	
9.570857E-7	1	0	
9.520286E-7	1	0	
9.468000E-7	1	0	
9.473143E-7	1	0	
9.493714E-7	1	0	
9.466286E-7	1	0	
9.482571E-7	1	0	
9.496286E-7	1	0	
-2.527851E-5	4	0	
-3.011229E-5	4	8	
-2.990383E-5	4	0	
-5.417143E-7	2	0	
9.318000E-7	2	0	
9.278571E-7	2	0	
9.444000E-7	2	0	
9.394286E-7	2	0	
9.420857E-7	2	0	
9.384000E-7	2	0	
9.373714E-7	2	0	
9.422571E-7	2	0	
9.416571E-7	2	0	
9.399429E-7	2	0	
9.494571E-7	2	0	
2.722131E-5	3	0	
3.205749E-5	3	8	
3.185083E-5	3	8	
2.418343E-6	1	0	
9.645429E-7	1	0	
9.591429E-7	1	0	
9.573429E-7	1	0	
9.543429E-7	1	0	
9.526286E-7	1	0	
9.524571E-7	1	0	
9.489429E-7	1	0	
9.464571E-7	1	0	
9.489429E-7	1	0	
9.455143E-7	1	0	
9.544286E-7	1	0	
-2.527980E-5	4	0	
-3.009797E-5	4	8	
-2.991060E-5	4	0	
-5.307429E-7	2	0	
9.388286E-7	2	0	
9.372000E-7	2	0	
9.498000E-7	2	0	
9.473143E-7	2	0	
9.526286E-7	2	0	
9.548571E-7	2	0	
9.457714E-7	2	0	
9.497143E-7	2	0	
9.510857E-7	2	0	
9.548571E-7	2	0	
9.531429E-7	2	0	
2.722946E-5	3	0	
3.206709E-5	3	8	
3.185537E-5	3	8	
2.429057E-6	1	0	
9.690000E-7	1	0	
9.569143E-7	1	0	
9.580286E-7	1	0	
9.616286E-7	1	0	
9.606000E-7	1	0	
9.591429E-7	1	0	
9.546857E-7	1	0	
9.508286E-7	1	0	
9.534000E-7	1	0	
9.537429E-7	1	0	
9.584571E-7	1	0	
-2.527354E-5	4	0	
-3.009643E-5	4	8	
-2.989877E-5	4	0	
-5.247429E-7	2	0	
9.397714E-7	2	0	
9.517714E-7	2	0	
9.549429E-7	2	0	
9.528000E-7	2	0	
9.466286E-7	2	0	
9.604286E-7	2	0	
9.595714E-7	2	0	
9.600857E-7	2	0	
9.606000E-7	2	0	
9.546000E-7	2	0	
9.617143E-7	2	0	
2.723434E-5	3	0	
3.206991E-5	3	8	
3.186463E-5	3	8	
2.435400E-6	1	0	
9.733714E-7	1	0	
9.570000E-7	1	0	
9.672000E-7	1	0	
9.726000E-7	1	0	
9.678000E-7	1	0	
9.654000E-7	1	0	
9.724286E-7	1	0	
9.664286E-7	1	0	
9.605143E-7	1	0	
9.697714E-7	1	0	
9.675429E-7	1	0	
-2.526000E-5	4	0	
-3.008829E-5	4	8	
-2.988291E-5	4	0	
-5.190000E-7	2	0	
9.463714E-7	2	0	
9.507429E-7	2	0	
9.598286E-7	2	0	
9.677143E-7	2	0	
9.637714E-7	2	0	
9.617143E-7	2	0	
9.615429E-7	2	0	
9.614571E-7	2	0	
9.660000E-7	2	0	
9.631714E-7	2	0	
9.618857E-7	2	0	
2.723563E-5	3	0	
3.208003E-5	3	8	
3.186686E-5	3	8	
2.438143E-6	1	0	
9.778286E-7	1	0	
9.816857E-7	1	0	
9.774857E-7	1	0	
9.770571E-7	1	0	
9.692571E-7	1	0	
9.731143E-7	1	0	
9.735429E-7	1	0	
9.700286E-7	1	0	
9.752571E-7	1	0	
9.712286E-7	1	0	
9.744857E-7	1	0	
-2.526171E-5	4	0	
-3.008074E-5	4	8	
-2.988540E-5	4	0	
-5.134286E-7	2	0	
9.533143E-7	2	0	
9.578571E-7	2	0	
9.540000E-7	2	0	
9.564000E-7	2	0	
9.585429E-7	2	0	
9.570857E-7	2	0	
9.660857E-7	2	0	
9.674571E-7	2	0	
9.614571E-7	2	0	
9.654000E-7	2	0	
9.676286E-7	2	0	
2.724334E-5	3	0	
3.207591E-5	3	8	
3.186506E-5	3	8	
2.441829E-6	1	0	
9.866571E-7	1	0	
9.756857E-7	1	0	
9.773143E-7	1	0	
9.644571E-7	1	0	
9.761143E-7	1	0	
9.758571E-7	1	0	
9.765429E-7	1	0	
9.690000E-7	1	0	
9.747429E-7	1	0	
9.613714E-7	1	0	
9.637714E-7	1	0	
-2.526249E-5	4	0	
-3.008246E-5	4	8	
-2.988463E-5	4	0	
-5.231143E-7	2	0	
9.452571E-7	2	0	
9.540000E-7	2	0	
9.634286E-7	2	0	
9.558000E-7	2	0	
9.646286E-7	2	0	
9.644571E-7	2	0	
9.605143E-7	2	0	
9.643714E-7	2	0	
9.564000E-7	2	0	
9.638571E-7	2	0	
9.600000E-7	2	0	
2.723726E-5	3	0	
3.207240E-5	3	8	
3.186034E-5	3	8	
2.438229E-6	1	0	
9.834000E-7	1	0	
9.675429E-7	1	0	
9.647143E-7	1	0	
9.652286E-7	1	0	
9.612857E-7	1	0	
9.671143E-7	1	0	
9.568286E-7	1	0	
9.627429E-7	1	0	
9.624857E-7	1	0	
9.654000E-7	1	0	
9.590571E-7	1	0	
-2.527569E-5	4	0	
-3.008700E-5	4	8	
-2.989500E-5	4	0	
-5.254286E-7	2	0	
9.366000E-7	2	0	
9.488571E-7	2	0	
9.534857E-7	2	0	
9.520286E-7	2	0	
9.478286E-7	2	0	
9.642000E-7	2	0	
9.515143E-7	2	0	
9.660000E-7	2	0	
9.606000E-7	2	0	
9.605143E-7	2	0	
9.571714E-7	2	0	
2.723983E-5	3	0	
3.207351E-5	3	8	
3.186197E-5	3	8	
2.439771E-6	1	0	
9.804857E-7	1	0	
9.720857E-7	1	0	
9.683143E-7	1	0	
9.689143E-7	1	0	
9.766286E-7	1	0	
9.713143E-7	1	0	
9.653143E-7	1	0	
9.723429E-7	1	0	
9.740571E-7	1	0	
9.698571E-7	1	0	
9.669429E-7	1	0	
-2.525691E-5	4	0	
-3.009291E-5	4	8	
-2.988540E-5	4	0	
-5.127429E-7	2	0	
9.461143E-7	2	0	
9.573429E-7	2	0	
9.648857E-7	2	0	
9.520286E-7	2	0	
9.692571E-7	2	0	
9.699429E-7	2	0	
9.584571E-7	2	0	
9.655714E-7	2	0	
9.632571E-7	2	0	
9.672000E-7	2	0	
9.702000E-7	2	0	
2.724180E-5	3	0	
3.207514E-5	3	8	
3.187603E-5	3	8	
2.444400E-6	1	0	
9.898286E-7	1	0	
9.836571E-7	1	0	
9.776571E-7	1	0	
9.764571E-7	1	0	
9.716571E-7	1	0	
9.763714E-7	1	0	
9.709714E-7	1	0	
9.776571E-7	1	0	
9.774000E-7	1	0	
9.683143E-7	1	0	
9.677143E-7	1	0	
-2.525451E-5	4	0	
-3.007963E-5	4	8	
-2.988129E-5	4	0	
-5.196000E-7	2	0	
9.544286E-7	2	0	
9.560571E-7	2	0	
9.645429E-7	2	0	
9.652286E-7	2	0	
9.675429E-7	2	0	
9.633429E-7	2	0	
9.651429E-7	2	0	
9.654000E-7	2	0	
9.711429E-7	2	0	
9.683143E-7	2	0	
9.697714E-7	2	0	
2.724223E-5	3	0	
3.208217E-5	3	8	
3.187063E-5	3	8	
2.443029E-6	1	0	
9.876857E-7	1	0	
9.813429E-7	1	0	
9.757714E-7	1	0	
9.783429E-7	1	0	
9.731143E-7	1	0	
9.680571E-7	1	0	
9.738000E-7	1	0	
9.721714E-7	1	0	
9.727714E-7	1	0	
9.738857E-7	1	0	
9.829714E-7	1	0	
-2.525631E-5	4	0	
-3.007671E-5	4	8	
-2.988540E-5	4	0	
-5.116286E-7	2	0	
9.592286E-7	2	0	
9.642857E-7	2	0	
9.730286E-7	2	0	
9.679714E-7	2	0	
9.709714E-7	2	0	
9.678857E-7	2	0	
9.703714E-7	2	0	
9.756857E-7	2	0	
9.750000E-7	2	0	
9.727714E-7	2	0	
9.790286E-7	2	0	
2.724480E-5	3	0	
3.208637E-5	3	8	
3.187689E-5	3	8	
2.451257E-6	1	0	
9.948857E-7	1	0	
9.788571E-7	1	0	
9.809143E-7	1	0	
9.865714E-7	1	0	
9.697714E-7	1	0	
9.861429E-7	1	0	
9.718286E-7	1	0	
9.821143E-7	1	0	
9.854571E-7	1	0	
9.763714E-7	1	0	
9.744857E-7	1	0	
-2.525469E-5	4	0	
-3.008529E-5	4	8	
-2.988026E-5	4	0	
-5.091429E-7	2	0	
9.547714E-7	2	0	
9.552000E-7	2	0	
9.582000E-7	2	0	
9.647143E-7	2	0	
9.616286E-7	2	0	
9.732857E-7	2	0	
9.626571E-7	2	0	
9.648000E-7	2	0	
9.673714E-7	2	0	
9.635143E-7	2	0	
9.684000E-7	2	0	
2.723880E-5	3	0	
3.208577E-5	3	8	
3.187226E-5	3	8	
2.450057E-6	1	0	
9.938571E-7	1	0	
9.820286E-7	1	0	
9.816000E-7	1	0	
9.804000E-7	1	0	
9.729429E-7	1	0	
9.762000E-7	1	0	
9.660000E-7	1	0	
9.752571E-7	1	0	
9.647143E-7	1	0	
9.712286E-7	1	0	
9.653143E-7	1	0	
-2.525640E-5	4	0	
-3.007689E-5	4	8	
-2.988197E-5	4	0	
-5.183143E-7	2	0	
9.438857E-7	2	0	
9.612000E-7	2	0	
9.581143E-7	2	0	
9.636857E-7	2	0	
9.654000E-7	2	0	
9.613714E-7	2	0	
9.658286E-7	2	0	
9.663429E-7	2	0	
9.658286E-7	2	0	
9.752571E-7	2	0	
9.684000E-7	2	0	
2.724077E-5	3	0	
3.208166E-5	3	8	
3.186729E-5	3	8	
2.441657E-6	1	0	
9.799714E-7	1	0	
9.778286E-7	1	0	
9.720000E-7	1	0	
9.792857E-7	1	0	
9.655714E-7	1	0	
9.697714E-7	1	0	
9.596571E-7	1	0	
9.627429E-7	1	0	
9.640286E-7	1	0	
9.677143E-7	1	0	
9.718286E-7	1	0	
-2.526814E-5	4	0	
-3.009566E-5	4	8	
-2.989423E-5	4	0	
-5.225143E-7	2	0	
9.381429E-7	2	0	
9.569143E-7	2	0	
9.407143E-7	2	0	
9.499714E-7	2	0	
9.426000E-7	2	0	
9.495429E-7	2	0	
9.546857E-7	2	0	
9.609429E-7	2	0	
9.494571E-7	2	0	
9.525429E-7	2	0	
9.540000E-7	2	0	
2.723126E-5	3	0	
3.207300E-5	3	8	
3.185811E-5	3	8	
2.427857E-6	1	0	
9.756857E-7	1	0	
9.696857E-7	1	0	
9.654857E-7	1	0	
9.607714E-7	1	0	
9.557143E-7	1	0	
9.538286E-7	1	0	
9.568286E-7	1	0	
9.474857E-7	1	0	
9.554571E-7	1	0	
9.579429E-7	1	0	
9.535714E-7	1	0	
-2.527311E-5	4	0	
-3.010286E-5	4	8	
-2.990409E-5	4	0	
-5.368286E-7	2	0	
9.324000E-7	2	0	
9.329143E-7	2	0	
9.480000E-7	2	0	
9.399429E-7	2	0	
9.393429E-7	2	0	
9.398571E-7	2	0	
9.406286E-7	2	0	
9.404571E-7	2	0	
9.404571E-7	2	0	
9.468857E-7	2	0	
9.432000E-7	2	0	
2.721351E-5	3	0	
3.204994E-5	3	8	
3.185151E-5	3	8	
2.415171E-6	1	0	
9.650571E-7	1	0	
9.552857E-7	1	0	
9.446571E-7	1	0	
9.482571E-7	1	0	
9.447429E-7	1	0	
9.336857E-7	1	0	
9.426000E-7	1	0	
9.397714E-7	1	0	
9.426000E-7	1	0	
9.355714E-7	1	0	
9.378000E-7	1	0	
-2.529094E-5	4	0	
-3.011760E-5	4	8	
-2.992543E-5	4	0	
-5.472000E-7	2	0	
9.165429E-7	2	0	
9.218571E-7	2	0	
9.241714E-7	2	0	
9.257143E-7	2	0	
9.251143E-7	2	0	
9.301714E-7	2	0	
9.249429E-7	2	0	
9.212571E-7	2	0	
9.234000E-7	2	0	
9.298286E-7	2	0	
9.263143E-7	2	0	
2.719706E-5	3	0	
3.204154E-5	3	8	
3.182914E-5	3	8	
2.401714E-6	1	0	
9.451714E-7	1	0	
9.336000E-7	1	0	
9.392571E-7	1	0	
9.329143E-7	1	0	
9.302571E-7	1	0	
9.243429E-7	1	0	
9.252000E-7	1	0	
9.237429E-7	1	0	
9.294857E-7	1	0	
9.102857E-7	1	0	
9.272571E-7	1	0	
-2.530783E-5	4	0	
-3.012489E-5	4	8	
-2.993829E-5	4	0	
-5.618571E-7	2	0	
9.150000E-7	2	0	
9.120000E-7	2	0	
9.105429E-7	2	0	
9.213429E-7	2	0	
9.120000E-7	2	0	
9.210857E-7	2	0	
9.115714E-7	2	0	
9.132857E-7	2	0	
9.142286E-7	2	0	
9.219429E-7	2	0	
9.132000E-7	2	0	
2.718806E-5	3	0	
3.203297E-5	3	8	
3.181894E-5	3	8	
2.385429E-6	1	0	
9.270000E-7	1	0	
9.223714E-7	1	0	
9.168857E-7	1	0	
9.191143E-7	1	0	
9.141429E-7	1	0	
9.069429E-7	1	0	
9.084857E-7	1	0	
9.104571E-7	1	0	
9.043714E-7	1	0	
9.131143E-7	1	0	
9.133714E-7	1	0	
-2.532386E-5	4	0	
-3.014323E-5	4	8	
-2.994746E-5	4	0	
-5.796857E-7	2	0	
8.922000E-7	2	0	
8.898857E-7	2	0	
8.973429E-7	2	0	
8.991429E-7	2	0	
9.020571E-7	2	0	
8.935714E-7	2	0	
8.946000E-7	2	0	
9.017143E-7	2	0	
8.994857E-7	2	0	
8.984571E-7	2	0	
8.989714E-7	2	0	
2.716731E-5	3	0	
3.201017E-5	3	8	
3.179691E-5	3	8	
2.374286E-6	1	0	
9.103714E-7	1	0	
9.080571E-7	1	0	
8.976000E-7	1	0	
9.042857E-7	1	0	
9.006857E-7	1	0	
9.080571E-7	1	0	
8.983714E-7	1	0	
9.040286E-7	1	0	
9.000000E-7	1	0	
9.034286E-7	1	0	
8.970000E-7	1	0	
-2.533191E-5	4	0	
-3.015429E-5	4	8	
-2.995894E-5	4	0	
-5.874857E-7	2	0	
8.768571E-7	2	0	
8.757429E-7	2	0	
8.883429E-7	2	0	
8.868857E-7	2	0	
8.934000E-7	2	0	
8.902286E-7	2	0	
8.911714E-7	2	0	
8.892857E-7	2	0	
8.946857E-7	2	0	
8.999143E-7	2	0	
8.976857E-7	2	0	
2.716929E-5	3	0	
3.200923E-5	3	8	
3.179340E-5	3	8	
2.362886E-6	1	0	
9.126857E-7	1	0	
9.020571E-7	1	0	
9.060857E-7	1	0	
9.024000E-7	1	0	
8.964857E-7	1	0	
8.964000E-7	1	0	
9.016286E-7	1	0	
8.940857E-7	1	0	
8.978571E-7	1	0	
8.915143E-7	1	0	
8.944286E-7	1	0	
-2.532746E-5	4	0	
-3.015257E-5	4	8	
-2.995243E-5	4	0	
-5.920286E-7	2	0	
8.812286E-7	2	0	
8.862857E-7	2	0	
8.876571E-7	2	0	
8.904857E-7	2	0	
8.930571E-7	2	0	
8.908286E-7	2	0	
8.954571E-7	2	0	
8.931429E-7	2	0	
8.988000E-7	2	0	
8.889429E-7	2	0	
8.961429E-7	2	0	
2.716843E-5	3	0	
3.201249E-5	3	8	
3.179614E-5	3	8	
2.372486E-6	1	0	
9.182571E-7	1	0	
9.092571E-7	1	0	
9.091714E-7	1	0	
8.964857E-7	1	0	
8.993143E-7	1	0	
9.010286E-7	1	0	
9.012857E-7	1	0	
8.970000E-7	1	0	
8.986286E-7	1	0	
8.946000E-7	1	0	
8.942571E-7	1	0	
-2.533834E-5	4	0	
-3.016080E-5	4	8	
-2.996014E-5	4	0	
-5.916857E-7	2	0	
8.766857E-7	2	0	
8.884286E-7	2	0	
8.870571E-7	2	0	
8.965714E-7	2	0	
8.928000E-7	2	0	
8.868000E-7	2	0	
8.951143E-7	2	0	
8.917714E-7	2	0	
8.933143E-7	2	0	
8.855143E-7	2	0	
8.893714E-7	2	0	
2.716629E-5	3	0	
3.199757E-5	3	8	
3.179289E-5	3	8	
2.361686E-6	1	0	
9.042000E-7	1	0	
9.012000E-7	1	0	
9.021429E-7	1	0	
8.967429E-7	1	0	
9.000000E-7	1	0	
8.892000E-7	1	0	
9.048857E-7	1	0	
8.937429E-7	1	0	
8.949429E-7	1	0	
8.888571E-7	1	0	
8.987143E-7	1	0	
-2.533423E-5	4	0	
-3.015883E-5	4	8	
-2.995920E-5	4	0	
-5.949429E-7	2	0	
8.783143E-7	2	0	
8.886000E-7	2	0	
8.886000E-7	2	0	
8.871429E-7	2	0	
8.864571E-7	2	0	
8.930571E-7	2	0	
8.916000E-7	2	0	
8.849143E-7	2	0	
8.927143E-7	2	0	
8.860286E-7	2	0	
8.924571E-7	2	0	
2.717143E-5	3	0	
3.200126E-5	3	8	
3.179203E-5	3	8	
2.368543E-6	1	0	
9.077143E-7	1	0	
9.050571E-7	1	0	
9.060000E-7	1	0	
8.957143E-7	1	0	
8.985429E-7	1	0	
8.956286E-7	1	0	
8.994000E-7	1	0	
8.999143E-7	1	0	
8.946000E-7	1	0	
8.934000E-7	1	0	
9.002571E-7	1	0	
-2.532986E-5	4	0	
-3.016449E-5	4	8	
-2.995277E-5	4	0	
-5.860286E-7	2	0	
8.845714E-7	2	0	
8.840571E-7	2	0	
8.892000E-7	2	0	
8.935714E-7	2	0	
8.937429E-7	2	0	
8.979429E-7	2	0	
8.986286E-7	2	0	
9.012000E-7	2	0	
9.016286E-7	2	0	
8.946000E-7	2	0	
9.080571E-7	2	0	
2.717057E-5	3	0	
3.201360E-5	3	8	
3.180463E-5	3	8	
2.376857E-6	1	0	
9.195429E-7	1	0	
9.120857E-7	1	0	
9.159429E-7	1	0	
9.105429E-7	1	0	
9.092571E-7	1	0	
9.063429E-7	1	0	
9.117429E-7	1	0	
9.078000E-7	1	0	
9.084000E-7	1	0	
9.047143E-7	1	0	
9.097714E-7	1	0	
-2.532154E-5	4	0	
-3.014897E-5	4	8	
-2.994549E-5	4	0	
-5.805429E-7	2	0	
8.903143E-7	2	0	
8.872286E-7	2	0	
8.967429E-7	2	0	
8.979429E-7	2	0	
9.008571E-7	2	0	
9.030857E-7	2	0	
9.085714E-7	2	0	
9.007714E-7	2	0	
9.110571E-7	2	0	
9.043714E-7	2	0	
9.074571E-7	2	0	
2.717717E-5	3	0	
3.201737E-5	3	8	
3.181140E-5	3	8	
2.383886E-6	1	0	
9.172286E-7	1	0	
9.075429E-7	1	0	
9.088286E-7	1	0	
9.109714E-7	1	0	
9.096000E-7	1	0	
9.051429E-7	1	0	
9.127714E-7	1	0	
9.041143E-7	1	0	
9.079714E-7	1	0	
9.101143E-7	1	0	
9.079714E-7	1	0	
-2.533174E-5	4	0	
-3.014811E-5	4	8	
-2.995183E-5	4	0	
-5.731714E-7	2	0	
8.890286E-7	2	0	
8.937429E-7	2	0	
9.006857E-7	2	0	
9.060000E-7	2	0	
9.048857E-7	2	0	
9.053143E-7	2	0	
9.017143E-7	2	0	
9.088286E-7	2	0	
9.046286E-7	2	0	
9.114000E-7	2	0	
9.090857E-7	2	0	
2.718154E-5	3	0	
3.202363E-5	3	8	
3.180849E-5	3	8	
2.392543E-6	1	0	
9.306857E-7	1	0	
9.287143E-7	1	0	
9.172286E-7	1	0	
9.209143E-7	1	0	
9.174857E-7	1	0	
9.202286E-7	1	0	
9.234857E-7	1	0	
9.264000E-7	1	0	
9.227143E-7	1	0	
9.180000E-7	1	0	
9.139714E-7	1	0	
-2.530843E-5	4	0	
-3.013714E-5	4	8	
-2.993743E-5	4	0	
-5.619429E-7	2	0	
9.067714E-7	2	0	
9.081429E-7	2	0	
9.098571E-7	2	0	
9.092571E-7	2	0	
9.188571E-7	2	0	
9.150000E-7	2	0	
9.081429E-7	2	0	
9.205714E-7	2	0	
9.096857E-7	2	0	
9.221143E-7	2	0	
9.205714E-7	2	0	
2.719243E-5	3	0	
3.202560E-5	3	8	
3.181654E-5	3	8	
2.394086E-6	1	0	
9.275143E-7	1	0	
9.306000E-7	1	0	
9.312857E-7	1	0	
9.114857E-7	1	0	
9.202286E-7	1	0	
9.130286E-7	1	0	
9.222857E-7	1	0	
9.123429E-7	1	0	
9.216000E-7	1	0	
9.121714E-7	1	0	
9.189429E-7	1	0	
-2.530680E-5	4	0	
-3.013346E-5	4	8	
-2.994146E-5	4	0	
-5.676000E-7	2	0	
8.989714E-7	2	0	
9.072000E-7	2	0	
9.000000E-7	2	0	
9.025714E-7	2	0	
9.089143E-7	2	0	
9.101143E-7	2	0	
9.012000E-7	2	0	
9.036857E-7	2	0	
9.173143E-7	2	0	
9.198857E-7	2	0	
9.140571E-7	2	0	
2.718626E-5	3	0	
3.202654E-5	3	8	
3.182134E-5	3	8	
2.386029E-6	1	0	
9.252857E-7	1	0	
9.241714E-7	1	0	
9.245143E-7	1	0	
9.144857E-7	1	0	
9.183429E-7	1	0	
9.124286E-7	1	0	
9.133714E-7	1	0	
9.174000E-7	1	0	
9.113143E-7	1	0	
9.035143E-7	1	0	
9.079714E-7	1	0	
-2.531083E-5	4	0	
-3.014529E-5	4	8	
-2.994077E-5	4	0	
-5.732571E-7	2	0	
8.928000E-7	2	0	
9.006000E-7	2	0	
8.976000E-7	2	0	
9.056571E-7	2	0	
9.081429E-7	2	0	
9.078000E-7	2	0	
9.032571E-7	2	0	
9.124286E-7	2	0	
9.059143E-7	2	0	
9.063429E-7	2	0	
9.097714E-7	2	0	
2.718686E-5	3	0	
3.202149E-5	3	8	
3.180497E-5	3	8	
2.387400E-6	1	0	
9.268286E-7	1	0	
9.161143E-7	1	0	
9.206571E-7	1	0	
9.198857E-7	1	0	
9.097714E-7	1	0	
9.163714E-7	1	0	
9.070286E-7	1	0	
9.115714E-7	1	0	
9.117429E-7	1	0	
9.118286E-7	1	0	
9.152571E-7	1	0	
-2.530894E-5	4	0	
-3.013620E-5	4	8	
-2.995003E-5	4	0	
-5.696571E-7	2	0	
8.884286E-7	2	0	
9.072857E-7	2	0	
9.030000E-7	2	0	
9.103714E-7	2	0	
9.043714E-7	2	0	
9.055714E-7	2	0	
9.096857E-7	2	0	
9.156857E-7	2	0	
9.078857E-7	2	0	
9.126000E-7	2	0	
9.080571E-7	2	0	
2.718171E-5	3	0	
3.202543E-5	3	8	
3.180883E-5	3	8	
2.390657E-6	1	0	
9.306000E-7	1	0	
9.237429E-7	1	0	
9.262286E-7	1	0	
9.300857E-7	1	0	
9.261429E-7	1	0	
9.216000E-7	1	0	
9.266571E-7	1	0	
9.180857E-7	1	0	
9.192857E-7	1	0	
9.247714E-7	1	0	
9.234000E-7	1	0	
-2.529429E-5	4	0	
-3.013166E-5	4	8	
-2.993109E-5	4	0	
-5.605714E-7	2	0	
9.098571E-7	2	0	
9.115714E-7	2	0	
9.246000E-7	2	0	
9.176571E-7	2	0	
9.261429E-7	2	0	
9.186857E-7	2	0	
9.263143E-7	2	0	
9.244286E-7	2	0	
9.264000E-7	2	0	
9.265714E-7	2	0	
9.307714E-7	2	0	
2.720469E-5	3	0	
3.204480E-5	3	8	
3.182863E-5	3	8	
2.403086E-6	1	0	
9.461143E-7	1	0	
9.376286E-7	1	0	
9.375429E-7	1	0	
9.378857E-7	1	0	
9.389143E-7	1	0	
9.385714E-7	1	0	
9.351429E-7	1	0	
9.295714E-7	1	0	
9.330857E-7	1	0	
9.331714E-7	1	0	
9.394286E-7	1	0	
-2.529223E-5	4	0	
-3.011786E-5	4	8	
-2.991969E-5	4	0	
-5.430857E-7	2	0	
9.156000E-7	2	0	
9.271714E-7	2	0	
9.294000E-7	2	0	
9.293143E-7	2	0	
9.327429E-7	2	0	
9.349714E-7	2	0	
9.343714E-7	2	0	
9.385714E-7	2	0	
9.389143E-7	2	0	
9.306857E-7	2	0	
9.365143E-7	2	0	
2.720966E-5	3	0	
3.204351E-5	3	8	
3.183720E-5	3	8	
2.409429E-6	1	0	
9.479143E-7	1	0	
9.428571E-7	1	0	
9.409714E-7	1	0	
9.384857E-7	1	0	
9.348000E-7	1	0	
9.294000E-7	1	0	
9.268286E-7	1	0	
9.310286E-7	1	0	
9.372000E-7	1	0	
9.348000E-7	1	0	
9.299143E-7	1	0	
-2.529934E-5	4	0	
-3.012840E-5	4	8	
-2.993014E-5	4	0	
-5.573143E-7	2	0	
9.130286E-7	2	0	
9.149143E-7	2	0	
9.168000E-7	2	0	
9.218571E-7	2	0	
9.263143E-7	2	0	
9.168000E-7	2	0	
9.190286E-7	2	0	
9.203143E-7	2	0	
9.229714E-7	2	0	
9.185143E-7	2	0	
9.225429E-7	2	0	
2.720151E-5	3	0	
3.204231E-5	3	8	
3.182606E-5	3	8	
2.399143E-6	1	0	
9.467143E-7	1	0	
9.332571E-7	1	0	
9.323143E-7	1	0	
9.360000E-7	1	0	
9.348857E-7	1	0	
9.239143E-7	1	0	
9.271714E-7	1	0	
9.289714E-7	1	0	
9.286286E-7	1	0	
9.137143E-7	1	0	
9.260571E-7	1	0	
-2.530020E-5	4	0	
-3.012394E-5	4	8	
-2.992954E-5	4	0	
-5.589429E-7	2	0	
9.160286E-7	2	0	
9.201429E-7	2	0	
9.132000E-7	2	0	
9.179143E-7	2	0	
9.227143E-7	2	0	
9.247714E-7	2	0	
9.214286E-7	2	0	
9.222000E-7	2	0	
9.300000E-7	2	0	
9.295714E-7	2	0	
9.266571E-7	2	0	
2.720031E-5	3	0	
3.204694E-5	3	8	
3.183129E-5	3	8	
2.403514E-6	1	0	
9.486857E-7	1	0	
9.354000E-7	1	0	
9.421714E-7	1	0	
9.353143E-7	1	0	
9.378000E-7	1	0	
9.336000E-7	1	0	
9.273429E-7	1	0	
9.324857E-7	1	0	
9.327429E-7	1	0	
9.351429E-7	1	0	
9.348857E-7	1	0	
-2.529506E-5	4	0	
-3.012326E-5	4	8	
-2.992166E-5	4	0	
-5.473714E-7	2	0	
9.175714E-7	2	0	
9.188571E-7	2	0	
9.259714E-7	2	0	
9.263143E-7	2	0	
9.277714E-7	2	0	
9.274286E-7	2	0	
9.394286E-7	2	0	
9.347143E-7	2	0	
9.290571E-7	2	0	
9.282857E-7	2	0	
9.340286E-7	2	0	
2.721017E-5	3	0	
3.204626E-5	3	8	
3.184089E-5	3	8	
2.404543E-6	1	0	
9.514286E-7	1	0	
9.412286E-7	1	0	
9.414000E-7	1	0	
9.370286E-7	1	0	
9.318000E-7	1	0	
9.449143E-7	1	0	
9.431143E-7	1	0	
9.308571E-7	1	0	
9.404571E-7	1	0	
9.324857E-7	1	0	
9.384000E-7	1	0	
-2.529557E-5	4	0	
-3.012394E-5	4	8	
-2.991883E-5	4	0	
-5.514857E-7	2	0	
9.166286E-7	2	0	
9.206571E-7	2	0	
9.223714E-7	2	0	
9.256286E-7	2	0	
9.265714E-7	2	0	
9.324000E-7	2	0	
9.276000E-7	2	0	
9.392571E-7	2	0	
9.313714E-7	2	0	
9.392571E-7	2	0	
9.306000E-7	2	0	
2.720871E-5	3	0	
3.204471E-5	3	8	
3.184097E-5	3	8	
2.408229E-6	1	0	
9.500571E-7	1	0	
9.481714E-7	1	0	
9.390857E-7	1	0	
9.417429E-7	1	0	
9.392571E-7	1	0	
9.272571E-7	1	0	
9.304286E-7	1	0	
9.341143E-7	1	0	
9.337714E-7	1	0	
9.348857E-7	1	0	
9.340286E-7	1	0	
-2.529814E-5	4	0	
-3.012369E-5	4	8	
-2.991583E-5	4	0	
-5.493429E-7	2	0	
9.135429E-7	2	0	
9.217714E-7	2	0	
9.186000E-7	2	0	
9.228000E-7	2	0	
9.216000E-7	2	0	
9.293143E-7	2	0	
9.323143E-7	2	0	
9.215143E-7	2	0	
9.311143E-7	2	0	
9.223714E-7	2	0	
9.374571E-7	2	0	
2.720640E-5	3	0	
3.204523E-5	3	8	
3.182486E-5	3	8	
2.400771E-6	1	0	
9.458571E-7	1	0	
9.441429E-7	1	0	
9.386571E-7	1	0	
9.356571E-7	1	0	
9.390857E-7	1	0	
9.340286E-7	1	0	
9.347143E-7	1	0	
9.290571E-7	1	0	
9.311143E-7	1	0	
9.241714E-7	1	0	
9.254571E-7	1	0	
-2.529943E-5	4	0	
-3.012746E-5	4	8	
-2.992440E-5	4	0	
-5.508000E-7	2	0	
9.071143E-7	2	0	
9.204857E-7	2	0	
9.133714E-7	2	0	
9.228857E-7	2	0	
9.212571E-7	2	0	
9.306000E-7	2	0	
9.288857E-7	2	0	
9.302571E-7	2	0	
9.268286E-7	2	0	
9.295714E-7	2	0	
9.303429E-7	2	0	
2.719980E-5	3	0	
3.204420E-5	3	8	
3.182597E-5	3	8	
2.400514E-6	1	0	
9.451714E-7	1	0	
9.435429E-7	1	0	
9.321429E-7	1	0	
9.316286E-7	1	0	
9.249429E-7	1	0	
9.291429E-7	1	0	
9.231429E-7	1	0	
9.306000E-7	1	0	
9.219429E-7	1	0	
9.221143E-7	1	0	
9.190286E-7	1	0	
-2.531254E-5	4	0	
-3.012900E-5	4	8	
-2.993846E-5	4	0	
-5.673429E-7	2	0	
9.011143E-7	2	0	
9.139714E-7	2	0	
9.063429E-7	2	0	
9.109714E-7	2	0	
9.119143E-7	2	0	
9.079714E-7	2	0	
9.043714E-7	2	0	
9.169714E-7	2	0	
9.136286E-7	2	0	
9.228000E-7	2	0	
9.203143E-7	2	0	
2.718831E-5	3	0	
3.203066E-5	3	8	
3.182074E-5	3	8	
2.400686E-6	1	0	
9.295714E-7	1	0	
9.173143E-7	1	0	
9.234857E-7	1	0	
9.226286E-7	1	0	
9.234857E-7	1	0	
9.180000E-7	1	0	
9.151714E-7	1	0	
9.191143E-7	1	0	
9.129429E-7	1	0	
9.133714E-7	1	0	
9.220286E-7	1	0	
-2.531229E-5	4	0	
-3.013774E-5	4	8	
-2.993589E-5	4	0	
-5.698286E-7	2	0	
9.070286E-7	2	0	
9.048857E-7	2	0	
9.035143E-7	2	0	
9.085714E-7	2	0	
9.162857E-7	2	0	
9.060000E-7	2	0	
9.103714E-7	2	0	
9.098571E-7	2	0	
9.180000E-7	2	0	
9.079714E-7	2	0	
9.240857E-7	2	0	
2.719123E-5	3	0	
3.203340E-5	3	8	
3.181140E-5	3	8	
2.392714E-6	1	0	
9.358286E-7	1	0	
9.317143E-7	1	0	
9.193714E-7	1	0	
9.216857E-7	1	0	
9.133714E-7	1	0	
9.108000E-7	1	0	
9.158571E-7	1	0	
9.211714E-7	1	0	
9.113143E-7	1	0	
9.168857E-7	1	0	
9.118286E-7	1	0	
-2.530783E-5	4	0	
-3.014434E-5	4	8	
-2.994240E-5	4	0	
-5.742857E-7	2	0	
8.959714E-7	2	0	
8.997429E-7	2	0	
8.946000E-7	2	0	
9.036857E-7	2	0	
8.971714E-7	2	0	
9.029143E-7	2	0	
9.037714E-7	2	0	
9.014571E-7	2	0	
9.043714E-7	2	0	
9.004286E-7	2	0	
9.026571E-7	2	0	
2.717529E-5	3	0	
3.201360E-5	3	8	
3.180497E-5	3	8	
2.377029E-6	1	0	
9.180000E-7	1	0	
9.174000E-7	1	0	
9.040286E-7	1	0	
9.036000E-7	1	0	
8.939143E-7	1	0	
8.986286E-7	1	0	
8.988000E-7	1	0	
9.030857E-7	1	0	
8.945143E-7	1	0	
8.956286E-7	1	0	
8.941714E-7	1	0	
-2.533697E-5	4	0	
-3.015214E-5	4	8	
-2.996289E-5	4	0	
-5.861143E-7	2	0	
8.765143E-7	2	0	
8.874000E-7	2	0	
8.881714E-7	2	0	
8.871429E-7	2	0	
8.892000E-7	2	0	
8.942571E-7	2	0	
8.941714E-7	2	0	
8.826857E-7	2	0	
8.821714E-7	2	0	
8.842286E-7	2	0	
8.872286E-7	2	0	
2.715797E-5	3	0	
3.199637E-5	3	8	
3.178869E-5	3	8	
2.354400E-6	1	0	
8.969143E-7	1	0	
8.977714E-7	1	0	
8.895429E-7	1	0	
8.935714E-7	1	0	
8.930571E-7	1	0	
8.824286E-7	1	0	
8.846571E-7	1	0	
8.810571E-7	1	0	
8.841429E-7	1	0	
8.831143E-7	1	0	
8.804571E-7	1	0	
-2.534443E-5	4	0	
-3.016774E-5	4	8	
-2.996717E-5	4	0	
-6.034286E-7	2	0	
8.687143E-7	2	0	
8.641714E-7	2	0	
8.695714E-7	2	0	
8.809714E-7	2	0	
8.802857E-7	2	0	
8.777143E-7	2	0	
8.836286E-7	2	0	
8.793429E-7	2	0	
8.814857E-7	2	0	
8.852571E-7	2	0	
8.856000E-7	2	0	
2.715840E-5	3	0	
3.199594E-5	3	8	
3.177754E-5	3	8	
2.356800E-6	1	0	
8.959714E-7	1	0	
8.948571E-7	1	0	
8.830286E-7	1	0	
8.834571E-7	1	0	
8.842286E-7	1	0	
8.827714E-7	1	0	
8.824286E-7	1	0	
8.800286E-7	1	0	
8.774571E-7	1	0	
8.772000E-7	1	0	
8.711143E-7	1	0	
-2.534297E-5	4	0	
-3.016929E-5	4	8	
-2.997300E-5	4	0	
-6.023143E-7	2	0	
8.603143E-7	2	0	
8.713714E-7	2	0	
8.640857E-7	2	0	
8.657143E-7	2	0	
8.736857E-7	2	0	
8.726571E-7	2	0	
8.710286E-7	2	0	
8.734286E-7	2	0	
8.771143E-7	2	0	
8.753143E-7	2	0	
8.758286E-7	2	0	
2.715009E-5	3	0	
3.199063E-5	3	8	
3.177137E-5	3	8	
2.352600E-6	1	0	
8.931429E-7	1	0	
8.855143E-7	1	0	
8.905714E-7	1	0	
8.845714E-7	1	0	
8.796857E-7	1	0	
8.768571E-7	1	0	
8.753143E-7	1	0	
8.808857E-7	1	0	
8.739429E-7	1	0	
8.729143E-7	1	0	
8.727429E-7	1	0	
-2.534863E-5	4	0	
-3.017571E-5	4	8	
-2.997651E-5	4	0	
-6.066857E-7	2	0	
8.592000E-7	2	0	
8.572286E-7	2	0	
8.712857E-7	2	0	
8.691429E-7	2	0	
8.720571E-7	2	0	
8.795143E-7	2	0	
8.787429E-7	2	0	
8.770286E-7	2	0	
8.732571E-7	2	0	
8.752286E-7	2	0	
8.718857E-7	2	0	
2.714537E-5	3	0	
3.198660E-5	3	8	
3.177660E-5	3	8	
2.358514E-6	1	0	
8.818286E-7	1	0	
8.849143E-7	1	0	
8.765143E-7	1	0	
8.732571E-7	1	0	
8.769429E-7	1	0	
8.836286E-7	1	0	
8.785714E-7	1	0	
8.764286E-7	1	0	
8.770286E-7	1	0	
8.816571E-7	1	0	
8.840571E-7	1	0	
-2.535206E-5	4	0	
-3.017203E-5	4	8	
-2.997909E-5	4	0	
-6.002571E-7	2	0	
8.622000E-7	2	0	
8.764286E-7	2	0	
8.714571E-7	2	0	
8.768571E-7	2	0	
8.750571E-7	2	0	
8.772000E-7	2	0	
8.852571E-7	2	0	
8.824286E-7	2	0	
8.841429E-7	2	0	
8.897143E-7	2	0	
8.905714E-7	2	0	
2.715831E-5	3	0	
3.199954E-5	3	8	
