start date: 	2018-03-09
start time: 	11.22.54
stop date: 	2018-03-09
stop time: 	11.58.19
com rel. humid (%):	33.6
com temp (°C):	28.47
cn temp (°C):	30.69
nv temp (°C):	35.28
remarks: 	QHR Red
R1 Info: 	GaAs 8
R2 Info: 	1218
data filepath: 	M:\MagniconData\CCCViewerData\cccviewer_measure\2018-03-09_CCC\180309_001_1122.txt
config filepath: 	M:\MagniconData\CCCViewerData\cccviewer_measure\2018-03-09_CCC\180309_001_1122_cccdrive.cfg
time base (Hz): 	60
integration time (time base multiples):	42
number of samples per half cycle: 	15
ignored first samples: 	7
ignored last samples: 	0
amplifier gain: 	100000
delta N1/NA (mTurns): 	-99.914550781
delta (I2*R2) (V): 	1.0000

data(V)	phase	error
6.674571E-7	1	0	
6.637714E-7	1	0	
6.305143E-7	1	0	
6.568286E-7	1	0	
6.526286E-7	1	0	
6.579429E-7	1	0	
6.767143E-7	1	0	
6.688286E-7	1	0	
6.729429E-7	1	0	
6.762857E-7	1	0	
6.558000E-7	1	0	
6.754286E-7	1	0	
6.667714E-7	1	0	
6.646286E-7	1	0	
4.320429E-6	4	0	
6.769714E-7	2	0	
6.755143E-7	2	0	
6.756000E-7	2	0	
6.902571E-7	2	0	
6.681429E-7	2	0	
6.840000E-7	2	0	
6.856286E-7	2	0	
6.802286E-7	2	0	
6.647143E-7	2	0	
6.730286E-7	2	0	
6.847714E-7	2	0	
6.782571E-7	2	0	
6.739714E-7	2	0	
6.926571E-7	2	0	
-2.976857E-6	3	0	
6.832286E-7	1	0	
6.664286E-7	1	0	
6.682286E-7	1	0	
6.780857E-7	1	0	
6.780857E-7	1	0	
6.873429E-7	1	0	
6.883714E-7	1	0	
6.787714E-7	1	0	
6.731143E-7	1	0	
6.901714E-7	1	0	
6.721714E-7	1	0	
6.727714E-7	1	0	
6.866571E-7	1	0	
6.803143E-7	1	0	
4.367914E-6	4	0	
6.798857E-7	2	0	
7.109143E-7	2	0	
6.879429E-7	2	0	
6.981429E-7	2	0	
6.840000E-7	2	0	
6.808286E-7	2	0	
7.033714E-7	2	0	
7.022571E-7	2	0	
7.005429E-7	2	0	
6.991714E-7	2	0	
6.762857E-7	2	0	
7.033714E-7	2	0	
6.983143E-7	2	0	
7.094571E-7	2	0	
-2.938200E-6	3	0	
6.900857E-7	1	0	
6.972857E-7	1	0	
6.907714E-7	1	0	
6.881143E-7	1	0	
6.961714E-7	1	0	
6.847714E-7	1	0	
6.887143E-7	1	0	
6.948000E-7	1	0	
7.030286E-7	1	0	
6.989143E-7	1	0	
6.945429E-7	1	0	
6.895714E-7	1	0	
7.171714E-7	1	0	
6.980571E-7	1	0	
4.372971E-6	4	0	
6.919714E-7	2	0	
7.279714E-7	2	0	
7.038000E-7	2	0	
7.124571E-7	2	0	
7.064571E-7	2	0	
7.135714E-7	2	0	
7.182857E-7	2	0	
7.235143E-7	2	0	
7.044000E-7	2	0	
7.109143E-7	2	0	
7.342286E-7	2	0	
7.163143E-7	2	0	
6.906857E-7	2	0	
7.146000E-7	2	0	
-2.932886E-6	3	0	
6.997714E-7	1	0	
6.804000E-7	1	0	
6.988286E-7	1	0	
7.150286E-7	1	0	
6.954857E-7	1	0	
7.078286E-7	1	0	
6.954000E-7	1	0	
7.040571E-7	1	0	
6.983143E-7	1	0	
6.930000E-7	1	0	
7.023429E-7	1	0	
7.029429E-7	1	0	
7.124571E-7	1	0	
7.000286E-7	1	0	
4.363714E-6	4	0	
6.894000E-7	2	0	
6.987429E-7	2	0	
6.876857E-7	2	0	
6.977143E-7	2	0	
7.291714E-7	2	0	
7.063714E-7	2	0	
7.116857E-7	2	0	
7.181143E-7	2	0	
6.954000E-7	2	0	
7.157143E-7	2	0	
7.197429E-7	2	0	
7.164857E-7	2	0	
7.156286E-7	2	0	
7.253143E-7	2	0	
-2.939143E-6	3	0	
7.116857E-7	1	0	
7.047429E-7	1	0	
7.218857E-7	1	0	
6.894857E-7	1	0	
7.028571E-7	1	0	
6.791143E-7	1	0	
7.013143E-7	1	0	
6.972857E-7	1	0	
6.931714E-7	1	0	
6.844286E-7	1	0	
6.846857E-7	1	0	
6.888857E-7	1	0	
7.038857E-7	1	0	
6.893143E-7	1	0	
4.359171E-6	4	0	
7.006286E-7	2	0	
7.021714E-7	2	0	
6.935143E-7	2	0	
7.137429E-7	2	0	
7.101429E-7	2	0	
7.104000E-7	2	0	
7.114286E-7	2	0	
7.006286E-7	2	0	
7.054286E-7	2	0	
7.135714E-7	2	0	
7.284000E-7	2	0	
7.137429E-7	2	0	
6.904286E-7	2	0	
7.098857E-7	2	0	
-2.954486E-6	3	0	
6.932571E-7	1	0	
6.966000E-7	1	0	
6.978000E-7	1	0	
7.017429E-7	1	0	
7.150286E-7	1	0	
6.833143E-7	1	0	
7.080857E-7	1	0	
6.912857E-7	1	0	
6.948857E-7	1	0	
6.911143E-7	1	0	
6.937714E-7	1	0	
6.838286E-7	1	0	
6.884571E-7	1	0	
7.027714E-7	1	0	
4.356686E-6	4	0	
7.055143E-7	2	0	
6.947143E-7	2	0	
6.802286E-7	2	0	
6.922286E-7	2	0	
6.720857E-7	2	0	
6.971143E-7	2	0	
7.011429E-7	2	0	
7.155429E-7	2	0	
7.099714E-7	2	0	
7.097143E-7	2	0	
7.034571E-7	2	0	
7.114286E-7	2	0	
6.991714E-7	2	0	
7.152857E-7	2	0	
-2.944029E-6	3	0	
6.832286E-7	1	0	
6.814286E-7	1	0	
6.943714E-7	1	0	
6.877714E-7	1	0	
6.890571E-7	1	0	
6.996857E-7	1	0	
7.058571E-7	1	0	
6.994286E-7	1	0	
7.065429E-7	1	0	
6.951429E-7	1	0	
7.097143E-7	1	0	
6.769714E-7	1	0	
6.928286E-7	1	0	
7.027714E-7	1	0	
4.356257E-6	4	0	
7.167429E-7	2	0	
6.909429E-7	2	0	
7.022571E-7	2	0	
6.993429E-7	2	0	
7.057714E-7	2	0	
7.044857E-7	2	0	
7.122857E-7	2	0	
6.693429E-7	2	0	
6.959143E-7	2	0	
6.888857E-7	2	0	
6.984857E-7	2	0	
7.122857E-7	2	0	
7.092857E-7	2	0	
6.852857E-7	2	0	
-2.963057E-6	3	0	
6.919714E-7	1	0	
6.732000E-7	1	0	
6.859714E-7	1	0	
6.788571E-7	1	0	
6.789429E-7	1	0	
6.713143E-7	1	0	
6.906000E-7	1	0	
6.743143E-7	1	0	
6.761143E-7	1	0	
6.943714E-7	1	0	
6.782571E-7	1	0	
6.615429E-7	1	0	
6.888857E-7	1	0	
6.724286E-7	1	0	
4.347000E-6	4	0	
6.889714E-7	2	0	
6.744857E-7	2	0	
6.865714E-7	2	0	
7.146000E-7	2	0	
7.042286E-7	2	0	
7.090286E-7	2	0	
6.992571E-7	2	0	
6.997714E-7	2	0	
6.980571E-7	2	0	
6.940286E-7	2	0	
7.092857E-7	2	0	
6.841714E-7	2	0	
7.102286E-7	2	0	
6.874286E-7	2	0	
-2.948743E-6	3	0	
6.846857E-7	1	0	
6.924000E-7	1	0	
6.775714E-7	1	0	
6.900857E-7	1	0	
6.642857E-7	1	0	
6.733714E-7	1	0	
6.684000E-7	1	0	
6.617143E-7	1	0	
6.584571E-7	1	0	
6.760286E-7	1	0	
6.726000E-7	1	0	
6.819429E-7	1	0	
6.671143E-7	1	0	
6.866571E-7	1	0	
4.336200E-6	4	0	
7.014857E-7	2	0	
6.918857E-7	2	0	
6.801429E-7	2	0	
6.864000E-7	2	0	
6.691714E-7	2	0	
6.938571E-7	2	0	
6.674571E-7	2	0	
6.877714E-7	2	0	
6.936857E-7	2	0	
6.973714E-7	2	0	
7.134000E-7	2	0	
6.878571E-7	2	0	
7.013143E-7	2	0	
6.870000E-7	2	0	
-2.971286E-6	3	0	
6.945429E-7	1	0	
6.956571E-7	1	0	
6.961714E-7	1	0	
6.785143E-7	1	0	
7.047429E-7	1	0	
7.091143E-7	1	0	
6.981429E-7	1	0	
6.852000E-7	1	0	
6.964286E-7	1	0	
6.887143E-7	1	0	
6.668571E-7	1	0	
6.854571E-7	1	0	
6.689143E-7	1	0	
6.703714E-7	1	0	
4.335000E-6	4	0	
6.811714E-7	2	0	
6.726000E-7	2	0	
7.019143E-7	2	0	
6.835714E-7	2	0	
6.515143E-7	2	0	
6.750857E-7	2	0	
6.711429E-7	2	0	
6.925714E-7	2	0	
6.892286E-7	2	0	
7.192286E-7	2	0	
7.050000E-7	2	0	
6.958286E-7	2	0	
6.759429E-7	2	0	
6.810857E-7	2	0	
-2.973514E-6	3	0	
6.768857E-7	1	0	
6.746571E-7	1	0	
6.726000E-7	1	0	
6.643714E-7	1	0	
6.708000E-7	1	0	
6.636857E-7	1	0	
6.736286E-7	1	0	
6.788571E-7	1	0	
6.600000E-7	1	0	
6.737143E-7	1	0	
6.805714E-7	1	0	
6.900000E-7	1	0	
6.606857E-7	1	0	
6.806571E-7	1	0	
4.318114E-6	4	0	
6.706286E-7	2	0	
6.831429E-7	2	0	
6.795429E-7	2	0	
6.814286E-7	2	0	
6.796286E-7	2	0	
6.735429E-7	2	0	
7.222286E-7	2	0	
6.728571E-7	2	0	
6.886286E-7	2	0	
6.876000E-7	2	0	
6.924857E-7	2	0	
6.840857E-7	2	0	
6.940286E-7	2	0	
6.813429E-7	2	0	
-2.971286E-6	3	0	
6.820286E-7	1	0	
6.703714E-7	1	0	
6.714000E-7	1	0	
6.702857E-7	1	0	
6.901714E-7	1	0	
6.815143E-7	1	0	
6.846857E-7	1	0	
6.679714E-7	1	0	
6.820286E-7	1	0	
6.809143E-7	1	0	
6.763714E-7	1	0	
6.732000E-7	1	0	
6.730286E-7	1	0	
6.775714E-7	1	0	
4.360971E-6	4	0	
6.853714E-7	2	0	
6.845143E-7	2	0	
6.731143E-7	2	0	
6.855429E-7	2	0	
6.900000E-7	2	0	
6.839143E-7	2	0	
6.896571E-7	2	0	
6.810000E-7	2	0	
6.663429E-7	2	0	
6.819429E-7	2	0	
6.807429E-7	2	0	
6.749143E-7	2	0	
6.943714E-7	2	0	
6.871714E-7	2	0	
-2.960829E-6	3	0	
6.708857E-7	1	0	
6.784286E-7	1	0	
6.516857E-7	1	0	
6.820286E-7	1	0	
6.485143E-7	1	0	
6.629143E-7	1	0	
6.608571E-7	1	0	
6.558000E-7	1	0	
6.676286E-7	1	0	
6.511714E-7	1	0	
6.856286E-7	1	0	
6.795429E-7	1	0	
6.780857E-7	1	0	
6.692571E-7	1	0	
4.339714E-6	4	0	
6.626571E-7	2	0	
6.564000E-7	2	0	
6.852857E-7	2	0	
6.978000E-7	2	0	
6.720000E-7	2	0	
6.762857E-7	2	0	
6.875143E-7	2	0	
6.840000E-7	2	0	
6.815143E-7	2	0	
6.992571E-7	2	0	
6.918857E-7	2	0	
6.820286E-7	2	0	
7.048286E-7	2	0	
6.711429E-7	2	0	
-2.982771E-6	3	0	
6.831429E-7	1	0	
6.887143E-7	1	0	
6.834000E-7	1	0	
6.773143E-7	1	0	
6.744857E-7	1	0	
6.810000E-7	1	0	
6.782571E-7	1	0	
6.798000E-7	1	0	
6.869143E-7	1	0	
6.584571E-7	1	0	
6.849429E-7	1	0	
6.771429E-7	1	0	
6.738857E-7	1	0	
6.768857E-7	1	0	
4.338600E-6	4	0	
6.745714E-7	2	0	
6.926571E-7	2	0	
6.897429E-7	2	0	
6.915429E-7	2	0	
6.869143E-7	2	0	
6.792000E-7	2	0	
6.958286E-7	2	0	
6.951429E-7	2	0	
6.930857E-7	2	0	
6.797143E-7	2	0	
6.732857E-7	2	0	
6.732857E-7	2	0	
6.936857E-7	2	0	
6.962571E-7	2	0	
-2.966229E-6	3	0	
6.738857E-7	1	0	
7.025143E-7	1	0	
6.767143E-7	1	0	
6.888857E-7	1	0	
6.869143E-7	1	0	
6.971143E-7	1	0	
6.818571E-7	1	0	
6.788571E-7	1	0	
6.778286E-7	1	0	
6.643714E-7	1	0	
6.637714E-7	1	0	
6.726857E-7	1	0	
6.697714E-7	1	0	
6.780857E-7	1	0	
4.342714E-6	4	0	
6.851143E-7	2	0	
6.813429E-7	2	0	
6.875143E-7	2	0	
6.877714E-7	2	0	
6.960857E-7	2	0	
6.798857E-7	2	0	
6.878571E-7	2	0	
6.679714E-7	2	0	
6.849429E-7	2	0	
7.026000E-7	2	0	
6.945429E-7	2	0	
6.853714E-7	2	0	
6.750000E-7	2	0	
6.883714E-7	2	0	
-2.987229E-6	3	0	
6.728571E-7	1	0	
6.762857E-7	1	0	
6.775714E-7	1	0	
6.751714E-7	1	0	
6.500571E-7	1	0	
6.870000E-7	1	0	
6.698571E-7	1	0	
6.756000E-7	1	0	
6.971143E-7	1	0	
6.628286E-7	1	0	
6.653143E-7	1	0	
6.430286E-7	1	0	
6.746571E-7	1	0	
6.708000E-7	1	0	
4.326943E-6	4	0	
6.757714E-7	2	0	
6.826286E-7	2	0	
6.564857E-7	2	0	
6.764571E-7	2	0	
6.855429E-7	2	0	
6.855429E-7	2	0	
6.636857E-7	2	0	
6.677143E-7	2	0	
6.678857E-7	2	0	
6.687429E-7	2	0	
6.612000E-7	2	0	
6.771429E-7	2	0	
6.732857E-7	2	0	
6.708000E-7	2	0	
-2.965286E-6	3	0	
6.612000E-7	1	0	
6.780000E-7	1	0	
6.428571E-7	1	0	
6.631714E-7	1	0	
6.725143E-7	1	0	
6.633429E-7	1	0	
6.768857E-7	1	0	
6.471429E-7	1	0	
6.580286E-7	1	0	
6.659143E-7	1	0	
6.588000E-7	1	0	
6.675429E-7	1	0	
6.479143E-7	1	0	
6.734571E-7	1	0	
4.313314E-6	4	0	
6.486857E-7	2	0	
6.812571E-7	2	0	
6.758571E-7	2	0	
6.504857E-7	2	0	
6.618000E-7	2	0	
6.697714E-7	2	0	
6.696000E-7	2	0	
6.623143E-7	2	0	
6.646286E-7	2	0	
6.720857E-7	2	0	
6.807429E-7	2	0	
6.689143E-7	2	0	
6.958286E-7	2	0	
6.656571E-7	2	0	
-2.982000E-6	3	0	
6.735429E-7	1	0	
6.641143E-7	1	0	
6.750857E-7	1	0	
6.704571E-7	1	0	
6.660857E-7	1	0	
6.659143E-7	1	0	
6.653143E-7	1	0	
6.618000E-7	1	0	
6.415714E-7	1	0	
6.724286E-7	1	0	
6.573429E-7	1	0	
6.625714E-7	1	0	
6.482571E-7	1	0	
6.780000E-7	1	0	
4.310829E-6	4	0	
6.659143E-7	2	0	
6.777429E-7	2	0	
6.587143E-7	2	0	
6.672000E-7	2	0	
6.964286E-7	2	0	
6.573429E-7	2	0	
6.800571E-7	2	0	
6.687429E-7	2	0	
6.840000E-7	2	0	
6.876857E-7	2	0	
6.786000E-7	2	0	
6.646286E-7	2	0	
6.738000E-7	2	0	
6.755143E-7	2	0	
-2.999486E-6	3	0	
6.798000E-7	1	0	
6.683143E-7	1	0	
6.228000E-7	1	0	
6.089143E-7	1	0	
5.791714E-7	1	0	
6.015429E-7	1	0	
6.132857E-7	1	0	
6.559714E-7	1	0	
6.612000E-7	1	0	
6.570000E-7	1	0	
6.522857E-7	1	0	
6.384857E-7	1	0	
6.540000E-7	1	0	
6.581143E-7	1	0	
4.325314E-6	4	0	
6.600000E-7	2	0	
6.656571E-7	2	0	
6.631714E-7	2	0	
6.647143E-7	2	0	
6.770571E-7	2	0	
6.534857E-7	2	0	
6.774857E-7	2	0	
6.703714E-7	2	0	
6.698571E-7	2	0	
6.680571E-7	2	0	
6.461143E-7	2	0	
6.602571E-7	2	0	
6.678857E-7	2	0	
6.642857E-7	2	0	
-2.967943E-6	3	0	
6.638571E-7	1	0	
6.569143E-7	1	0	
6.570000E-7	1	0	
6.684000E-7	1	0	
6.577714E-7	1	0	
6.534000E-7	1	0	
6.625714E-7	1	0	
6.630000E-7	1	0	
6.624857E-7	1	0	
6.480857E-7	1	0	
6.621429E-7	1	0	
6.582857E-7	1	0	
6.671143E-7	1	0	
6.653143E-7	1	0	
4.313486E-6	4	0	
6.668571E-7	2	0	
6.798000E-7	2	0	
6.606000E-7	2	0	
6.656571E-7	2	0	
6.859714E-7	2	0	
6.719143E-7	2	0	
6.438000E-7	2	0	
6.697714E-7	2	0	
6.726857E-7	2	0	
6.645429E-7	2	0	
6.805714E-7	2	0	
6.602571E-7	2	0	
6.614571E-7	2	0	
6.581143E-7	2	0	
-2.999229E-6	3	0	
6.374571E-7	1	0	
6.525429E-7	1	0	
6.692571E-7	1	0	
6.534000E-7	1	0	
6.459429E-7	1	0	
6.578571E-7	1	0	
6.344571E-7	1	0	
6.616286E-7	1	0	
6.463714E-7	1	0	
6.711429E-7	1	0	
6.394286E-7	1	0	
6.566571E-7	1	0	
6.438857E-7	1	0	
6.408857E-7	1	0	
4.316657E-6	4	0	
6.297429E-7	2	0	
6.735429E-7	2	0	
6.540857E-7	2	0	
6.710571E-7	2	0	
6.616286E-7	2	0	
6.450857E-7	2	0	
6.544286E-7	2	0	
6.618000E-7	2	0	
6.597429E-7	2	0	
6.594000E-7	2	0	
6.799714E-7	2	0	
6.883714E-7	2	0	
6.528000E-7	2	0	
6.745714E-7	2	0	
-2.993571E-6	3	0	
6.530571E-7	1	0	
6.586286E-7	1	0	
6.536571E-7	1	0	
6.595714E-7	1	0	
6.401143E-7	1	0	
6.556286E-7	1	0	
6.454286E-7	1	0	
6.637714E-7	1	0	
6.339429E-7	1	0	
6.515143E-7	1	0	
6.365143E-7	1	0	
6.456000E-7	1	0	
6.570857E-7	1	0	
6.487714E-7	1	0	
4.297714E-6	4	0	
6.732857E-7	2	0	
6.633429E-7	2	0	
6.685714E-7	2	0	
6.434571E-7	2	0	
6.520286E-7	2	0	
6.577714E-7	2	0	
6.600000E-7	2	0	
6.863143E-7	2	0	
6.577714E-7	2	0	
6.732000E-7	2	0	
6.741429E-7	2	0	
6.618000E-7	2	0	
6.638571E-7	2	0	
6.494571E-7	2	0	
-3.001886E-6	3	0	
6.581143E-7	1	0	
6.456857E-7	1	0	
6.439714E-7	1	0	
6.598286E-7	1	0	
6.521143E-7	1	0	
6.649714E-7	1	0	
6.527143E-7	1	0	
6.490286E-7	1	0	
6.354857E-7	1	0	
6.511714E-7	1	0	
6.565714E-7	1	0	
6.517714E-7	1	0	
6.568286E-7	1	0	
6.555429E-7	1	0	
4.310314E-6	4	0	
6.475714E-7	2	0	
6.534000E-7	2	0	
6.388286E-7	2	0	
6.450857E-7	2	0	
6.657429E-7	2	0	
6.327429E-7	2	0	
6.320571E-7	2	0	
6.415714E-7	2	0	
6.480857E-7	2	0	
6.348857E-7	2	0	
6.563143E-7	2	0	
6.652286E-7	2	0	
6.582857E-7	2	0	
6.532286E-7	2	0	
-2.995371E-6	3	0	
6.560571E-7	1	0	
6.519429E-7	1	0	
6.544286E-7	1	0	
6.616286E-7	1	0	
6.511714E-7	1	0	
6.368571E-7	1	0	
6.448286E-7	1	0	
6.440571E-7	1	0	
6.185143E-7	1	0	
6.447429E-7	1	0	
6.333429E-7	1	0	
6.464571E-7	1	0	
6.390000E-7	1	0	
6.493714E-7	1	0	
4.304486E-6	4	0	
6.381429E-7	2	0	
6.476571E-7	2	0	
6.420000E-7	2	0	
6.582857E-7	2	0	
6.658286E-7	2	0	
6.589714E-7	2	0	
6.700286E-7	2	0	
6.723429E-7	2	0	
6.594857E-7	2	0	
6.687429E-7	2	0	
6.578571E-7	2	0	
6.749143E-7	2	0	
6.592286E-7	2	0	
6.441429E-7	2	0	
-3.005400E-6	3	0	
6.362571E-7	1	0	
6.556286E-7	1	0	
6.473143E-7	1	0	
6.646286E-7	1	0	
6.755143E-7	1	0	
6.565714E-7	1	0	
6.537429E-7	1	0	
6.493714E-7	1	0	
6.681429E-7	1	0	
6.529714E-7	1	0	
6.443143E-7	1	0	
6.659143E-7	1	0	
6.431143E-7	1	0	
6.480857E-7	1	0	
4.320429E-6	4	0	
6.404571E-7	2	0	
6.609429E-7	2	0	
6.452571E-7	2	0	
6.612000E-7	2	0	
6.499714E-7	2	0	
6.605143E-7	2	0	
6.690000E-7	2	0	
6.750857E-7	2	0	
6.603429E-7	2	0	
6.546857E-7	2	0	
6.642857E-7	2	0	
6.571714E-7	2	0	
6.627429E-7	2	0	
6.558000E-7	2	0	
-2.998114E-6	3	0	
6.395143E-7	1	0	
6.461143E-7	1	0	
6.414000E-7	1	0	
6.393429E-7	1	0	
6.474857E-7	1	0	
6.372000E-7	1	0	
6.468857E-7	1	0	
6.672857E-7	1	0	
6.637714E-7	1	0	
6.526286E-7	1	0	
6.374571E-7	1	0	
6.509143E-7	1	0	
6.372000E-7	1	0	
6.384000E-7	1	0	
4.326857E-6	4	0	
6.814286E-7	2	0	
6.388286E-7	2	0	
6.582857E-7	2	0	
6.760286E-7	2	0	
6.594000E-7	2	0	
6.568286E-7	2	0	
6.702000E-7	2	0	
6.452571E-7	2	0	
6.602571E-7	2	0	
6.720000E-7	2	0	
6.766286E-7	2	0	
6.666000E-7	2	0	
6.579429E-7	2	0	
6.648857E-7	2	0	
-3.019800E-6	3	0	
6.682286E-7	1	0	
6.655714E-7	1	0	
6.560571E-7	1	0	
6.438000E-7	1	0	
6.723429E-7	1	0	
6.467143E-7	1	0	
6.665143E-7	1	0	
6.684857E-7	1	0	
6.449143E-7	1	0	
6.420857E-7	1	0	
6.481714E-7	1	0	
6.605143E-7	1	0	
6.518571E-7	1	0	
6.641143E-7	1	0	
4.300971E-6	4	0	
6.456857E-7	2	0	
6.625714E-7	2	0	
6.730286E-7	2	0	
6.640286E-7	2	0	
6.544286E-7	2	0	
6.536571E-7	2	0	
6.736286E-7	2	0	
6.586286E-7	2	0	
6.578571E-7	2	0	
6.539143E-7	2	0	
6.451714E-7	2	0	
6.391714E-7	2	0	
6.531429E-7	2	0	
6.530571E-7	2	0	
-3.001800E-6	3	0	
6.522857E-7	1	0	
6.478286E-7	1	0	
6.658286E-7	1	0	
6.485143E-7	1	0	
6.368571E-7	1	0	
6.618857E-7	1	0	
6.471429E-7	1	0	
6.617143E-7	1	0	
6.335143E-7	1	0	
6.385714E-7	1	0	
6.202286E-7	1	0	
6.486000E-7	1	0	
6.392571E-7	1	0	
6.414000E-7	1	0	
4.318200E-6	4	0	
6.470571E-7	2	0	
6.510000E-7	2	0	
6.618857E-7	2	0	
6.623143E-7	2	0	
6.666000E-7	2	0	
6.557143E-7	2	0	
6.400286E-7	2	0	
6.530571E-7	2	0	
6.455143E-7	2	0	
6.641143E-7	2	0	
6.372857E-7	2	0	
6.327429E-7	2	0	
6.676286E-7	2	0	
6.478286E-7	2	0	
-3.009686E-6	3	0	
6.572571E-7	1	0	
6.331714E-7	1	0	
6.656571E-7	1	0	
6.539143E-7	1	0	
6.442286E-7	1	0	
6.594857E-7	1	0	
6.714000E-7	1	0	
6.441429E-7	1	0	
6.436286E-7	1	0	
6.456000E-7	1	0	
6.491143E-7	1	0	
6.397714E-7	1	0	
6.217714E-7	1	0	
6.600000E-7	1	0	
4.300886E-6	4	0	
6.509143E-7	2	0	
6.550286E-7	2	0	
6.336857E-7	2	0	
6.339429E-7	2	0	
6.445714E-7	2	0	
6.330000E-7	2	0	
6.481714E-7	2	0	
6.444857E-7	2	0	
6.651429E-7	2	0	
6.520286E-7	2	0	
6.608571E-7	2	0	
6.679714E-7	2	0	
6.389143E-7	2	0	
6.475714E-7	2	0	
-3.007543E-6	3	0	
6.453429E-7	1	0	
6.318857E-7	1	0	
6.354857E-7	1	0	
6.464571E-7	1	0	
6.388286E-7	1	0	
6.416571E-7	1	0	
6.222000E-7	1	0	
6.317143E-7	1	0	
6.286286E-7	1	0	
6.357429E-7	1	0	
6.450000E-7	1	0	
6.456857E-7	1	0	
6.244286E-7	1	0	
6.416571E-7	1	0	
4.302429E-6	4	0	
6.339429E-7	2	0	
6.544286E-7	2	0	
6.432857E-7	2	0	
6.438857E-7	2	0	
6.464571E-7	2	0	
6.519429E-7	2	0	
6.634286E-7	2	0	
6.745714E-7	2	0	
6.570857E-7	2	0	
6.530571E-7	2	0	
6.683143E-7	2	0	
6.707143E-7	2	0	
6.672000E-7	2	0	
6.509143E-7	2	0	
-3.008829E-6	3	0	
6.495429E-7	1	0	
6.646286E-7	1	0	
6.609429E-7	1	0	
6.602571E-7	1	0	
6.539143E-7	1	0	
6.379714E-7	1	0	
6.420857E-7	1	0	
6.448286E-7	1	0	
6.511714E-7	1	0	
6.510857E-7	1	0	
6.546857E-7	1	0	
6.392571E-7	1	0	
6.363429E-7	1	0	
6.656571E-7	1	0	
4.297971E-6	4	0	
6.452571E-7	2	0	
6.542571E-7	2	0	
6.553714E-7	2	0	
6.786000E-7	2	0	
6.601714E-7	2	0	
6.546000E-7	2	0	
6.647143E-7	2	0	
6.392571E-7	2	0	
6.405429E-7	2	0	
6.736286E-7	2	0	
6.534857E-7	2	0	
6.690857E-7	2	0	
6.414857E-7	2	0	
6.638571E-7	2	0	
-2.990571E-6	3	0	
6.404571E-7	1	0	
6.527143E-7	1	0	
6.408000E-7	1	0	
6.434571E-7	1	0	
6.529714E-7	1	0	
6.290571E-7	1	0	
6.515143E-7	1	0	
6.628286E-7	1	0	
6.579429E-7	1	0	
6.557143E-7	1	0	
6.700286E-7	1	0	
6.467143E-7	1	0	
6.424286E-7	1	0	
6.462000E-7	1	0	
4.314171E-6	4	0	
6.491143E-7	2	0	
6.614571E-7	2	0	
6.636857E-7	2	0	
6.549429E-7	2	0	
6.588000E-7	2	0	
6.522857E-7	2	0	
6.546857E-7	2	0	
6.601714E-7	2	0	
6.630000E-7	2	0	
6.564857E-7	2	0	
6.491143E-7	2	0	
6.450000E-7	2	0	
6.471429E-7	2	0	
6.687429E-7	2	0	
-3.006600E-6	3	0	
6.419143E-7	1	0	
6.435429E-7	1	0	
6.391714E-7	1	0	
6.577714E-7	1	0	
6.501429E-7	1	0	
6.475714E-7	1	0	
6.408857E-7	1	0	
6.427714E-7	1	0	
6.360000E-7	1	0	
6.391714E-7	1	0	
6.222000E-7	1	0	
6.486857E-7	1	0	
6.481714E-7	1	0	
6.309429E-7	1	0	
4.310657E-6	4	0	
6.327429E-7	2	0	
6.513429E-7	2	0	
6.364286E-7	2	0	
6.407143E-7	2	0	
6.375429E-7	2	0	
6.514286E-7	2	0	
6.468000E-7	2	0	
6.490286E-7	2	0	
6.578571E-7	2	0	
6.579429E-7	2	0	
6.440571E-7	2	0	
6.473143E-7	2	0	
6.308571E-7	2	0	
6.426000E-7	2	0	
-3.032143E-6	3	0	
6.498000E-7	1	0	
6.241714E-7	1	0	
6.324857E-7	1	0	
6.540857E-7	1	0	
6.307714E-7	1	0	
6.491143E-7	1	0	
6.457714E-7	1	0	
6.396857E-7	1	0	
6.625714E-7	1	0	
6.377143E-7	1	0	
6.372857E-7	1	0	
6.325714E-7	1	0	
6.368571E-7	1	0	
6.465429E-7	1	0	
4.297714E-6	4	0	
6.536571E-7	2	0	
6.570857E-7	2	0	
6.343714E-7	2	0	
6.449143E-7	2	0	
6.470571E-7	2	0	
6.544286E-7	2	0	
6.469714E-7	2	0	
6.622286E-7	2	0	
6.487714E-7	2	0	
6.587143E-7	2	0	
6.487714E-7	2	0	
6.578571E-7	2	0	
6.587143E-7	2	0	
6.657429E-7	2	0	
-3.008400E-6	3	0	
6.583714E-7	1	0	
6.429429E-7	1	0	
6.284571E-7	1	0	
6.564000E-7	1	0	
6.327429E-7	1	0	
6.348000E-7	1	0	
6.307714E-7	1	0	
6.276000E-7	1	0	
6.299143E-7	1	0	
6.502286E-7	1	0	
6.362571E-7	1	0	
6.306857E-7	1	0	
5.976000E-7	1	0	
6.375429E-7	1	0	
4.303029E-6	4	0	
6.438857E-7	2	0	
6.481714E-7	2	0	
6.654857E-7	2	0	
6.621429E-7	2	0	
6.644571E-7	2	0	
6.618857E-7	2	0	
6.727714E-7	2	0	
6.679714E-7	2	0	
6.377143E-7	2	0	
6.296571E-7	2	0	
6.547714E-7	2	0	
6.474857E-7	2	0	
6.519429E-7	2	0	
6.344571E-7	2	0	
-3.013029E-6	3	0	
6.353143E-7	1	0	
6.554571E-7	1	0	
6.537429E-7	1	0	
6.400286E-7	1	0	
6.335143E-7	1	0	
6.307714E-7	1	0	
6.473143E-7	1	0	
6.263143E-7	1	0	
6.516857E-7	1	0	
6.441429E-7	1	0	
6.441429E-7	1	0	
6.241714E-7	1	0	
6.531429E-7	1	0	
6.383143E-7	1	0	
4.295829E-6	4	0	
6.436286E-7	2	0	
6.278571E-7	2	0	
6.458571E-7	2	0	
6.285429E-7	2	0	
6.498000E-7	2	0	
6.555429E-7	2	0	
6.534857E-7	2	0	
6.386571E-7	2	0	
6.349714E-7	2	0	
6.480857E-7	2	0	
6.309429E-7	2	0	
6.480000E-7	2	0	
6.535714E-7	2	0	
6.547714E-7	2	0	
-3.024000E-6	3	0	
6.303429E-7	1	0	
6.498857E-7	1	0	
6.243429E-7	1	0	
6.467143E-7	1	0	
6.252857E-7	1	0	
6.398571E-7	1	0	
6.387429E-7	1	0	
6.393429E-7	1	0	
6.337714E-7	1	0	
6.456857E-7	1	0	
6.286286E-7	1	0	
6.467143E-7	1	0	
6.449143E-7	1	0	
6.483429E-7	1	0	
4.274229E-6	4	0	
6.408000E-7	2	0	
6.403714E-7	2	0	
6.444000E-7	2	0	
6.426000E-7	2	0	
6.368571E-7	2	0	
6.468857E-7	2	0	
6.335143E-7	2	0	
6.473143E-7	2	0	
6.418286E-7	2	0	
6.399429E-7	2	0	
6.628286E-7	2	0	
6.436286E-7	2	0	
6.407143E-7	2	0	
6.053143E-7	2	0	
-3.055286E-6	3	0	
6.230571E-7	1	0	
6.247714E-7	1	0	
6.198857E-7	1	0	
6.260571E-7	1	0	
6.097714E-7	1	0	
6.240000E-7	1	0	
6.255429E-7	1	0	
6.317143E-7	1	0	
6.255429E-7	1	0	
6.148286E-7	1	0	
6.247714E-7	1	0	
6.239143E-7	1	0	
6.253714E-7	1	0	
6.263143E-7	1	0	
4.290429E-6	4	0	
6.356571E-7	2	0	
6.366000E-7	2	0	
6.178286E-7	2	0	
6.247714E-7	2	0	
6.401143E-7	2	0	
6.205714E-7	2	0	
6.156857E-7	2	0	
6.362571E-7	2	0	
6.366857E-7	2	0	
6.400286E-7	2	0	
6.356571E-7	2	0	
6.499714E-7	2	0	
6.373714E-7	2	0	
6.546857E-7	2	0	
-3.036171E-6	3	0	
6.166286E-7	1	0	
6.235714E-7	1	0	
6.414000E-7	1	0	
6.260571E-7	1	0	
6.174857E-7	1	0	
6.231429E-7	1	0	
6.279429E-7	1	0	
6.393429E-7	1	0	
6.341143E-7	1	0	
6.157714E-7	1	0	
6.113143E-7	1	0	
6.164571E-7	1	0	
6.341143E-7	1	0	
6.136286E-7	1	0	
4.259057E-6	4	0	
6.254571E-7	2	0	
6.175714E-7	2	0	
6.190286E-7	2	0	
6.231429E-7	2	0	
6.167143E-7	2	0	
6.180857E-7	2	0	
6.419143E-7	2	0	
6.255429E-7	2	0	
6.427714E-7	2	0	
6.166286E-7	2	0	
6.250286E-7	2	0	
6.408857E-7	2	0	
6.170571E-7	2	0	
6.377143E-7	2	0	
-2.992971E-6	3	0	
6.282857E-7	1	0	
6.102857E-7	1	0	
6.021429E-7	1	0	
6.276857E-7	1	0	
6.293143E-7	1	0	
6.264857E-7	1	0	
6.210000E-7	1	0	
6.276857E-7	1	0	
6.359143E-7	1	0	
6.112286E-7	1	0	
6.186000E-7	1	0	
5.989714E-7	1	0	
6.165429E-7	1	0	
6.138000E-7	1	0	
4.270886E-6	4	0	
6.279429E-7	2	0	
6.335143E-7	2	0	
6.291429E-7	2	0	
6.177429E-7	2	0	
6.312857E-7	2	0	
6.312000E-7	2	0	
6.461143E-7	2	0	
6.139714E-7	2	0	
6.275143E-7	2	0	
6.351429E-7	2	0	
6.304286E-7	2	0	
6.333429E-7	2	0	
6.110571E-7	2	0	
6.239143E-7	2	0	
-3.036771E-6	3	0	
6.261429E-7	1	0	
6.226286E-7	1	0	
6.192857E-7	1	0	
6.178286E-7	1	0	
6.336857E-7	1	0	
6.080571E-7	1	0	
6.192857E-7	1	0	
6.045429E-7	1	0	
6.064286E-7	1	0	
6.181714E-7	1	0	
6.233143E-7	1	0	
6.101143E-7	1	0	
6.287143E-7	1	0	
6.126857E-7	1	0	
4.287086E-6	4	0	
6.240857E-7	2	0	
6.299143E-7	2	0	
6.350571E-7	2	0	
6.460286E-7	2	0	
6.270857E-7	2	0	
6.367714E-7	2	0	
6.237429E-7	2	0	
6.319714E-7	2	0	
6.377143E-7	2	0	
6.352286E-7	2	0	
6.235714E-7	2	0	
6.191143E-7	2	0	
6.469714E-7	2	0	
6.393429E-7	2	0	
-3.016971E-6	3	0	
6.317143E-7	1	0	
6.382286E-7	1	0	
6.599143E-7	1	0	
6.306000E-7	1	0	
6.346286E-7	1	0	
6.331714E-7	1	0	
6.189429E-7	1	0	
6.366000E-7	1	0	
6.429429E-7	1	0	
6.354857E-7	1	0	
6.411429E-7	1	0	
6.288857E-7	1	0	
6.336000E-7	1	0	
6.283714E-7	1	0	
4.291114E-6	4	0	
6.453429E-7	2	0	
6.250286E-7	2	0	
6.651429E-7	2	0	
6.415714E-7	2	0	
6.473143E-7	2	0	
6.495429E-7	2	0	
6.359143E-7	2	0	
6.432857E-7	2	0	
6.393429E-7	2	0	
6.316286E-7	2	0	
6.342000E-7	2	0	
6.339429E-7	2	0	
6.295714E-7	2	0	
6.450000E-7	2	0	
-3.021943E-6	3	0	
6.308571E-7	1	0	
6.222857E-7	1	0	
6.335143E-7	1	0	
6.416571E-7	1	0	
6.203143E-7	1	0	
6.309429E-7	1	0	
6.236571E-7	1	0	
6.261429E-7	1	0	
6.331714E-7	1	0	
6.252857E-7	1	0	
6.230571E-7	1	0	
6.234000E-7	1	0	
6.234857E-7	1	0	
6.300000E-7	1	0	
4.286743E-6	4	0	
6.492857E-7	2	0	
6.510857E-7	2	0	
6.408857E-7	2	0	
6.372857E-7	2	0	
6.444000E-7	2	0	
6.449143E-7	2	0	
6.347143E-7	2	0	
6.396857E-7	2	0	
6.328286E-7	2	0	
6.661714E-7	2	0	
6.583714E-7	2	0	
6.421714E-7	2	0	
6.366000E-7	2	0	
6.548571E-7	2	0	
-3.023914E-6	3	0	
6.191143E-7	1	0	
6.434571E-7	1	0	
6.417429E-7	1	0	
6.390857E-7	1	0	
6.312000E-7	1	0	
6.262286E-7	1	0	
6.225429E-7	1	0	
6.155143E-7	1	0	
6.363429E-7	1	0	
6.402000E-7	1	0	
6.215143E-7	1	0	
6.022286E-7	1	0	
6.373714E-7	1	0	
6.358286E-7	1	0	
4.270886E-6	4	0	
6.225429E-7	2	0	
6.369429E-7	2	0	
6.282857E-7	2	0	
6.336000E-7	2	0	
6.380571E-7	2	0	
6.384857E-7	2	0	
6.334286E-7	2	0	
6.362571E-7	2	0	
6.322286E-7	2	0	
6.389143E-7	2	0	
6.431143E-7	2	0	
6.431143E-7	2	0	
6.454286E-7	2	0	
6.296571E-7	2	0	
-3.028543E-6	3	0	
6.312000E-7	1	0	
6.405429E-7	1	0	
6.180857E-7	1	0	
6.362571E-7	1	0	
6.208286E-7	1	0	
6.264000E-7	1	0	
6.383143E-7	1	0	
6.242571E-7	1	0	
6.352286E-7	1	0	
6.140571E-7	1	0	
6.193714E-7	1	0	
6.176571E-7	1	0	
6.263143E-7	1	0	
6.318000E-7	1	0	
4.288200E-6	4	0	
6.304286E-7	2	0	
6.220286E-7	2	0	
6.209143E-7	2	0	
6.141429E-7	2	0	
6.163714E-7	2	0	
6.402857E-7	2	0	
6.232286E-7	2	0	
6.126000E-7	2	0	
6.487714E-7	2	0	
6.198000E-7	2	0	
6.264000E-7	2	0	
6.245143E-7	2	0	
6.230571E-7	2	0	
6.402857E-7	2	0	
-3.041829E-6	3	0	
6.039429E-7	1	0	
6.178286E-7	1	0	
6.078000E-7	1	0	
6.091714E-7	1	0	
6.025714E-7	1	0	
5.906571E-7	1	0	
6.144857E-7	1	0	
6.119143E-7	1	0	
6.090857E-7	1	0	
6.219429E-7	1	0	
6.066000E-7	1	0	
6.030000E-7	1	0	
6.234000E-7	1	0	
6.089143E-7	1	0	
4.257171E-6	4	0	
6.117429E-7	2	0	
6.166286E-7	2	0	
6.226286E-7	2	0	
6.198857E-7	2	0	
6.090000E-7	2	0	
6.169714E-7	2	0	
6.308571E-7	2	0	
6.201429E-7	2	0	
6.306857E-7	2	0	
6.145714E-7	2	0	
6.131143E-7	2	0	
6.003429E-7	2	0	
5.990571E-7	2	0	
6.220286E-7	2	0	
-3.055371E-6	3	0	
5.992286E-7	1	0	
5.948571E-7	1	0	
6.126857E-7	1	0	
6.084857E-7	1	0	
6.126857E-7	1	0	
6.048857E-7	1	0	
5.964857E-7	1	0	
6.138857E-7	1	0	
6.222000E-7	1	0	
5.776286E-7	1	0	
5.979429E-7	1	0	
6.069429E-7	1	0	
6.048000E-7	1	0	
6.067714E-7	1	0	
4.269943E-6	4	0	
6.212571E-7	2	0	
6.020571E-7	2	0	
6.048857E-7	2	0	
6.119143E-7	2	0	
6.185143E-7	2	0	
6.217714E-7	2	0	
6.086571E-7	2	0	
6.065143E-7	2	0	
6.019714E-7	2	0	
6.082286E-7	2	0	
5.960571E-7	2	0	
6.048857E-7	2	0	
5.988000E-7	2	0	
6.148286E-7	2	0	
-3.079543E-6	3	0	
5.712000E-7	1	0	
5.960571E-7	1	0	
6.082286E-7	1	0	
5.958000E-7	1	0	
5.889429E-7	1	0	
6.162000E-7	1	0	
5.866286E-7	1	0	
5.805429E-7	1	0	
6.140571E-7	1	0	
6.060857E-7	1	0	
5.863714E-7	1	0	
5.790857E-7	1	0	
5.843143E-7	1	0	
6.045429E-7	1	0	
4.249714E-6	4	0	
5.826000E-7	2	0	
5.880000E-7	2	0	
5.990571E-7	2	0	
6.124286E-7	2	0	
6.082286E-7	2	0	
6.118286E-7	2	0	
5.984571E-7	2	0	
6.004286E-7	2	0	
6.120000E-7	2	0	
6.066857E-7	2	0	
6.035143E-7	2	0	
5.910857E-7	2	0	
6.090000E-7	2	0	
5.984571E-7	2	0	
-3.054771E-6	3	0	
5.970000E-7	1	0	
6.152571E-7	1	0	
6.073714E-7	1	0	
5.976857E-7	1	0	
5.928857E-7	1	0	
6.060000E-7	1	0	
5.908286E-7	1	0	
5.838857E-7	1	0	
5.876571E-7	1	0	
6.096857E-7	1	0	
5.756571E-7	1	0	
5.864571E-7	1	0	
6.023143E-7	1	0	
5.834571E-7	1	0	
4.240371E-6	4	0	
6.084857E-7	2	0	
6.132857E-7	2	0	
5.961429E-7	2	0	
6.145714E-7	2	0	
6.081429E-7	2	0	
6.054000E-7	2	0	
5.891143E-7	2	0	
6.049714E-7	2	0	
6.019714E-7	2	0	
6.259714E-7	2	0	
6.171429E-7	2	0	
6.018000E-7	2	0	
6.066000E-7	2	0	
6.170571E-7	2	0	
-3.046371E-6	3	0	
5.954571E-7	1	0	
6.040286E-7	1	0	
6.152571E-7	1	0	
5.939143E-7	1	0	
6.025714E-7	1	0	
5.844857E-7	1	0	
5.948571E-7	1	0	
6.040286E-7	1	0	
5.953714E-7	1	0	
6.003429E-7	1	0	
6.054857E-7	1	0	
5.795143E-7	1	0	
6.150857E-7	1	0	
6.067714E-7	1	0	
4.261800E-6	4	0	
6.107143E-7	2	0	
6.126857E-7	2	0	
6.165429E-7	2	0	
6.105429E-7	2	0	
6.147429E-7	2	0	
6.240857E-7	2	0	
6.132857E-7	2	0	
6.156857E-7	2	0	
6.075429E-7	2	0	
6.371143E-7	2	0	
6.166286E-7	2	0	
6.058286E-7	2	0	
6.176571E-7	2	0	
6.012857E-7	2	0	
-3.043971E-6	3	0	
5.890286E-7	1	0	
6.045429E-7	1	0	
6.060857E-7	1	0	
6.151714E-7	1	0	
6.123429E-7	1	0	
6.080571E-7	1	0	
6.065143E-7	1	0	
6.040286E-7	1	0	
6.276000E-7	1	0	
6.089143E-7	1	0	
6.153429E-7	1	0	
6.069429E-7	1	0	
6.150857E-7	1	0	
6.167143E-7	1	0	
4.255371E-6	4	0	
6.007714E-7	2	0	
6.316286E-7	2	0	
6.364286E-7	2	0	
6.042000E-7	2	0	
6.196286E-7	2	0	
6.162000E-7	2	0	
6.153429E-7	2	0	
6.223714E-7	2	0	
6.150000E-7	2	0	
6.352286E-7	2	0	
6.169714E-7	2	0	
6.401143E-7	2	0	
6.263143E-7	2	0	
6.325714E-7	2	0	
-3.016886E-6	3	0	
5.918571E-7	1	0	
6.249429E-7	1	0	
6.260571E-7	1	0	
6.055714E-7	1	0	
6.445714E-7	1	0	
6.190286E-7	1	0	
6.271714E-7	1	0	
6.180000E-7	1	0	
6.024000E-7	1	0	
6.164571E-7	1	0	
5.953714E-7	1	0	
6.256286E-7	1	0	
6.110571E-7	1	0	
6.123429E-7	1	0	
4.276200E-6	4	0	
6.273429E-7	2	0	
6.354857E-7	2	0	
6.524571E-7	2	0	
6.143143E-7	2	0	
6.147429E-7	2	0	
6.310286E-7	2	0	
6.299143E-7	2	0	
6.446571E-7	2	0	
6.305143E-7	2	0	
6.294000E-7	2	0	
6.318000E-7	2	0	
6.275143E-7	2	0	
6.350571E-7	2	0	
6.387429E-7	2	0	
-3.015257E-6	3	0	
6.283714E-7	1	0	
6.216857E-7	1	0	
6.246857E-7	1	0	
6.197143E-7	1	0	
6.228000E-7	1	0	
6.201429E-7	1	0	
6.228857E-7	1	0	
6.239143E-7	1	0	
6.089143E-7	1	0	
6.370286E-7	1	0	
6.200571E-7	1	0	
6.173143E-7	1	0	
6.092571E-7	1	0	
6.278571E-7	1	0	
4.288371E-6	4	0	
6.455143E-7	2	0	
6.295714E-7	2	0	
6.416571E-7	2	0	
6.319714E-7	2	0	
6.470571E-7	2	0	
6.360000E-7	2	0	
6.238286E-7	2	0	
6.302571E-7	2	0	
6.244286E-7	2	0	
6.234000E-7	2	0	
6.240000E-7	2	0	
6.336857E-7	2	0	
6.286286E-7	2	0	
6.318857E-7	2	0	
-3.031629E-6	3	0	
6.069429E-7	1	0	
6.180857E-7	1	0	
6.336857E-7	1	0	
6.249429E-7	1	0	
6.339429E-7	1	0	
6.221143E-7	1	0	
6.384000E-7	1	0	
6.274286E-7	1	0	
6.316286E-7	1	0	
6.279429E-7	1	0	
6.154286E-7	1	0	
6.226286E-7	1	0	
6.468857E-7	1	0	
6.303429E-7	1	0	
4.305600E-6	4	0	
6.450857E-7	2	0	
6.107143E-7	2	0	
6.095143E-7	2	0	
6.450857E-7	2	0	
6.264857E-7	2	0	
6.434571E-7	2	0	
6.297429E-7	2	0	
6.367714E-7	2	0	
6.158571E-7	2	0	
6.371143E-7	2	0	
6.224571E-7	2	0	
6.340286E-7	2	0	
6.518571E-7	2	0	
6.456857E-7	2	0	
-3.019971E-6	3	0	
6.468000E-7	1	0	
6.225429E-7	1	0	
6.274286E-7	1	0	
6.047143E-7	1	0	
6.373714E-7	1	0	
6.350571E-7	1	0	
6.068571E-7	1	0	
6.438000E-7	1	0	
6.383143E-7	1	0	
6.430286E-7	1	0	
6.352286E-7	1	0	
6.403714E-7	1	0	
6.269143E-7	1	0	
6.378857E-7	1	0	
4.289314E-6	4	0	
6.511714E-7	2	0	
6.493714E-7	2	0	
6.489429E-7	2	0	
6.469714E-7	2	0	
6.485143E-7	2	0	
6.384000E-7	2	0	
6.591429E-7	2	0	
6.217714E-7	2	0	
6.422571E-7	2	0	
6.337714E-7	2	0	
6.311143E-7	2	0	
6.442286E-7	2	0	
6.510000E-7	2	0	
6.519429E-7	2	0	
-3.026229E-6	3	0	
6.348857E-7	1	0	
6.256286E-7	1	0	
6.245143E-7	1	0	
6.398571E-7	1	0	
6.522857E-7	1	0	
6.576857E-7	1	0	
6.615429E-7	1	0	
6.473143E-7	1	0	
6.594000E-7	1	0	
6.212571E-7	1	0	
6.371143E-7	1	0	
6.548571E-7	1	0	
6.486000E-7	1	0	
6.403714E-7	1	0	
4.303629E-6	4	0	
6.667714E-7	2	0	
6.549429E-7	2	0	
6.586286E-7	2	0	
6.573429E-7	2	0	
6.551143E-7	2	0	
6.516857E-7	2	0	
6.648857E-7	2	0	
6.733714E-7	2	0	
6.456857E-7	2	0	
6.489429E-7	2	0	
6.524571E-7	2	0	
6.537429E-7	2	0	
6.661714E-7	2	0	
6.450857E-7	2	0	
-3.006686E-6	3	0	
6.324857E-7	1	0	
6.549429E-7	1	0	
6.534857E-7	1	0	
6.524571E-7	1	0	
6.481714E-7	1	0	
6.315429E-7	1	0	
6.341143E-7	1	0	
6.529714E-7	1	0	
6.377143E-7	1	0	
6.523714E-7	1	0	
6.521143E-7	1	0	
6.404571E-7	1	0	
6.470571E-7	1	0	
6.584571E-7	1	0	
4.309971E-6	4	0	
6.495429E-7	2	0	
6.588857E-7	2	0	
6.597429E-7	2	0	
6.696000E-7	2	0	
6.649714E-7	2	0	
6.422571E-7	2	0	
6.670286E-7	2	0	
6.582857E-7	2	0	
6.653143E-7	2	0	
6.691714E-7	2	0	
6.738857E-7	2	0	
6.588000E-7	2	0	
6.567429E-7	2	0	
6.554571E-7	2	0	
-2.984486E-6	3	0	
6.528857E-7	1	0	
6.600857E-7	1	0	
6.481714E-7	1	0	
6.660000E-7	1	0	
6.389143E-7	1	0	
6.571714E-7	1	0	
6.666000E-7	1	0	
6.306000E-7	1	0	
6.703714E-7	1	0	
6.426857E-7	1	0	
6.688286E-7	1	0	
6.443143E-7	1	0	
6.641143E-7	1	0	
6.726857E-7	1	0	
4.338943E-6	4	0	
6.606000E-7	2	0	
6.512571E-7	2	0	
6.565714E-7	2	0	
6.714857E-7	2	0	
6.731143E-7	2	0	
6.611143E-7	2	0	
6.711429E-7	2	0	
6.641143E-7	2	0	
6.570000E-7	2	0	
6.899143E-7	2	0	
6.690000E-7	2	0	
6.823714E-7	2	0	
6.815143E-7	2	0	
6.759429E-7	2	0	
-2.982771E-6	3	0	
6.569143E-7	1	0	
6.747429E-7	1	0	
6.539143E-7	1	0	
6.714000E-7	1	0	
6.665143E-7	1	0	
6.487714E-7	1	0	
6.533143E-7	1	0	
6.498000E-7	1	0	
6.533143E-7	1	0	
6.617143E-7	1	0	
6.524571E-7	1	0	
6.432000E-7	1	0	
6.695143E-7	1	0	
6.600857E-7	1	0	
4.329429E-6	4	0	
6.678857E-7	2	0	
6.774000E-7	2	0	
6.796286E-7	2	0	
6.765429E-7	2	0	
6.910286E-7	2	0	
6.801429E-7	2	0	
6.630000E-7	2	0	
6.562286E-7	2	0	
6.812571E-7	2	0	
6.822857E-7	2	0	
6.949714E-7	2	0	
6.715714E-7	2	0	
6.634286E-7	2	0	
6.777429E-7	2	0	
-2.975229E-6	3	0	
6.528000E-7	1	0	
6.868286E-7	1	0	
6.744000E-7	1	0	
6.642000E-7	1	0	
6.717429E-7	1	0	
6.789429E-7	1	0	
7.008857E-7	1	0	
6.672857E-7	1	0	
6.791143E-7	1	0	
6.609429E-7	1	0	
6.725143E-7	1	0	
6.579429E-7	1	0	
6.792857E-7	1	0	
6.666000E-7	1	0	
4.325829E-6	4	0	
6.768000E-7	2	0	
6.888000E-7	2	0	
6.832286E-7	2	0	
6.804000E-7	2	0	
6.887143E-7	2	0	
6.671143E-7	2	0	
6.728571E-7	2	0	
6.833143E-7	2	0	
6.554571E-7	2	0	
6.858000E-7	2	0	
6.747429E-7	2	0	
6.847714E-7	2	0	
6.827143E-7	2	0	
6.951429E-7	2	0	
-2.994514E-6	3	0	
6.695143E-7	1	0	
6.573429E-7	1	0	
6.660857E-7	1	0	
6.713143E-7	1	0	
6.684857E-7	1	0	
6.466286E-7	1	0	
6.773143E-7	1	0	
6.794571E-7	1	0	
6.750000E-7	1	0	
6.710571E-7	1	0	
6.534857E-7	1	0	
6.660857E-7	1	0	
6.865714E-7	1	0	
6.476571E-7	1	0	
4.338429E-6	4	0	
6.660000E-7	2	0	
6.822857E-7	2	0	
6.846000E-7	2	0	
6.740571E-7	2	0	
6.597429E-7	2	0	
6.623143E-7	2	0	
6.680571E-7	2	0	
6.714857E-7	2	0	
6.801429E-7	2	0	
6.741429E-7	2	0	
6.618000E-7	2	0	
6.603429E-7	2	0	
6.597429E-7	2	0	
6.566571E-7	2	0	
-2.981143E-6	3	0	
6.679714E-7	1	0	
6.719143E-7	1	0	
6.607714E-7	1	0	
6.508286E-7	1	0	
6.620571E-7	1	0	
6.546857E-7	1	0	
6.709714E-7	1	0	
6.573429E-7	1	0	
6.786000E-7	1	0	
6.815143E-7	1	0	
6.488571E-7	1	0	
6.714857E-7	1	0	
6.595714E-7	1	0	
6.649714E-7	1	0	
4.331057E-6	4	0	
6.677143E-7	2	0	
6.751714E-7	2	0	
6.715714E-7	2	0	
6.891429E-7	2	0	
6.818571E-7	2	0	
6.661714E-7	2	0	
6.760286E-7	2	0	
6.588000E-7	2	0	
6.775714E-7	2	0	
6.843429E-7	2	0	
6.573429E-7	2	0	
6.666000E-7	2	0	
6.700286E-7	2	0	
6.710571E-7	2	0	
-2.987657E-6	3	0	
6.626571E-7	1	0	
6.449143E-7	1	0	
6.474000E-7	1	0	
6.708857E-7	1	0	
6.790286E-7	1	0	
6.679714E-7	1	0	
6.585429E-7	1	0	
6.672000E-7	1	0	
6.462000E-7	1	0	
6.554571E-7	1	0	
6.497143E-7	1	0	
6.689143E-7	1	0	
6.354857E-7	1	0	
6.576000E-7	1	0	
4.315629E-6	4	0	
6.804857E-7	2	0	
6.602571E-7	2	0	
6.491143E-7	2	0	
6.620571E-7	2	0	
6.806571E-7	2	0	
6.738000E-7	2	0	
6.665143E-7	2	0	
6.576857E-7	2	0	
6.456857E-7	2	0	
6.832286E-7	2	0	
6.549429E-7	2	0	
6.590571E-7	2	0	
6.662571E-7	2	0	
6.659143E-7	2	0	
-2.988086E-6	3	0	
6.665143E-7	1	0	
6.296571E-7	1	0	
6.510000E-7	1	0	
6.704571E-7	1	0	
6.552000E-7	1	0	
6.704571E-7	1	0	
6.633429E-7	1	0	
6.834857E-7	1	0	
6.659143E-7	1	0	
6.534857E-7	1	0	
6.528857E-7	1	0	
6.725143E-7	1	0	
6.733714E-7	1	0	
7.005429E-7	1	0	
4.385829E-6	4	0	
7.055143E-7	2	0	
7.102286E-7	2	0	
7.073143E-7	2	0	
7.110857E-7	2	0	
7.151143E-7	2	0	
7.251429E-7	2	0	
7.021714E-7	2	0	
6.994286E-7	2	0	
7.235143E-7	2	0	
6.937714E-7	2	0	
7.062857E-7	2	0	
7.214571E-7	2	0	
7.045714E-7	2	0	
7.152000E-7	2	0	
-2.933657E-6	3	0	
6.882857E-7	1	0	
6.990857E-7	1	0	
7.043143E-7	1	0	
6.980571E-7	1	0	
6.906000E-7	1	0	
6.840000E-7	1	0	
6.888857E-7	1	0	
6.940286E-7	1	0	
6.844286E-7	1	0	
7.028571E-7	1	0	
6.848571E-7	1	0	
6.791143E-7	1	0	
6.823714E-7	1	0	
6.811714E-7	1	0	
4.346143E-6	4	0	
7.090286E-7	2	0	
6.847714E-7	2	0	
6.987429E-7	2	0	
6.924857E-7	2	0	
6.821143E-7	2	0	
6.784286E-7	2	0	
6.884571E-7	2	0	
7.005429E-7	2	0	
6.935143E-7	2	0	
6.979714E-7	2	0	
6.885429E-7	2	0	
6.691714E-7	2	0	
6.812571E-7	2	0	
6.651429E-7	2	0	
-2.992971E-6	3	0	
6.846000E-7	1	0	
6.985714E-7	1	0	
6.957429E-7	1	0	
6.856286E-7	1	0	
6.906857E-7	1	0	
6.497143E-7	1	0	
6.692571E-7	1	0	
6.872571E-7	1	0	
6.762000E-7	1	0	
7.056000E-7	1	0	
6.821143E-7	1	0	
6.751714E-7	1	0	
6.816857E-7	1	0	
6.793714E-7	1	0	
4.336457E-6	4	0	
7.076571E-7	2	0	
6.705429E-7	2	0	
6.846000E-7	2	0	
6.960000E-7	2	0	
6.813429E-7	2	0	
6.925714E-7	2	0	
6.906857E-7	2	0	
6.936000E-7	2	0	
7.069714E-7	2	0	
6.937714E-7	2	0	
6.907714E-7	2	0	
6.820286E-7	2	0	
7.041429E-7	2	0	
6.799714E-7	2	0	
-2.950371E-6	3	0	
7.037143E-7	1	0	
6.792857E-7	1	0	
6.993429E-7	1	0	
6.784286E-7	1	0	
6.942857E-7	1	0	
6.913714E-7	1	0	
6.816857E-7	1	0	
7.016571E-7	1	0	
6.977143E-7	1	0	
7.050000E-7	1	0	
6.790286E-7	1	0	
6.909429E-7	1	0	
6.908571E-7	1	0	
6.791143E-7	1	0	
4.365086E-6	4	0	
6.990857E-7	2	0	
6.786000E-7	2	0	
6.888000E-7	2	0	
6.991714E-7	2	0	
7.085143E-7	2	0	
6.874286E-7	2	0	
6.960000E-7	2	0	
7.142571E-7	2	0	
6.997714E-7	2	0	
7.190571E-7	2	0	
7.046571E-7	2	0	
7.134857E-7	2	0	
6.960000E-7	2	0	
7.059429E-7	2	0	
-2.942657E-6	3	0	
7.150286E-7	1	0	
7.112571E-7	1	0	
6.872571E-7	1	0	
6.968571E-7	1	0	
7.034571E-7	1	0	
6.992571E-7	1	0	
7.070571E-7	1	0	
7.049143E-7	1	0	
6.750000E-7	1	0	
7.290857E-7	1	0	
6.935143E-7	1	0	
6.983143E-7	1	0	
7.087714E-7	1	0	
6.991714E-7	1	0	
4.380686E-6	4	0	
7.273714E-7	2	0	
7.236000E-7	2	0	
7.307143E-7	2	0	
7.113429E-7	2	0	
7.435714E-7	2	0	
7.049143E-7	2	0	
7.069714E-7	2	0	
7.181143E-7	2	0	
7.119429E-7	2	0	
7.115143E-7	2	0	
7.006286E-7	2	0	
7.271143E-7	2	0	
7.116857E-7	2	0	
7.074000E-7	2	0	
-2.957486E-6	3	0	
7.182000E-7	1	0	
7.002000E-7	1	0	
7.164857E-7	1	0	
7.121143E-7	1	0	
7.060286E-7	1	0	
7.109143E-7	1	0	
7.117714E-7	1	0	
7.274571E-7	1	0	
7.008000E-7	1	0	
6.927429E-7	1	0	
7.157143E-7	1	0	
6.945429E-7	1	0	
6.894000E-7	1	0	
6.927429E-7	1	0	
4.367657E-6	4	0	
7.020857E-7	2	0	
7.150286E-7	2	0	
7.122000E-7	2	0	
7.205143E-7	2	0	
7.093714E-7	2	0	
7.004571E-7	2	0	
7.297714E-7	2	0	
7.211143E-7	2	0	
6.881143E-7	2	0	
7.062857E-7	2	0	
7.234286E-7	2	0	
7.096286E-7	2	0	
7.222286E-7	2	0	
6.910286E-7	2	0	
-2.924486E-6	3	0	
7.136571E-7	1	0	
7.037143E-7	1	0	
7.227429E-7	1	0	
7.101429E-7	1	0	
7.108286E-7	1	0	
6.970286E-7	1	0	
7.027714E-7	1	0	
6.867429E-7	1	0	
7.024286E-7	1	0	
6.982286E-7	1	0	
6.966857E-7	1	0	
7.194000E-7	1	0	
7.051714E-7	1	0	
7.002000E-7	1	0	
4.366971E-6	4	0	
7.003714E-7	2	0	
6.991714E-7	2	0	
7.007143E-7	2	0	
6.969429E-7	2	0	
7.110000E-7	2	0	
7.090286E-7	2	0	
7.077429E-7	2	0	
7.016571E-7	2	0	
7.339714E-7	2	0	
7.186286E-7	2	0	
6.953143E-7	2	0	
7.014000E-7	2	0	
6.871714E-7	2	0	
7.042286E-7	2	0	
-2.961000E-6	3	0	
6.990857E-7	1	0	
6.912857E-7	1	0	
6.768857E-7	1	0	
6.930000E-7	1	0	
6.921429E-7	1	0	
7.032000E-7	1	0	
6.981429E-7	1	0	
6.818571E-7	1	0	
6.834857E-7	1	0	
7.148571E-7	1	0	
7.152000E-7	1	0	
6.993429E-7	1	0	
6.876000E-7	1	0	
6.876857E-7	1	0	
4.367057E-6	4	0	
7.114286E-7	2	0	
7.062000E-7	2	0	
7.000286E-7	2	0	
6.991714E-7	2	0	
7.140000E-7	2	0	
7.097143E-7	2	0	
7.080857E-7	2	0	
7.092857E-7	2	0	
7.155429E-7	2	0	
7.063714E-7	2	0	
6.972857E-7	2	0	
7.110857E-7	2	0	
7.046571E-7	2	0	
7.284857E-7	2	0	
-2.946171E-6	3	0	
6.972857E-7	1	0	
6.980571E-7	1	0	
6.969429E-7	1	0	
7.045714E-7	1	0	
6.997714E-7	1	0	
6.984857E-7	1	0	
7.263429E-7	1	0	
7.098857E-7	1	0	
7.230000E-7	1	0	
6.972857E-7	1	0	
6.831429E-7	1	0	
6.911143E-7	1	0	
6.851143E-7	1	0	
7.034571E-7	1	0	
4.367143E-6	4	0	
7.148571E-7	2	0	
6.957429E-7	2	0	
7.050857E-7	2	0	
6.884571E-7	2	0	
6.930857E-7	2	0	
7.366286E-7	2	0	
7.050857E-7	2	0	
7.044857E-7	2	0	
7.073143E-7	2	0	
7.132286E-7	2	0	
7.204286E-7	2	0	
7.111714E-7	2	0	
7.095429E-7	2	0	
7.105714E-7	2	0	
-2.942143E-6	3	0	
6.952286E-7	1	0	
6.828857E-7	1	0	
6.823714E-7	1	0	
6.943714E-7	1	0	
6.793714E-7	1	0	
6.953143E-7	1	0	
6.816000E-7	1	0	
7.076571E-7	1	0	
6.848571E-7	1	0	
7.075714E-7	1	0	
6.804857E-7	1	0	
6.753429E-7	1	0	
7.056857E-7	1	0	
6.959143E-7	1	0	
4.348371E-6	4	0	
6.861429E-7	2	0	
6.945429E-7	2	0	
6.746571E-7	2	0	
6.766286E-7	2	0	
7.038000E-7	2	0	
7.129714E-7	2	0	
7.170857E-7	2	0	
6.982286E-7	2	0	
6.888000E-7	2	0	
7.043143E-7	2	0	
6.922286E-7	2	0	
6.948000E-7	2	0	
7.038000E-7	2	0	
7.041429E-7	2	0	
-2.972057E-6	3	0	
6.879429E-7	1	0	
6.845143E-7	1	0	
6.870857E-7	1	0	
6.918857E-7	1	0	
7.002857E-7	1	0	
6.788571E-7	1	0	
7.067143E-7	1	0	
6.719143E-7	1	0	
6.793714E-7	1	0	
7.011429E-7	1	0	
6.910286E-7	1	0	
6.807429E-7	1	0	
6.955714E-7	1	0	
6.790286E-7	1	0	
4.352057E-6	4	0	
6.852857E-7	2	0	
6.957429E-7	2	0	
6.966857E-7	2	0	
7.079143E-7	2	0	
6.849429E-7	2	0	
6.871714E-7	2	0	
6.942000E-7	2	0	
6.827143E-7	2	0	
6.935143E-7	2	0	
7.006286E-7	2	0	
6.869143E-7	2	0	
6.852857E-7	2	0	
6.865714E-7	2	0	
7.170000E-7	2	0	
-2.960314E-6	3	0	
6.759429E-7	1	0	
6.899143E-7	1	0	
6.846857E-7	1	0	
6.712286E-7	1	0	
6.718286E-7	1	0	
6.633429E-7	1	0	
6.728571E-7	1	0	
6.754286E-7	1	0	
6.613714E-7	1	0	
6.732857E-7	1	0	
6.702857E-7	1	0	
6.581143E-7	1	0	
6.892286E-7	1	0	
6.544286E-7	1	0	
4.316571E-6	4	0	
6.823714E-7	2	0	
6.760286E-7	2	0	
6.805714E-7	2	0	
6.836571E-7	2	0	
6.894857E-7	2	0	
6.689143E-7	2	0	
6.603429E-7	2	0	
6.730286E-7	2	0	
6.723429E-7	2	0	
6.855429E-7	2	0	
6.713143E-7	2	0	
6.820286E-7	2	0	
6.839143E-7	2	0	
6.804000E-7	2	0	
-2.970171E-6	3	0	
6.687429E-7	1	0	
6.955714E-7	1	0	
6.535714E-7	1	0	
6.624857E-7	1	0	
6.894857E-7	1	0	
6.667714E-7	1	0	
6.584571E-7	1	0	
6.587143E-7	1	0	
6.483429E-7	1	0	
6.538286E-7	1	0	
6.668571E-7	1	0	
6.648857E-7	1	0	
6.682286E-7	1	0	
6.802286E-7	1	0	
4.332514E-6	4	0	
6.588000E-7	2	0	
6.658286E-7	2	0	
6.614571E-7	2	0	
6.736286E-7	2	0	
6.882000E-7	2	0	
6.660857E-7	2	0	
6.752571E-7	2	0	
6.764571E-7	2	0	
6.736286E-7	2	0	
6.768000E-7	2	0	
6.999429E-7	2	0	
6.630857E-7	2	0	
6.784286E-7	2	0	
6.844286E-7	2	0	
-2.969829E-6	3	0	
6.657429E-7	1	0	
6.540857E-7	1	0	
6.715714E-7	1	0	
6.581143E-7	1	0	
6.519429E-7	1	0	
6.849429E-7	1	0	
6.702000E-7	1	0	
6.623143E-7	1	0	
6.540857E-7	1	0	
6.755143E-7	1	0	
6.813429E-7	1	0	
6.750000E-7	1	0	
6.720857E-7	1	0	
6.552000E-7	1	0	
4.324457E-6	4	0	
6.678000E-7	2	0	
6.591429E-7	2	0	
6.996857E-7	2	0	
6.775714E-7	2	0	
6.874286E-7	2	0	
6.734571E-7	2	0	
6.729429E-7	2	0	
6.841714E-7	2	0	
7.040571E-7	2	0	
6.812571E-7	2	0	
6.743143E-7	2	0	
7.021714E-7	2	0	
6.750000E-7	2	0	
6.702000E-7	2	0	
-2.994943E-6	3	0	
6.524571E-7	1	0	
6.822857E-7	1	0	
6.736286E-7	1	0	
6.915429E-7	1	0	
6.782571E-7	1	0	
6.781714E-7	1	0	
6.930857E-7	1	0	
6.799714E-7	1	0	
6.690000E-7	1	0	
6.744000E-7	1	0	
6.474000E-7	1	0	
6.658286E-7	1	0	
6.826286E-7	1	0	
6.747429E-7	1	0	
4.336971E-6	4	0	
6.715714E-7	2	0	
6.856286E-7	2	0	
6.744857E-7	2	0	
6.635143E-7	2	0	
6.799714E-7	2	0	
6.828000E-7	2	0	
6.834000E-7	2	0	
6.593143E-7	2	0	
6.635143E-7	2	0	
6.681429E-7	2	0	
6.799714E-7	2	0	
6.763714E-7	2	0	
6.812571E-7	2	0	
6.572571E-7	2	0	
-2.989200E-6	3	0	
6.752571E-7	1	0	
6.780857E-7	1	0	
6.599143E-7	1	0	
6.685714E-7	1	0	
6.689143E-7	1	0	
6.493714E-7	1	0	
6.624000E-7	1	0	
6.804000E-7	1	0	
6.502286E-7	1	0	
6.746571E-7	1	0	
6.646286E-7	1	0	
6.620571E-7	1	0	
6.474000E-7	1	0	
6.801429E-7	1	0	
4.334400E-6	4	0	
6.607714E-7	2	0	
6.607714E-7	2	0	
6.865714E-7	2	0	
6.846857E-7	2	0	
6.803143E-7	2	0	
6.905143E-7	2	0	
6.753429E-7	2	0	
6.731143E-7	2	0	
6.667714E-7	2	0	
6.640286E-7	2	0	
6.749143E-7	2	0	
6.858857E-7	2	0	
6.720000E-7	2	0	
6.846857E-7	2	0	
-2.973429E-6	3	0	
6.935143E-7	1	0	
6.795429E-7	1	0	
6.921429E-7	1	0	
6.777429E-7	1	0	
6.746571E-7	1	0	
6.788571E-7	1	0	
6.820286E-7	1	0	
6.641143E-7	1	0	
6.805714E-7	1	0	
6.816857E-7	1	0	
6.711429E-7	1	0	
6.560571E-7	1	0	
6.856286E-7	1	0	
6.726000E-7	1	0	
4.328657E-6	4	0	
6.630857E-7	2	0	
6.891429E-7	2	0	
6.878571E-7	2	0	
7.063714E-7	2	0	
6.815143E-7	2	0	
6.792000E-7	2	0	
6.837429E-7	2	0	
6.906000E-7	2	0	
6.876857E-7	2	0	
6.917143E-7	2	0	
6.808286E-7	2	0	
6.941143E-7	2	0	
6.883714E-7	2	0	
6.943714E-7	2	0	
-2.963486E-6	3	0	
6.810000E-7	1	0	
6.682286E-7	1	0	
6.848571E-7	1	0	
6.780857E-7	1	0	
6.957429E-7	1	0	
6.809143E-7	1	0	
6.809143E-7	1	0	
6.687429E-7	1	0	
6.787714E-7	1	0	
6.912857E-7	1	0	
6.889714E-7	1	0	
6.702857E-7	1	0	
6.696000E-7	1	0	
6.672857E-7	1	0	
4.337829E-6	4	0	
6.746571E-7	2	0	
6.985714E-7	2	0	
7.031143E-7	2	0	
7.169143E-7	2	0	
6.887143E-7	2	0	
6.942857E-7	2	0	
6.978857E-7	2	0	
6.921429E-7	2	0	
6.992571E-7	2	0	
7.120286E-7	2	0	
6.998571E-7	2	0	
6.970286E-7	2	0	
7.002000E-7	2	0	
7.084286E-7	2	0	
-2.988086E-6	3	0	
7.058571E-7	1	0	
6.816000E-7	1	0	
6.924857E-7	1	0	
6.850286E-7	1	0	
6.917143E-7	1	0	
6.954000E-7	1	0	
6.797143E-7	1	0	
6.848571E-7	1	0	
6.929143E-7	1	0	
6.971143E-7	1	0	
6.854571E-7	1	0	
6.798000E-7	1	0	
6.853714E-7	1	0	
6.993429E-7	1	0	
4.353771E-6	4	0	
6.907714E-7	2	0	
6.999429E-7	2	0	
7.028571E-7	2	0	
7.086857E-7	2	0	
6.912857E-7	2	0	
6.975429E-7	2	0	
6.941143E-7	2	0	
7.002000E-7	2	0	
7.014000E-7	2	0	
7.131429E-7	2	0	
7.046571E-7	2	0	
6.913714E-7	2	0	
6.964286E-7	2	0	
6.904286E-7	2	0	
-2.959200E-6	3	0	
6.913714E-7	1	0	
6.882000E-7	1	0	
6.983143E-7	1	0	
7.038857E-7	1	0	
7.190571E-7	1	0	
6.865714E-7	1	0	
7.000286E-7	1	0	
6.792000E-7	1	0	
6.898286E-7	1	0	
6.784286E-7	1	0	
6.949714E-7	1	0	
6.943714E-7	1	0	
6.911143E-7	1	0	
6.914571E-7	1	0	
4.350086E-6	4	0	
7.132286E-7	2	0	
7.044857E-7	2	0	
7.072286E-7	2	0	
7.119429E-7	2	0	
7.282286E-7	2	0	
7.009714E-7	2	0	
7.220571E-7	2	0	
7.083429E-7	2	0	
7.074857E-7	2	0	
7.117714E-7	2	0	
7.106571E-7	2	0	
7.298571E-7	2	0	
7.161429E-7	2	0	
6.962571E-7	2	0	
-2.940514E-6	3	0	
6.981429E-7	1	0	
7.083429E-7	1	0	
7.075714E-7	1	0	
6.895714E-7	1	0	
6.999429E-7	1	0	
6.900000E-7	1	0	
6.993429E-7	1	0	
7.091143E-7	1	0	
7.150286E-7	1	0	
6.912857E-7	1	0	
7.130571E-7	1	0	
7.144286E-7	1	0	
6.993429E-7	1	0	
6.980571E-7	1	0	
4.362857E-6	4	0	
6.947143E-7	2	0	
7.006286E-7	2	0	
6.927429E-7	2	0	
7.044857E-7	2	0	
7.020857E-7	2	0	
7.073143E-7	2	0	
7.044000E-7	2	0	
7.130571E-7	2	0	
7.225714E-7	2	0	
7.122000E-7	2	0	
7.008857E-7	2	0	
7.242857E-7	2	0	
7.335429E-7	2	0	
7.263429E-7	2	0	
-2.929200E-6	3	0	
7.176000E-7	1	0	
7.148571E-7	1	0	
6.962571E-7	1	0	
6.823714E-7	1	0	
6.906000E-7	1	0	
7.153714E-7	1	0	
6.847714E-7	1	0	
6.912000E-7	1	0	
6.972857E-7	1	0	
6.968571E-7	1	0	
7.025143E-7	1	0	
6.821143E-7	1	0	
7.195714E-7	1	0	
6.994286E-7	1	0	
4.365171E-6	4	0	
7.018286E-7	2	0	
7.140857E-7	2	0	
6.944571E-7	2	0	
7.050000E-7	2	0	
6.858857E-7	2	0	
6.891429E-7	2	0	
7.203429E-7	2	0	
7.118571E-7	2	0	
7.004571E-7	2	0	
7.050857E-7	2	0	
6.936000E-7	2	0	
7.161429E-7	2	0	
7.281429E-7	2	0	
7.102286E-7	2	0	
-2.947286E-6	3	0	
6.998571E-7	1	0	
7.118571E-7	1	0	
6.953143E-7	1	0	
6.928286E-7	1	0	
6.909429E-7	1	0	
7.045714E-7	1	0	
7.195714E-7	1	0	
7.058571E-7	1	0	
7.026857E-7	1	0	
7.112571E-7	1	0	
7.024286E-7	1	0	
7.084286E-7	1	0	
6.840000E-7	1	0	
7.171714E-7	1	0	
4.394229E-6	4	0	
7.145143E-7	2	0	
7.190571E-7	2	0	
7.040571E-7	2	0	
7.319143E-7	2	0	
7.291714E-7	2	0	
7.128000E-7	2	0	
7.247143E-7	2	0	
7.224857E-7	2	0	
7.161429E-7	2	0	
7.303714E-7	2	0	
7.209429E-7	2	0	
7.404000E-7	2	0	
7.123714E-7	2	0	
7.313143E-7	2	0	
-2.939829E-6	3	0	
7.112571E-7	1	0	
7.145143E-7	1	0	
7.032000E-7	1	0	
7.137429E-7	1	0	
7.161429E-7	1	0	
7.145143E-7	1	0	
7.017429E-7	1	0	
7.234286E-7	1	0	
7.345714E-7	1	0	
7.068857E-7	1	0	
7.247143E-7	1	0	
7.007143E-7	1	0	
7.306286E-7	1	0	
7.044000E-7	1	0	
4.383000E-6	4	0	
7.203429E-7	2	0	
7.273714E-7	2	0	
7.299429E-7	2	0	
7.290857E-7	2	0	
7.331143E-7	2	0	
7.191429E-7	2	0	
7.362857E-7	2	0	
7.353429E-7	2	0	
7.221429E-7	2	0	
7.224000E-7	2	0	
7.436571E-7	2	0	
7.490571E-7	2	0	
7.301143E-7	2	0	
7.251429E-7	2	0	
-2.926200E-6	3	0	
7.374857E-7	1	0	
7.112571E-7	1	0	
7.158000E-7	1	0	
7.383429E-7	1	0	
7.181143E-7	1	0	
7.092857E-7	1	0	
7.087714E-7	1	0	
7.392000E-7	1	0	
7.490571E-7	1	0	
7.250571E-7	1	0	
7.355143E-7	1	0	
7.401429E-7	1	0	
7.180286E-7	1	0	
7.479429E-7	1	0	
4.361829E-6	4	0	
7.162286E-7	2	0	
7.368857E-7	2	0	
7.377429E-7	2	0	
7.342286E-7	2	0	
7.302000E-7	2	0	
7.107429E-7	2	0	
7.100571E-7	2	0	
7.290857E-7	2	0	
7.356857E-7	2	0	
7.334571E-7	2	0	
7.344000E-7	2	0	
7.115143E-7	2	0	
7.246286E-7	2	0	
7.139143E-7	2	0	
-2.951486E-6	3	0	
7.090286E-7	1	0	
7.093714E-7	1	0	
7.050000E-7	1	0	
7.081714E-7	1	0	
7.046571E-7	1	0	
7.192286E-7	1	0	
7.092000E-7	1	0	
7.088571E-7	1	0	
7.344857E-7	1	0	
7.181143E-7	1	0	
6.918857E-7	1	0	
7.224000E-7	1	0	
6.952286E-7	1	0	
6.849429E-7	1	0	
4.371086E-6	4	0	
7.037143E-7	2	0	
7.049143E-7	2	0	
7.212000E-7	2	0	
7.291714E-7	2	0	
7.126286E-7	2	0	
7.189714E-7	2	0	
7.242857E-7	2	0	
7.169143E-7	2	0	
7.223143E-7	2	0	
7.262571E-7	2	0	
7.081714E-7	2	0	
7.356857E-7	2	0	
7.101429E-7	2	0	
7.255714E-7	2	0	
-2.951400E-6	3	0	
7.158857E-7	1	0	
7.058571E-7	1	0	
7.005429E-7	1	0	
7.011429E-7	1	0	
7.065429E-7	1	0	
7.137429E-7	1	0	
7.152857E-7	1	0	
7.026000E-7	1	0	
6.919714E-7	1	0	
6.938571E-7	1	0	
7.078286E-7	1	0	
7.091143E-7	1	0	
7.193143E-7	1	0	
6.917143E-7	1	0	
4.357371E-6	4	0	
7.147714E-7	2	0	
7.066286E-7	2	0	
6.977143E-7	2	0	
7.187143E-7	2	0	
7.087714E-7	2	0	
7.188857E-7	2	0	
7.334571E-7	2	0	
7.159714E-7	2	0	
7.254857E-7	2	0	
7.209429E-7	2	0	
7.225714E-7	2	0	
7.050857E-7	2	0	
6.936000E-7	2	0	
6.974571E-7	2	0	
-2.956286E-6	3	0	
7.016571E-7	1	0	
6.843429E-7	1	0	
7.116857E-7	1	0	
7.097143E-7	1	0	
7.042286E-7	1	0	
6.942000E-7	1	0	
7.128000E-7	1	0	
6.947143E-7	1	0	
6.997714E-7	1	0	
7.003714E-7	1	0	
6.868286E-7	1	0	
6.936000E-7	1	0	
7.063714E-7	1	0	
7.074000E-7	1	0	
4.360543E-6	4	0	
7.278857E-7	2	0	
7.276286E-7	2	0	
7.148571E-7	2	0	
7.163143E-7	2	0	
7.176857E-7	2	0	
6.948857E-7	2	0	
7.184571E-7	2	0	
7.230857E-7	2	0	
7.116857E-7	2	0	
7.178571E-7	2	0	
7.063714E-7	2	0	
7.188857E-7	2	0	
7.285714E-7	2	0	
7.173429E-7	2	0	
-2.935200E-6	3	0	
7.197429E-7	1	0	
7.246286E-7	1	0	
7.059429E-7	1	0	
7.160571E-7	1	0	
7.056000E-7	1	0	
6.975429E-7	1	0	
6.961714E-7	1	0	
7.165714E-7	1	0	
7.031143E-7	1	0	
6.984000E-7	1	0	
6.894857E-7	1	0	
7.074000E-7	1	0	
7.068000E-7	1	0	
7.074000E-7	1	0	
4.347000E-6	4	0	
7.032000E-7	2	0	
6.994286E-7	2	0	
7.169143E-7	2	0	
7.247143E-7	2	0	
7.116000E-7	2	0	
7.180286E-7	2	0	
7.246286E-7	2	0	
7.064571E-7	2	0	
7.128000E-7	2	0	
7.170857E-7	2	0	
7.128000E-7	2	0	
7.080000E-7	2	0	
7.112571E-7	2	0	
7.131429E-7	2	0	
-2.952086E-6	3	0	
7.055143E-7	1	0	
6.945429E-7	1	0	
7.133143E-7	1	0	
6.968571E-7	1	0	
7.231714E-7	1	0	
7.162286E-7	1	0	
7.104857E-7	1	0	
6.952286E-7	1	0	
7.125429E-7	1	0	
7.070571E-7	1	0	
6.927429E-7	1	0	
7.114286E-7	1	0	
6.853714E-7	1	0	
6.972857E-7	1	0	
4.364057E-6	4	0	
7.260000E-7	2	0	
6.986571E-7	2	0	
7.051714E-7	2	0	
7.032857E-7	2	0	
7.194000E-7	2	0	
7.094571E-7	2	0	
7.044857E-7	2	0	
7.255714E-7	2	0	
7.100571E-7	2	0	
7.189714E-7	2	0	
7.159714E-7	2	0	
7.066286E-7	2	0	
7.148571E-7	2	0	
7.181143E-7	2	0	
-2.944629E-6	3	0	
6.939429E-7	1	0	
6.958286E-7	1	0	
6.947143E-7	1	0	
7.032000E-7	1	0	
6.981429E-7	1	0	
7.152857E-7	1	0	
7.005429E-7	1	0	
7.151143E-7	1	0	
7.096286E-7	1	0	
6.957429E-7	1	0	
7.025143E-7	1	0	
6.880286E-7	1	0	
7.079143E-7	1	0	
7.053429E-7	1	0	
4.370743E-6	4	0	
6.975429E-7	2	0	
6.817714E-7	2	0	
7.086857E-7	2	0	
7.002000E-7	2	0	
7.006286E-7	2	0	
7.184571E-7	2	0	
7.212000E-7	2	0	
7.097143E-7	2	0	
6.982286E-7	2	0	
7.223143E-7	2	0	
6.940286E-7	2	0	
7.070571E-7	2	0	
7.129714E-7	2	0	
7.068857E-7	2	0	
-2.952943E-6	3	0	
6.916286E-7	1	0	
6.792857E-7	1	0	
7.002857E-7	1	0	
6.972857E-7	1	0	
7.012286E-7	1	0	
6.991714E-7	1	0	
6.892286E-7	1	0	
7.126286E-7	1	0	
6.828857E-7	1	0	
7.204286E-7	1	0	
6.902571E-7	1	0	
7.200000E-7	1	0	
6.954000E-7	1	0	
6.954000E-7	1	0	
4.364829E-6	4	0	
7.046571E-7	2	0	
7.155429E-7	2	0	
6.916286E-7	2	0	
7.127143E-7	2	0	
7.189714E-7	2	0	
7.098000E-7	2	0	
7.010571E-7	2	0	
7.169143E-7	2	0	
7.064571E-7	2	0	
7.230857E-7	2	0	
7.115143E-7	2	0	
7.048286E-7	2	0	
7.092857E-7	2	0	
7.149429E-7	2	0	
-2.955171E-6	3	0	
7.121143E-7	1	0	
7.081714E-7	1	0	
6.990857E-7	1	0	
6.921429E-7	1	0	
6.960857E-7	1	0	
6.786000E-7	1	0	
6.959143E-7	1	0	
7.036286E-7	1	0	
7.038857E-7	1	0	
6.807429E-7	1	0	
6.996857E-7	1	0	
7.138286E-7	1	0	
6.871714E-7	1	0	
7.014000E-7	1	0	
4.367057E-6	4	0	
7.000286E-7	2	0	
6.987429E-7	2	0	
6.917143E-7	2	0	
7.160571E-7	2	0	
7.164000E-7	2	0	
6.995143E-7	2	0	
7.025143E-7	2	0	
7.132286E-7	2	0	
7.130571E-7	2	0	
6.984000E-7	2	0	
7.083429E-7	2	0	
7.089429E-7	2	0	
6.895714E-7	2	0	
7.065429E-7	2	0	
-2.940429E-6	3	0	
7.249714E-7	1	0	
6.961714E-7	1	0	
6.967714E-7	1	0	
6.984857E-7	1	0	
6.822000E-7	1	0	
6.995143E-7	1	0	
6.861429E-7	1	0	
7.187143E-7	1	0	
7.076571E-7	1	0	
7.126286E-7	1	0	
6.942000E-7	1	0	
6.951429E-7	1	0	
7.215429E-7	1	0	
7.015714E-7	1	0	
4.360114E-6	4	0	
7.106571E-7	2	0	
7.080857E-7	2	0	
7.140000E-7	2	0	
6.895714E-7	2	0	
7.226571E-7	2	0	
6.972857E-7	2	0	
6.736286E-7	2	0	
6.861429E-7	2	0	
6.818571E-7	2	0	
6.906857E-7	2	0	
6.949714E-7	2	0	
6.885429E-7	2	0	
7.009714E-7	2	0	
6.836571E-7	2	0	
-2.956114E-6	3	0	
6.881143E-7	1	0	
7.104000E-7	1	0	
6.879429E-7	1	0	
6.778286E-7	1	0	
6.774857E-7	1	0	
6.874286E-7	1	0	
6.844286E-7	1	0	
6.656571E-7	1	0	
6.761143E-7	1	0	
6.787714E-7	1	0	
6.893143E-7	1	0	
6.840857E-7	1	0	
6.927429E-7	1	0	
6.750857E-7	1	0	
4.346143E-6	4	0	
6.804857E-7	2	0	
6.758571E-7	2	0	
6.812571E-7	2	0	
6.982286E-7	2	0	
6.870000E-7	2	0	
6.871714E-7	2	0	
6.996000E-7	2	0	
7.033714E-7	2	0	
7.081714E-7	2	0	
6.969429E-7	2	0	
6.816000E-7	2	0	
6.873429E-7	2	0	
6.686571E-7	2	0	
6.968571E-7	2	0	
-2.965714E-6	3	0	
6.930857E-7	1	0	
6.930857E-7	1	0	
7.057714E-7	1	0	
6.884571E-7	1	0	
6.881143E-7	1	0	
6.664286E-7	1	0	
6.884571E-7	1	0	
6.866571E-7	1	0	
6.912000E-7	1	0	
6.824571E-7	1	0	
6.705429E-7	1	0	
6.591429E-7	1	0	
6.817714E-7	1	0	
6.665143E-7	1	0	
4.341086E-6	4	0	
6.958286E-7	2	0	
6.738000E-7	2	0	
6.697714E-7	2	0	
6.864000E-7	2	0	
6.897429E-7	2	0	
6.853714E-7	2	0	
6.786857E-7	2	0	
6.546857E-7	2	0	
6.775714E-7	2	0	
6.685714E-7	2	0	
6.776571E-7	2	0	
6.758571E-7	2	0	
6.786857E-7	2	0	
6.920571E-7	2	0	
-2.984229E-6	3	0	
6.527143E-7	1	0	
6.594857E-7	1	0	
6.587143E-7	1	0	
6.489429E-7	1	0	
6.429429E-7	1	0	
6.558857E-7	1	0	
6.430286E-7	1	0	
6.586286E-7	1	0	
6.574286E-7	1	0	
6.610286E-7	1	0	
6.552857E-7	1	0	
6.753429E-7	1	0	
6.474000E-7	1	0	
6.698571E-7	1	0	
4.331057E-6	4	0	
6.799714E-7	2	0	
6.699429E-7	2	0	
6.797143E-7	2	0	
6.678000E-7	2	0	
6.804857E-7	2	0	
6.809143E-7	2	0	
6.850286E-7	2	0	
6.810000E-7	2	0	
6.745714E-7	2	0	
6.737143E-7	2	0	
6.624857E-7	2	0	
6.820286E-7	2	0	
6.794571E-7	2	0	
6.664286E-7	2	0	
-2.972657E-6	3	0	
6.650571E-7	1	0	
6.424286E-7	1	0	
6.753429E-7	1	0	
6.779143E-7	1	0	
6.389143E-7	1	0	
6.534857E-7	1	0	
6.523714E-7	1	0	
6.799714E-7	1	0	
6.622286E-7	1	0	
6.588000E-7	1	0	
6.726857E-7	1	0	
6.575143E-7	1	0	
6.504857E-7	1	0	
6.495429E-7	1	0	
4.339629E-6	4	0	
6.768000E-7	2	0	
6.603429E-7	2	0	
6.816857E-7	2	0	
6.790286E-7	2	0	
6.490286E-7	2	0	
6.658286E-7	2	0	
6.765429E-7	2	0	
6.679714E-7	2	0	
6.750857E-7	2	0	
6.580286E-7	2	0	
6.732857E-7	2	0	
6.738857E-7	2	0	
6.859714E-7	2	0	
6.654857E-7	2	0	
