start date: 	2018-03-09
start time: 	17.37.40
stop date: 	2018-03-09
stop time: 	18.13.08
com rel. humid (%):	33.5
com temp (°C):	28.61
cn temp (°C):	31.59
nv temp (°C):	35.28
remarks: 	QHR Red, Squid Feedin on I1, low resistor on I1, Ramp time = 2.02s
R1 Info: 	1214
R2 Info: 	GaAs 8
data filepath: 	M:\MagniconData\CCCViewerData\cccviewer_measure\2018-03-09_CCC\180309_006_1737.txt
config filepath: 	M:\MagniconData\CCCViewerData\cccviewer_measure\2018-03-09_CCC\180309_006_1737_cccdrive.cfg
time base (Hz): 	60
integration time (time base multiples):	42
number of samples per half cycle: 	15
ignored first samples: 	7
ignored last samples: 	0
amplifier gain: 	100000
delta N1/NA (mTurns): 	0.176429749
delta (I2*R2) (V): 	1.0000

data(V)	phase	error
4.757143E-7	1	0	
4.664571E-7	1	0	
4.709143E-7	1	0	
4.666286E-7	1	0	
4.710000E-7	1	0	
4.626857E-7	1	0	
4.719429E-7	1	0	
4.606286E-7	1	0	
4.711714E-7	1	0	
4.719429E-7	1	0	
4.766571E-7	1	0	
4.695429E-7	1	0	
4.661143E-7	1	0	
-1.248754E-5	4	0	
-1.488643E-5	4	0	
-1.478117E-5	4	0	
-2.710286E-7	2	0	
4.615714E-7	2	0	
4.607143E-7	2	0	
4.626857E-7	2	0	
4.714286E-7	2	0	
4.593429E-7	2	0	
4.625143E-7	2	0	
4.573714E-7	2	0	
4.629429E-7	2	0	
4.626857E-7	2	0	
4.643143E-7	2	0	
4.608000E-7	2	0	
1.345311E-5	3	0	
1.585457E-5	3	0	
1.574700E-5	3	0	
1.199143E-6	1	0	
4.865143E-7	1	0	
4.680000E-7	1	0	
4.752000E-7	1	0	
4.718571E-7	1	0	
4.807714E-7	1	0	
4.695429E-7	1	0	
4.755429E-7	1	0	
4.631143E-7	1	0	
4.706571E-7	1	0	
4.680000E-7	1	0	
4.715143E-7	1	0	
-1.248129E-5	4	0	
-1.487931E-5	4	0	
-1.477946E-5	4	0	
-2.674286E-7	2	0	
4.534286E-7	2	0	
4.622571E-7	2	0	
4.540286E-7	2	0	
4.618286E-7	2	0	
4.649143E-7	2	0	
4.654286E-7	2	0	
4.699714E-7	2	0	
4.660286E-7	2	0	
4.734857E-7	2	0	
4.716000E-7	2	0	
4.658571E-7	2	0	
1.346340E-5	3	0	
1.585749E-5	3	0	
1.575566E-5	3	0	
1.206943E-6	1	0	
4.890857E-7	1	0	
4.857429E-7	1	0	
4.845429E-7	1	0	
4.830000E-7	1	0	
4.872857E-7	1	0	
4.877143E-7	1	0	
4.830000E-7	1	0	
4.876286E-7	1	0	
4.884857E-7	1	0	
4.847143E-7	1	0	
4.894286E-7	1	0	
-1.246937E-5	4	0	
-1.487134E-5	4	0	
-1.476214E-5	4	0	
-2.466857E-7	2	0	
4.748571E-7	2	0	
4.801714E-7	2	0	
4.771714E-7	2	0	
4.795714E-7	2	0	
4.719429E-7	2	0	
4.854857E-7	2	0	
4.818000E-7	2	0	
4.818000E-7	2	0	
4.811143E-7	2	0	
4.831714E-7	2	0	
4.937143E-7	2	0	
1.347900E-5	3	0	
1.587917E-5	3	0	
1.576149E-5	3	0	
1.221686E-6	1	0	
4.993714E-7	1	0	
5.006571E-7	1	0	
4.885714E-7	1	0	
5.038286E-7	1	0	
4.961143E-7	1	0	
5.016857E-7	1	0	
4.925143E-7	1	0	
4.979143E-7	1	0	
4.929429E-7	1	0	
4.922571E-7	1	0	
4.954286E-7	1	0	
-1.245351E-5	4	0	
-1.484983E-5	4	0	
-1.474954E-5	4	0	
-2.430000E-7	2	0	
4.798286E-7	2	0	
4.838571E-7	2	0	
4.812000E-7	2	0	
4.889143E-7	2	0	
4.936286E-7	2	0	
4.919143E-7	2	0	
4.912286E-7	2	0	
4.909714E-7	2	0	
4.873714E-7	2	0	
4.864286E-7	2	0	
4.860000E-7	2	0	
1.348226E-5	3	0	
1.588474E-5	3	0	
1.577580E-5	3	0	
1.230343E-6	1	0	
5.022857E-7	1	0	
5.040000E-7	1	0	
4.989429E-7	1	0	
5.027143E-7	1	0	
5.026286E-7	1	0	
5.014286E-7	1	0	
4.997143E-7	1	0	
4.970571E-7	1	0	
4.992000E-7	1	0	
4.952571E-7	1	0	
4.960286E-7	1	0	
-1.246363E-5	4	0	
-1.485626E-5	4	0	
-1.475314E-5	4	0	
-2.441143E-7	2	0	
4.771714E-7	2	0	
4.853143E-7	2	0	
4.837714E-7	2	0	
4.937143E-7	2	0	
4.820571E-7	2	0	
4.916571E-7	2	0	
4.844571E-7	2	0	
4.981714E-7	2	0	
4.966286E-7	2	0	
4.899429E-7	2	0	
4.957714E-7	2	0	
1.348791E-5	3	0	
1.588406E-5	3	0	
1.578034E-5	3	0	
1.233257E-6	1	0	
5.117143E-7	1	0	
5.030571E-7	1	0	
5.090571E-7	1	0	
5.076857E-7	1	0	
5.066571E-7	1	0	
5.009143E-7	1	0	
5.088000E-7	1	0	
5.023714E-7	1	0	
5.070857E-7	1	0	
4.968857E-7	1	0	
5.046857E-7	1	0	
-1.245420E-5	4	0	
-1.484657E-5	4	0	
-1.474920E-5	4	0	
-2.381143E-7	2	0	
4.960286E-7	2	0	
4.944857E-7	2	0	
4.860000E-7	2	0	
4.928571E-7	2	0	
4.935429E-7	2	0	
4.973143E-7	2	0	
4.992000E-7	2	0	
4.946571E-7	2	0	
4.926857E-7	2	0	
4.949143E-7	2	0	
4.983429E-7	2	0	
1.348611E-5	3	0	
1.588311E-5	3	0	
1.577829E-5	3	0	
1.236257E-6	1	0	
5.082857E-7	1	0	
5.166857E-7	1	0	
5.124000E-7	1	0	
5.061429E-7	1	0	
5.161714E-7	1	0	
5.046000E-7	1	0	
5.084571E-7	1	0	
5.050286E-7	1	0	
5.044286E-7	1	0	
5.094857E-7	1	0	
4.985143E-7	1	0	
-1.245489E-5	4	0	
-1.484889E-5	4	0	
-1.474886E-5	4	0	
-2.338286E-7	2	0	
4.916571E-7	2	0	
4.932857E-7	2	0	
4.956857E-7	2	0	
5.003143E-7	2	0	
4.868571E-7	2	0	
5.034857E-7	2	0	
4.931143E-7	2	0	
4.944857E-7	2	0	
5.019429E-7	2	0	
5.025429E-7	2	0	
4.977429E-7	2	0	
1.348937E-5	3	0	
1.588603E-5	3	0	
1.577786E-5	3	0	
1.232657E-6	1	0	
5.118857E-7	1	0	
5.149714E-7	1	0	
5.074286E-7	1	0	
5.078571E-7	1	0	
5.079429E-7	1	0	
5.112857E-7	1	0	
5.064000E-7	1	0	
5.064857E-7	1	0	
5.099143E-7	1	0	
5.096571E-7	1	0	
5.083714E-7	1	0	
-1.245171E-5	4	0	
-1.483629E-5	4	0	
-1.474800E-5	4	0	
-2.406857E-7	2	0	
4.882286E-7	2	0	
4.923429E-7	2	0	
4.943143E-7	2	0	
4.982571E-7	2	0	
5.020286E-7	2	0	
4.960286E-7	2	0	
4.972286E-7	2	0	
4.984286E-7	2	0	
4.945714E-7	2	0	
4.938857E-7	2	0	
4.935429E-7	2	0	
1.348817E-5	3	0	
1.587994E-5	3	0	
1.577786E-5	3	0	
1.229657E-6	1	0	
5.136000E-7	1	0	
5.045143E-7	1	0	
5.107714E-7	1	0	
5.035714E-7	1	0	
5.018571E-7	1	0	
5.098286E-7	1	0	
4.988571E-7	1	0	
5.008286E-7	1	0	
4.979143E-7	1	0	
4.969714E-7	1	0	
5.010000E-7	1	0	
-1.245274E-5	4	0	
-1.485591E-5	4	0	
-1.474920E-5	4	0	
-2.437714E-7	2	0	
4.800000E-7	2	0	
4.886571E-7	2	0	
4.870286E-7	2	0	
4.879714E-7	2	0	
4.887429E-7	2	0	
4.907143E-7	2	0	
4.905429E-7	2	0	
4.896000E-7	2	0	
4.469143E-7	2	0	
4.344857E-7	2	0	
5.527714E-7	2	0	
1.349811E-5	3	0	
1.587711E-5	3	0	
1.577091E-5	3	0	
1.232314E-6	1	0	
5.008286E-7	1	0	
4.994571E-7	1	0	
5.086286E-7	1	0	
4.966286E-7	1	0	
4.970571E-7	1	0	
4.903714E-7	1	0	
4.989429E-7	1	0	
4.916571E-7	1	0	
5.013429E-7	1	0	
4.823143E-7	1	0	
4.994571E-7	1	0	
-1.246929E-5	4	0	
-1.485009E-5	4	0	
-1.476137E-5	4	0	
-2.520000E-7	2	0	
4.759714E-7	2	0	
4.804286E-7	2	0	
4.770000E-7	2	0	
4.838571E-7	2	0	
4.819714E-7	2	0	
4.747714E-7	2	0	
4.809429E-7	2	0	
4.768286E-7	2	0	
4.865143E-7	2	0	
4.817143E-7	2	0	
4.881429E-7	2	0	
1.347111E-5	3	0	
1.587163E-5	3	0	
1.576749E-5	3	0	
1.215943E-6	1	0	
4.900286E-7	1	0	
4.956000E-7	1	0	
4.965429E-7	1	0	
4.930286E-7	1	0	
4.931143E-7	1	0	
4.893429E-7	1	0	
4.839429E-7	1	0	
4.923429E-7	1	0	
4.828286E-7	1	0	
4.865143E-7	1	0	
4.886571E-7	1	0	
-1.247031E-5	4	0	
-1.486989E-5	4	0	
-1.476334E-5	4	0	
-2.553429E-7	2	0	
4.650000E-7	2	0	
4.825714E-7	2	0	
4.718571E-7	2	0	
4.765714E-7	2	0	
4.764000E-7	2	0	
4.777714E-7	2	0	
4.821429E-7	2	0	
4.782857E-7	2	0	
4.758000E-7	2	0	
4.787143E-7	2	0	
4.830000E-7	2	0	
1.347077E-5	3	0	
1.586400E-5	3	0	
1.575891E-5	3	0	
1.209343E-6	1	0	
4.919143E-7	1	0	
4.830857E-7	1	0	
4.908000E-7	1	0	
4.891714E-7	1	0	
4.885714E-7	1	0	
4.788000E-7	1	0	
4.830000E-7	1	0	
4.820571E-7	1	0	
4.854857E-7	1	0	
4.799143E-7	1	0	
4.834286E-7	1	0	
-1.248000E-5	4	0	
-1.487443E-5	4	0	
-1.477054E-5	4	0	
-2.640857E-7	2	0	
4.656857E-7	2	0	
4.647429E-7	2	0	
4.708286E-7	2	0	
4.643143E-7	2	0	
4.660286E-7	2	0	
4.713429E-7	2	0	
4.711714E-7	2	0	
4.681714E-7	2	0	
4.718571E-7	2	0	
4.747714E-7	2	0	
4.674000E-7	2	0	
1.345774E-5	3	0	
1.585637E-5	3	0	
1.575257E-5	3	0	
1.203600E-6	1	0	
4.754571E-7	1	0	
4.812857E-7	1	0	
4.770000E-7	1	0	
4.746000E-7	1	0	
4.821429E-7	1	0	
4.762286E-7	1	0	
4.871143E-7	1	0	
4.746000E-7	1	0	
4.775143E-7	1	0	
4.766571E-7	1	0	
4.760571E-7	1	0	
-1.248669E-5	4	0	
-1.488574E-5	4	0	
-1.477783E-5	4	0	
-2.748857E-7	2	0	
4.590857E-7	2	0	
4.614857E-7	2	0	
4.660286E-7	2	0	
4.573714E-7	2	0	
4.645714E-7	2	0	
4.617429E-7	2	0	
4.674000E-7	2	0	
4.612286E-7	2	0	
4.608000E-7	2	0	
4.684286E-7	2	0	
4.698000E-7	2	0	
1.345157E-5	3	0	
1.585500E-5	3	0	
1.574374E-5	3	0	
1.200600E-6	1	0	
4.776857E-7	1	0	
4.800857E-7	1	0	
4.721143E-7	1	0	
4.668857E-7	1	0	
4.698000E-7	1	0	
4.736571E-7	1	0	
4.706571E-7	1	0	
4.688571E-7	1	0	
4.764000E-7	1	0	
4.653429E-7	1	0	
4.655143E-7	1	0	
-1.248900E-5	4	0	
-1.488317E-5	4	0	
-1.478811E-5	4	0	
-2.702571E-7	2	0	
4.509429E-7	2	0	
4.584857E-7	2	0	
4.518000E-7	2	0	
4.585714E-7	2	0	
4.587429E-7	2	0	
4.594286E-7	2	0	
4.581429E-7	2	0	
4.552286E-7	2	0	
4.716000E-7	2	0	
4.630286E-7	2	0	
4.598571E-7	2	0	
1.345191E-5	3	0	
1.584523E-5	3	0	
1.574220E-5	3	0	
1.195029E-6	1	0	
4.768286E-7	1	0	
4.729714E-7	1	0	
4.705714E-7	1	0	
4.750286E-7	1	0	
4.711714E-7	1	0	
4.722000E-7	1	0	
4.754571E-7	1	0	
4.671429E-7	1	0	
4.668000E-7	1	0	
4.680000E-7	1	0	
4.667143E-7	1	0	
-1.249089E-5	4	0	
-1.489080E-5	4	0	
-1.478889E-5	4	0	
-2.826000E-7	2	0	
4.548857E-7	2	0	
4.556571E-7	2	0	
4.538571E-7	2	0	
4.495714E-7	2	0	
4.572000E-7	2	0	
4.528286E-7	2	0	
4.542857E-7	2	0	
4.543714E-7	2	0	
4.564286E-7	2	0	
4.506000E-7	2	0	
4.520571E-7	2	0	
1.344506E-5	3	0	
1.583597E-5	3	0	
1.572866E-5	3	0	
1.193743E-6	1	0	
4.615714E-7	1	0	
4.644857E-7	1	0	
4.564286E-7	1	0	
4.660286E-7	1	0	
4.556571E-7	1	0	
4.644000E-7	1	0	
4.615714E-7	1	0	
4.583143E-7	1	0	
4.567714E-7	1	0	
4.531714E-7	1	0	
4.633714E-7	1	0	
-1.250383E-5	4	0	
-1.489183E-5	4	0	
-1.479223E-5	4	0	
-2.781429E-7	2	0	
4.464000E-7	2	0	
4.460571E-7	2	0	
4.412571E-7	2	0	
4.476857E-7	2	0	
4.467429E-7	2	0	
4.422857E-7	2	0	
4.434000E-7	2	0	
4.526571E-7	2	0	
4.452000E-7	2	0	
4.356000E-7	2	0	
4.495714E-7	2	0	
1.343400E-5	3	0	
1.583229E-5	3	0	
1.573157E-5	3	0	
1.182257E-6	1	0	
4.613143E-7	1	0	
4.661143E-7	1	0	
4.536000E-7	1	0	
4.631143E-7	1	0	
4.564286E-7	1	0	
4.568571E-7	1	0	
4.568571E-7	1	0	
4.574571E-7	1	0	
4.548000E-7	1	0	
4.512000E-7	1	0	
4.618286E-7	1	0	
-1.249937E-5	4	0	
-1.489620E-5	4	0	
-1.479223E-5	4	0	
-2.850857E-7	2	0	
4.381714E-7	2	0	
4.550571E-7	2	0	
4.534286E-7	2	0	
4.476000E-7	2	0	
4.481143E-7	2	0	
4.485429E-7	2	0	
4.488857E-7	2	0	
4.590857E-7	2	0	
4.556571E-7	2	0	
4.548000E-7	2	0	
4.487143E-7	2	0	
1.344300E-5	3	0	
1.584549E-5	3	0	
1.573311E-5	3	0	
1.193914E-6	1	0	
4.690286E-7	1	0	
4.663714E-7	1	0	
4.602000E-7	1	0	
4.694571E-7	1	0	
4.626000E-7	1	0	
4.644000E-7	1	0	
4.613143E-7	1	0	
4.651714E-7	1	0	
4.621714E-7	1	0	
4.610571E-7	1	0	
4.612286E-7	1	0	
-1.249834E-5	4	0	
-1.488857E-5	4	0	
-1.479154E-5	4	0	
-2.856000E-7	2	0	
4.519714E-7	2	0	
4.413429E-7	2	0	
4.578857E-7	2	0	
4.526571E-7	2	0	
4.558286E-7	2	0	
4.560000E-7	2	0	
4.509429E-7	2	0	
4.552286E-7	2	0	
4.548000E-7	2	0	
4.599429E-7	2	0	
4.533429E-7	2	0	
1.344557E-5	3	0	
1.584249E-5	3	0	
1.573920E-5	3	0	
1.199314E-6	1	0	
4.686857E-7	1	0	
4.705714E-7	1	0	
4.650000E-7	1	0	
4.692000E-7	1	0	
4.595143E-7	1	0	
4.668000E-7	1	0	
4.610571E-7	1	0	
4.620000E-7	1	0	
4.673143E-7	1	0	
4.671429E-7	1	0	
4.666286E-7	1	0	
-1.248754E-5	4	0	
-1.488574E-5	4	0	
-1.479171E-5	4	0	
-2.791714E-7	2	0	
4.461429E-7	2	0	
4.536857E-7	2	0	
4.560857E-7	2	0	
4.622571E-7	2	0	
4.618286E-7	2	0	
4.536857E-7	2	0	
4.675714E-7	2	0	
4.639714E-7	2	0	
4.618286E-7	2	0	
4.555714E-7	2	0	
4.578000E-7	2	0	
1.345217E-5	3	0	
1.585654E-5	3	0	
1.575009E-5	3	0	
1.207800E-6	1	0	
4.862571E-7	1	0	
4.818857E-7	1	0	
4.755429E-7	1	0	
4.710857E-7	1	0	
4.806000E-7	1	0	
4.753714E-7	1	0	
4.779429E-7	1	0	
4.756286E-7	1	0	
4.796571E-7	1	0	
4.763143E-7	1	0	
4.823143E-7	1	0	
-1.248343E-5	4	0	
-1.487640E-5	4	0	
-1.477226E-5	4	0	
-2.658000E-7	2	0	
4.590857E-7	2	0	
4.632857E-7	2	0	
4.662857E-7	2	0	
4.680857E-7	2	0	
4.727143E-7	2	0	
4.697143E-7	2	0	
4.750286E-7	2	0	
4.699714E-7	2	0	
4.732286E-7	2	0	
4.668857E-7	2	0	
4.719429E-7	2	0	
1.345449E-5	3	0	
1.586031E-5	3	0	
1.575806E-5	3	0	
1.206171E-6	1	0	
4.869429E-7	1	0	
4.881429E-7	1	0	
4.815429E-7	1	0	
4.771714E-7	1	0	
4.801714E-7	1	0	
4.726286E-7	1	0	
4.710000E-7	1	0	
4.765714E-7	1	0	
4.751143E-7	1	0	
4.758000E-7	1	0	
4.785429E-7	1	0	
-1.247837E-5	4	0	
-1.486929E-5	4	0	
-1.478160E-5	4	0	
-2.587714E-7	2	0	
4.628571E-7	2	0	
4.698000E-7	2	0	
4.679143E-7	2	0	
4.739143E-7	2	0	
4.668857E-7	2	0	
4.761429E-7	2	0	
4.732286E-7	2	0	
4.712571E-7	2	0	
4.669714E-7	2	0	
4.719429E-7	2	0	
4.685143E-7	2	0	
1.346357E-5	3	0	
1.586151E-5	3	0	
1.576029E-5	3	0	
1.208914E-6	1	0	
4.956000E-7	1	0	
4.878857E-7	1	0	
4.829143E-7	1	0	
4.922571E-7	1	0	
4.819714E-7	1	0	
4.858286E-7	1	0	
4.835143E-7	1	0	
4.804286E-7	1	0	
4.836857E-7	1	0	
4.770857E-7	1	0	
4.760571E-7	1	0	
-1.248317E-5	4	0	
-1.487794E-5	4	0	
-1.477560E-5	4	0	
-2.690571E-7	2	0	
4.708286E-7	2	0	
4.673143E-7	2	0	
4.686000E-7	2	0	
4.704000E-7	2	0	
4.630286E-7	2	0	
4.734857E-7	2	0	
4.635429E-7	2	0	
4.728857E-7	2	0	
4.626857E-7	2	0	
4.665429E-7	2	0	
4.741714E-7	2	0	
1.346349E-5	3	0	
1.585843E-5	3	0	
1.574803E-5	3	0	
1.201457E-6	1	0	
4.841143E-7	1	0	
4.818000E-7	1	0	
4.826571E-7	1	0	
4.821429E-7	1	0	
4.766571E-7	1	0	
4.771714E-7	1	0	
4.728000E-7	1	0	
4.771714E-7	1	0	
4.689429E-7	1	0	
4.829143E-7	1	0	
4.770857E-7	1	0	
-1.248609E-5	4	0	
-1.487323E-5	4	0	
-1.478031E-5	4	0	
-2.648571E-7	2	0	
4.605429E-7	2	0	
4.682571E-7	2	0	
4.542857E-7	2	0	
4.675714E-7	2	0	
4.666286E-7	2	0	
4.653429E-7	2	0	
4.713429E-7	2	0	
4.737429E-7	2	0	
4.620000E-7	2	0	
4.738286E-7	2	0	
4.728857E-7	2	0	
1.346434E-5	3	0	
1.586049E-5	3	0	
1.575094E-5	3	0	
1.210371E-6	1	0	
4.917429E-7	1	0	
4.917429E-7	1	0	
4.812000E-7	1	0	
4.797429E-7	1	0	
4.812000E-7	1	0	
4.837714E-7	1	0	
4.768286E-7	1	0	
4.850571E-7	1	0	
4.855714E-7	1	0	
4.894286E-7	1	0	
4.771714E-7	1	0	
-1.247169E-5	4	0	
-1.486569E-5	4	0	
-1.476540E-5	4	0	
-2.568000E-7	2	0	
4.720286E-7	2	0	
4.754571E-7	2	0	
4.719429E-7	2	0	
4.812857E-7	2	0	
4.699714E-7	2	0	
4.800000E-7	2	0	
4.766571E-7	2	0	
4.788857E-7	2	0	
4.695429E-7	2	0	
4.741714E-7	2	0	
4.773429E-7	2	0	
1.347051E-5	3	0	
1.587094E-5	3	0	
1.576706E-5	3	0	
1.210200E-6	1	0	
5.032286E-7	1	0	
4.860000E-7	1	0	
4.881429E-7	1	0	
4.776857E-7	1	0	
4.893429E-7	1	0	
4.761429E-7	1	0	
4.919143E-7	1	0	
4.812000E-7	1	0	
4.793143E-7	1	0	
4.807714E-7	1	0	
4.818000E-7	1	0	
-1.247563E-5	4	0	
-1.486869E-5	4	0	
-1.476626E-5	4	0	
-2.566286E-7	2	0	
4.662000E-7	2	0	
4.740857E-7	2	0	
4.697143E-7	2	0	
4.656857E-7	2	0	
4.706571E-7	2	0	
4.719429E-7	2	0	
4.719429E-7	2	0	
4.701429E-7	2	0	
4.642286E-7	2	0	
4.705714E-7	2	0	
4.799143E-7	2	0	
1.346983E-5	3	0	
1.585303E-5	3	0	
1.576089E-5	3	0	
1.209686E-6	1	0	
4.813714E-7	1	0	
4.782000E-7	1	0	
4.818000E-7	1	0	
4.827429E-7	1	0	
4.844571E-7	1	0	
4.814571E-7	1	0	
4.784571E-7	1	0	
4.779429E-7	1	0	
4.766571E-7	1	0	
4.713429E-7	1	0	
4.768286E-7	1	0	
-1.248300E-5	4	0	
-1.488463E-5	4	0	
-1.477809E-5	4	0	
-2.645143E-7	2	0	
4.596000E-7	2	0	
4.571143E-7	2	0	
4.607143E-7	2	0	
4.612286E-7	2	0	
4.692000E-7	2	0	
4.620000E-7	2	0	
4.622571E-7	2	0	
4.660286E-7	2	0	
4.707429E-7	2	0	
4.608000E-7	2	0	
4.721143E-7	2	0	
1.345089E-5	3	0	
1.585629E-5	3	0	
1.574537E-5	3	0	
1.212086E-6	1	0	
4.780286E-7	1	0	
4.785429E-7	1	0	
4.706571E-7	1	0	
4.798286E-7	1	0	
4.768286E-7	1	0	
4.707429E-7	1	0	
4.799143E-7	1	0	
4.807714E-7	1	0	
4.768286E-7	1	0	
4.818857E-7	1	0	
4.774286E-7	1	0	
-1.248043E-5	4	0	
-1.487597E-5	4	0	
-1.478271E-5	4	0	
-2.689714E-7	2	0	
4.639714E-7	2	0	
4.607143E-7	2	0	
4.699714E-7	2	0	
4.639714E-7	2	0	
4.734000E-7	2	0	
4.657714E-7	2	0	
4.792286E-7	2	0	
4.701429E-7	2	0	
4.699714E-7	2	0	
4.714286E-7	2	0	
4.748571E-7	2	0	
1.346426E-5	3	0	
1.586529E-5	3	0	
1.575463E-5	3	0	
1.202057E-6	1	0	
4.854857E-7	1	0	
4.905429E-7	1	0	
4.772571E-7	1	0	
4.769143E-7	1	0	
4.802571E-7	1	0	
4.793143E-7	1	0	
4.778571E-7	1	0	
4.818857E-7	1	0	
4.811143E-7	1	0	
4.824857E-7	1	0	
4.825714E-7	1	0	
-1.247649E-5	4	0	
-1.486714E-5	4	0	
-1.477251E-5	4	0	
-2.568857E-7	2	0	
4.722000E-7	2	0	
4.671429E-7	2	0	
4.677429E-7	2	0	
4.632000E-7	2	0	
4.650857E-7	2	0	
4.757143E-7	2	0	
4.698000E-7	2	0	
4.732286E-7	2	0	
4.696286E-7	2	0	
4.759714E-7	2	0	
4.619143E-7	2	0	
1.346529E-5	3	0	
1.586374E-5	3	0	
1.576003E-5	3	0	
1.205229E-6	1	0	
4.909714E-7	1	0	
4.856571E-7	1	0	
4.915714E-7	1	0	
4.824000E-7	1	0	
4.863429E-7	1	0	
4.878000E-7	1	0	
4.850571E-7	1	0	
4.834286E-7	1	0	
4.790571E-7	1	0	
4.793143E-7	1	0	
4.765714E-7	1	0	
-1.247417E-5	4	0	
-1.487477E-5	4	0	
-1.477337E-5	4	0	
-2.604000E-7	2	0	
4.657714E-7	2	0	
4.648286E-7	2	0	
4.669714E-7	2	0	
4.732286E-7	2	0	
4.645714E-7	2	0	
4.781143E-7	2	0	
4.639714E-7	2	0	
4.726286E-7	2	0	
4.729714E-7	2	0	
4.721143E-7	2	0	
4.730571E-7	2	0	
1.346477E-5	3	0	
1.585500E-5	3	0	
1.575711E-5	3	0	
1.204714E-6	1	0	
4.841143E-7	1	0	
4.754571E-7	1	0	
4.841143E-7	1	0	
4.830857E-7	1	0	
4.789714E-7	1	0	
4.778571E-7	1	0	
4.809429E-7	1	0	
4.760571E-7	1	0	
4.815429E-7	1	0	
4.752000E-7	1	0	
4.835143E-7	1	0	
-1.248257E-5	4	0	
-1.487906E-5	4	0	
-1.477354E-5	4	0	
-2.645143E-7	2	0	
4.709143E-7	2	0	
4.632857E-7	2	0	
4.593429E-7	2	0	
4.682571E-7	2	0	
4.700571E-7	2	0	
4.738286E-7	2	0	
4.737429E-7	2	0	
4.737429E-7	2	0	
4.710000E-7	2	0	
4.677429E-7	2	0	
4.703143E-7	2	0	
1.346340E-5	3	0	
1.587146E-5	3	0	
1.575017E-5	3	0	
1.207200E-6	1	0	
4.917429E-7	1	0	
4.841143E-7	1	0	
4.857429E-7	1	0	
4.916571E-7	1	0	
4.860000E-7	1	0	
4.763143E-7	1	0	
4.831714E-7	1	0	
4.815429E-7	1	0	
4.853143E-7	1	0	
4.816286E-7	1	0	
4.825714E-7	1	0	
-1.247331E-5	4	0	
-1.486620E-5	4	0	
-1.477200E-5	4	0	
-2.530286E-7	2	0	
4.707429E-7	2	0	
4.776857E-7	2	0	
4.767429E-7	2	0	
4.770857E-7	2	0	
4.788857E-7	2	0	
4.758857E-7	2	0	
4.813714E-7	2	0	
4.820571E-7	2	0	
4.847143E-7	2	0	
4.914857E-7	2	0	
4.770000E-7	2	0	
1.348200E-5	3	0	
1.586640E-5	3	0	
1.577109E-5	3	0	
1.216286E-6	1	0	
5.010000E-7	1	0	
4.981714E-7	1	0	
4.919143E-7	1	0	
5.033143E-7	1	0	
4.968857E-7	1	0	
4.969714E-7	1	0	
4.991143E-7	1	0	
5.050286E-7	1	0	
4.968000E-7	1	0	
4.936286E-7	1	0	
4.946571E-7	1	0	
-1.245711E-5	4	0	
-1.485977E-5	4	0	
-1.475520E-5	4	0	
-2.392286E-7	2	0	
4.868571E-7	2	0	
4.797429E-7	2	0	
4.933714E-7	2	0	
4.888286E-7	2	0	
4.875429E-7	2	0	
4.892571E-7	2	0	
4.935429E-7	2	0	
5.019429E-7	2	0	
4.853143E-7	2	0	
4.920857E-7	2	0	
4.915714E-7	2	0	
1.348329E-5	3	0	
1.588697E-5	3	0	
1.576903E-5	3	0	
1.230343E-6	1	0	
5.046000E-7	1	0	
5.064000E-7	1	0	
5.036571E-7	1	0	
5.044286E-7	1	0	
4.974857E-7	1	0	
4.984286E-7	1	0	
4.998000E-7	1	0	
4.980000E-7	1	0	
5.060571E-7	1	0	
4.989429E-7	1	0	
5.056286E-7	1	0	
-1.244914E-5	4	0	
-1.484906E-5	4	0	
-1.475503E-5	4	0	
-2.509714E-7	2	0	
4.799143E-7	2	0	
4.862571E-7	2	0	
4.919143E-7	2	0	
4.894286E-7	2	0	
4.865143E-7	2	0	
4.924286E-7	2	0	
4.878000E-7	2	0	
4.908000E-7	2	0	
4.954286E-7	2	0	
4.986000E-7	2	0	
4.904571E-7	2	0	
1.348414E-5	3	0	
1.587489E-5	3	0	
1.577100E-5	3	0	
1.229914E-6	1	0	
5.064000E-7	1	0	
5.044286E-7	1	0	
5.167714E-7	1	0	
5.013429E-7	1	0	
4.946571E-7	1	0	
5.020286E-7	1	0	
5.018571E-7	1	0	
4.977429E-7	1	0	
4.944857E-7	1	0	
5.026286E-7	1	0	
4.955143E-7	1	0	
-1.246174E-5	4	0	
-1.485540E-5	4	0	
-1.475889E-5	4	0	
-2.467714E-7	2	0	
4.788857E-7	2	0	
4.860857E-7	2	0	
4.821429E-7	2	0	
4.845429E-7	2	0	
4.892571E-7	2	0	
4.822286E-7	2	0	
4.804286E-7	2	0	
4.887429E-7	2	0	
4.821429E-7	2	0	
4.859143E-7	2	0	
4.844571E-7	2	0	
1.347814E-5	3	0	
1.587317E-5	3	0	
1.576731E-5	3	0	
1.218429E-6	1	0	
4.958571E-7	1	0	
4.962857E-7	1	0	
4.937143E-7	1	0	
4.958571E-7	1	0	
4.884857E-7	1	0	
4.917429E-7	1	0	
4.898571E-7	1	0	
4.896857E-7	1	0	
4.878000E-7	1	0	
4.890000E-7	1	0	
4.911429E-7	1	0	
-1.246963E-5	4	0	
-1.486277E-5	4	0	
-1.476471E-5	4	0	
-2.538000E-7	2	0	
4.689429E-7	2	0	
4.781143E-7	2	0	
4.732286E-7	2	0	
4.831714E-7	2	0	
4.745143E-7	2	0	
4.782857E-7	2	0	
4.735714E-7	2	0	
4.782000E-7	2	0	
4.733143E-7	2	0	
4.804286E-7	2	0	
4.816286E-7	2	0	
1.347086E-5	3	0	
1.586623E-5	3	0	
1.575814E-5	3	0	
1.212686E-6	1	0	
4.925143E-7	1	0	
4.919143E-7	1	0	
4.891714E-7	1	0	
4.826571E-7	1	0	
4.871143E-7	1	0	
4.883143E-7	1	0	
4.912286E-7	1	0	
4.834286E-7	1	0	
5.001429E-7	1	0	
4.926000E-7	1	0	
4.905429E-7	1	0	
-1.247820E-5	4	0	
-1.486406E-5	4	0	
-1.477303E-5	4	0	
-2.462571E-7	2	0	
4.695429E-7	2	0	
4.806000E-7	2	0	
4.712571E-7	2	0	
4.796571E-7	2	0	
4.750286E-7	2	0	
4.842000E-7	2	0	
4.710857E-7	2	0	
4.876286E-7	2	0	
4.719429E-7	2	0	
4.747714E-7	2	0	
4.752857E-7	2	0	
1.346863E-5	3	0	
1.586957E-5	3	0	
1.576337E-5	3	0	
1.215086E-6	1	0	
4.836000E-7	1	0	
4.934571E-7	1	0	
4.918286E-7	1	0	
4.871143E-7	1	0	
4.824857E-7	1	0	
4.903714E-7	1	0	
4.736571E-7	1	0	
4.896857E-7	1	0	
4.780286E-7	1	0	
4.909714E-7	1	0	
4.812000E-7	1	0	
-1.247451E-5	4	0	
-1.487366E-5	4	0	
-1.477440E-5	4	0	
-2.611714E-7	2	0	
4.672286E-7	2	0	
4.713429E-7	2	0	
4.686857E-7	2	0	
4.787143E-7	2	0	
4.724571E-7	2	0	
4.740000E-7	2	0	
4.753714E-7	2	0	
4.703143E-7	2	0	
4.776000E-7	2	0	
4.750286E-7	2	0	
4.763143E-7	2	0	
1.346451E-5	3	0	
1.586331E-5	3	0	
1.575686E-5	3	0	
1.204029E-6	1	0	
4.908000E-7	1	0	
4.930286E-7	1	0	
4.857429E-7	1	0	
4.798286E-7	1	0	
4.805143E-7	1	0	
4.820571E-7	1	0	
4.838571E-7	1	0	
4.780286E-7	1	0	
4.878857E-7	1	0	
4.775143E-7	1	0	
4.888286E-7	1	0	
-1.247606E-5	4	0	
-1.486783E-5	4	0	
-1.476257E-5	4	0	
-2.561143E-7	2	0	
4.738286E-7	2	0	
4.782857E-7	2	0	
4.734857E-7	2	0	
4.794857E-7	2	0	
4.768286E-7	2	0	
4.762286E-7	2	0	
4.785429E-7	2	0	
4.821429E-7	2	0	
4.758857E-7	2	0	
4.834286E-7	2	0	
4.762286E-7	2	0	
1.347686E-5	3	0	
1.587274E-5	3	0	
1.576380E-5	3	0	
1.219200E-6	1	0	
4.979143E-7	1	0	
4.998857E-7	1	0	
4.884000E-7	1	0	
4.943143E-7	1	0	
4.842857E-7	1	0	
4.936286E-7	1	0	
4.965429E-7	1	0	
4.873714E-7	1	0	
4.934571E-7	1	0	
4.909714E-7	1	0	
4.954286E-7	1	0	
-1.246629E-5	4	0	
-1.486054E-5	4	0	
-1.476197E-5	4	0	
-2.495143E-7	2	0	
4.744286E-7	2	0	
4.788857E-7	2	0	
4.798286E-7	2	0	
4.802571E-7	2	0	
4.864286E-7	2	0	
4.824000E-7	2	0	
4.808571E-7	2	0	
4.808571E-7	2	0	
4.846286E-7	2	0	
4.921714E-7	2	0	
4.811143E-7	2	0	
1.347703E-5	3	0	
1.586846E-5	3	0	
1.576543E-5	3	0	
1.217571E-6	1	0	
4.998000E-7	1	0	
4.980857E-7	1	0	
4.977429E-7	1	0	
4.919143E-7	1	0	
4.922571E-7	1	0	
4.968000E-7	1	0	
4.992857E-7	1	0	
4.934571E-7	1	0	
4.914857E-7	1	0	
4.890857E-7	1	0	
4.851429E-7	1	0	
-1.246654E-5	4	0	
-1.486646E-5	4	0	
-1.476377E-5	4	0	
-2.561143E-7	2	0	
4.810286E-7	2	0	
4.723714E-7	2	0	
4.814571E-7	2	0	
4.735714E-7	2	0	
4.844571E-7	2	0	
4.790571E-7	2	0	
4.737429E-7	2	0	
4.748571E-7	2	0	
4.731429E-7	2	0	
4.843714E-7	2	0	
4.817143E-7	2	0	
1.347283E-5	3	0	
1.586931E-5	3	0	
1.576269E-5	3	0	
1.212857E-6	1	0	
5.004857E-7	1	0	
4.914857E-7	1	0	
4.901143E-7	1	0	
4.857429E-7	1	0	
4.845429E-7	1	0	
4.824000E-7	1	0	
4.910571E-7	1	0	
4.851429E-7	1	0	
4.908000E-7	1	0	
4.790571E-7	1	0	
4.885714E-7	1	0	
-1.247434E-5	4	0	
-1.487203E-5	4	0	
-1.477054E-5	4	0	
-2.613429E-7	2	0	
4.702286E-7	2	0	
4.817143E-7	2	0	
4.726286E-7	2	0	
4.792286E-7	2	0	
4.678286E-7	2	0	
4.810286E-7	2	0	
4.715143E-7	2	0	
4.807714E-7	2	0	
4.703143E-7	2	0	
4.764000E-7	2	0	
4.774286E-7	2	0	
1.347471E-5	3	0	
1.586777E-5	3	0	
1.576251E-5	3	0	
1.212171E-6	1	0	
4.910571E-7	1	0	
4.909714E-7	1	0	
4.945714E-7	1	0	
4.926000E-7	1	0	
4.931143E-7	1	0	
4.989429E-7	1	0	
4.859143E-7	1	0	
4.950857E-7	1	0	
4.882286E-7	1	0	
4.978286E-7	1	0	
4.873714E-7	1	0	
-1.245917E-5	4	0	
-1.486397E-5	4	0	
-1.475469E-5	4	0	
-2.371714E-7	2	0	
4.830857E-7	2	0	
4.830857E-7	2	0	
4.820571E-7	2	0	
4.864286E-7	2	0	
4.964571E-7	2	0	
4.976571E-7	2	0	
4.904571E-7	2	0	
4.927714E-7	2	0	
4.943143E-7	2	0	
4.986000E-7	2	0	
4.968000E-7	2	0	
1.348714E-5	3	0	
1.588457E-5	3	0	
1.578103E-5	3	0	
1.225371E-6	1	0	
5.094857E-7	1	0	
5.158286E-7	1	0	
5.086286E-7	1	0	
5.064000E-7	1	0	
5.016000E-7	1	0	
5.075143E-7	1	0	
5.138571E-7	1	0	
4.998857E-7	1	0	
5.094000E-7	1	0	
5.082000E-7	1	0	
5.028000E-7	1	0	
-1.245394E-5	4	0	
-1.484117E-5	4	0	
-1.474200E-5	4	0	
-2.398286E-7	2	0	
4.944857E-7	2	0	
4.980857E-7	2	0	
4.924286E-7	2	0	
4.959429E-7	2	0	
4.895143E-7	2	0	
4.980000E-7	2	0	
4.908857E-7	2	0	
5.062286E-7	2	0	
4.990286E-7	2	0	
4.920857E-7	2	0	
4.920000E-7	2	0	
1.349589E-5	3	0	
1.588526E-5	3	0	
1.577966E-5	3	0	
1.233943E-6	1	0	
5.157429E-7	1	0	
5.147143E-7	1	0	
5.104286E-7	1	0	
4.987714E-7	1	0	
5.068286E-7	1	0	
5.141143E-7	1	0	
4.997143E-7	1	0	
5.064000E-7	1	0	
5.043429E-7	1	0	
4.984286E-7	1	0	
4.974857E-7	1	0	
-1.244897E-5	4	0	
-1.484520E-5	4	0	
-1.474517E-5	4	0	
-2.473714E-7	2	0	
4.962857E-7	2	0	
4.848857E-7	2	0	
4.910571E-7	2	0	
4.901143E-7	2	0	
4.952571E-7	2	0	
4.911429E-7	2	0	
4.916571E-7	2	0	
4.896857E-7	2	0	
4.877143E-7	2	0	
4.918286E-7	2	0	
4.853143E-7	2	0	
1.349100E-5	3	0	
1.587857E-5	3	0	
1.577460E-5	3	0	
1.227429E-6	1	0	
5.073429E-7	1	0	
5.092286E-7	1	0	
5.129143E-7	1	0	
5.019429E-7	1	0	
5.046857E-7	1	0	
4.986857E-7	1	0	
5.083714E-7	1	0	
4.968857E-7	1	0	
5.070000E-7	1	0	
5.020286E-7	1	0	
4.985143E-7	1	0	
-1.245677E-5	4	0	
-1.485386E-5	4	0	
-1.474697E-5	4	0	
-2.436857E-7	2	0	
4.906286E-7	2	0	
4.816286E-7	2	0	
4.879714E-7	2	0	
4.866857E-7	2	0	
4.927714E-7	2	0	
4.917429E-7	2	0	
4.998000E-7	2	0	
4.853143E-7	2	0	
4.931143E-7	2	0	
4.909714E-7	2	0	
4.922571E-7	2	0	
1.347729E-5	3	0	
1.588311E-5	3	0	
1.577409E-5	3	0	
1.231800E-6	1	0	
5.010857E-7	1	0	
5.039143E-7	1	0	
4.973143E-7	1	0	
4.995429E-7	1	0	
4.891714E-7	1	0	
4.995429E-7	1	0	
4.945714E-7	1	0	
4.966286E-7	1	0	
4.901143E-7	1	0	
4.918286E-7	1	0	
4.898571E-7	1	0	
-1.246234E-5	4	0	
-1.486037E-5	4	0	
-1.476463E-5	4	0	
-2.442857E-7	2	0	
4.765714E-7	2	0	
4.767429E-7	2	0	
4.789714E-7	2	0	
4.879714E-7	2	0	
4.764857E-7	2	0	
4.854857E-7	2	0	
4.830000E-7	2	0	
4.891714E-7	2	0	
4.764000E-7	2	0	
4.926857E-7	2	0	
4.807714E-7	2	0	
1.348654E-5	3	0	
1.587026E-5	3	0	
1.576431E-5	3	0	
1.219629E-6	1	0	
5.040857E-7	1	0	
4.946571E-7	1	0	
4.943143E-7	1	0	
4.871143E-7	1	0	
4.981714E-7	1	0	
4.959429E-7	1	0	
5.016000E-7	1	0	
4.926857E-7	1	0	
4.839429E-7	1	0	
4.909714E-7	1	0	
4.930286E-7	1	0	
-1.245874E-5	4	0	
-1.486311E-5	4	0	
-1.476026E-5	4	0	
-2.500286E-7	2	0	
4.793143E-7	2	0	
4.835143E-7	2	0	
4.718571E-7	2	0	
4.760571E-7	2	0	
4.833429E-7	2	0	
4.784571E-7	2	0	
4.862571E-7	2	0	
4.784571E-7	2	0	
4.843714E-7	2	0	
4.892571E-7	2	0	
4.821429E-7	2	0	
1.348620E-5	3	0	
1.587043E-5	3	0	
1.576920E-5	3	0	
1.215343E-6	1	0	
5.081143E-7	1	0	
4.968857E-7	1	0	
4.985143E-7	1	0	
4.990286E-7	1	0	
4.896000E-7	1	0	
4.902857E-7	1	0	
4.855714E-7	1	0	
4.932000E-7	1	0	
4.926000E-7	1	0	
4.985143E-7	1	0	
4.921714E-7	1	0	
-1.247134E-5	4	0	
-1.486971E-5	4	0	
-1.476540E-5	4	0	
-2.467714E-7	2	0	
4.712571E-7	2	0	
4.848857E-7	2	0	
4.711714E-7	2	0	
4.757143E-7	2	0	
4.805143E-7	2	0	
4.824857E-7	2	0	
4.779429E-7	2	0	
4.826571E-7	2	0	
4.798286E-7	2	0	
4.743429E-7	2	0	
4.740000E-7	2	0	
1.346211E-5	3	0	
1.585466E-5	3	0	
1.575626E-5	3	0	
1.217314E-6	1	0	
4.968000E-7	1	0	
4.932000E-7	1	0	
4.857429E-7	1	0	
4.921714E-7	1	0	
4.836857E-7	1	0	
4.850571E-7	1	0	
4.883143E-7	1	0	
4.815429E-7	1	0	
4.869429E-7	1	0	
4.842857E-7	1	0	
4.903714E-7	1	0	
-1.246894E-5	4	0	
-1.486689E-5	4	0	
-1.476557E-5	4	0	
-2.488286E-7	2	0	
4.733143E-7	2	0	
4.723714E-7	2	0	
4.754571E-7	2	0	
4.794857E-7	2	0	
4.746857E-7	2	0	
4.691143E-7	2	0	
4.782857E-7	2	0	
4.752000E-7	2	0	
4.729714E-7	2	0	
4.805143E-7	2	0	
4.811143E-7	2	0	
1.346957E-5	3	0	
1.586623E-5	3	0	
1.576911E-5	3	0	
1.208314E-6	1	0	
4.938000E-7	1	0	
4.866000E-7	1	0	
4.898571E-7	1	0	
4.922571E-7	1	0	
4.909714E-7	1	0	
4.908000E-7	1	0	
4.955143E-7	1	0	
4.899429E-7	1	0	
4.836857E-7	1	0	
4.935429E-7	1	0	
4.913143E-7	1	0	
-1.246706E-5	4	0	
-1.486646E-5	4	0	
-1.476489E-5	4	0	
-2.529429E-7	2	0	
4.743429E-7	2	0	
4.768286E-7	2	0	
4.782857E-7	2	0	
4.740857E-7	2	0	
4.758857E-7	2	0	
4.851429E-7	2	0	
4.854857E-7	2	0	
4.743429E-7	2	0	
4.860857E-7	2	0	
4.782000E-7	2	0	
4.836000E-7	2	0	
1.346494E-5	3	0	
1.587574E-5	3	0	
1.576500E-5	3	0	
1.216971E-6	1	0	
5.032286E-7	1	0	
4.926000E-7	1	0	
4.930286E-7	1	0	
4.958571E-7	1	0	
4.955143E-7	1	0	
4.966286E-7	1	0	
4.901143E-7	1	0	
4.957714E-7	1	0	
4.991143E-7	1	0	
4.876286E-7	1	0	
4.910571E-7	1	0	
-1.246551E-5	4	0	
-1.486363E-5	4	0	
-1.474963E-5	4	0	
-2.439429E-7	2	0	
4.866857E-7	2	0	
4.764857E-7	2	0	
4.848000E-7	2	0	
4.898571E-7	2	0	
4.914857E-7	2	0	
4.833429E-7	2	0	
4.780286E-7	2	0	
4.815429E-7	2	0	
4.772571E-7	2	0	
4.814571E-7	2	0	
4.841143E-7	2	0	
1.347634E-5	3	0	
1.587883E-5	3	0	
1.576534E-5	3	0	
1.220143E-6	1	0	
4.979143E-7	1	0	
4.993714E-7	1	0	
4.989429E-7	1	0	
4.950000E-7	1	0	
4.975714E-7	1	0	
5.013429E-7	1	0	
4.974857E-7	1	0	
4.977429E-7	1	0	
4.934571E-7	1	0	
4.972286E-7	1	0	
4.936286E-7	1	0	
-1.246131E-5	4	0	
-1.485797E-5	4	0	
-1.475949E-5	4	0	
-2.498571E-7	2	0	
4.799143E-7	2	0	
4.938857E-7	2	0	
4.874571E-7	2	0	
4.925143E-7	2	0	
4.891714E-7	2	0	
4.972286E-7	2	0	
4.907143E-7	2	0	
4.969714E-7	2	0	
4.855714E-7	2	0	
4.898571E-7	2	0	
4.857429E-7	2	0	
1.348234E-5	3	0	
1.588029E-5	3	0	
1.577906E-5	3	0	
1.230857E-6	1	0	
5.111143E-7	1	0	
5.069143E-7	1	0	
5.071714E-7	1	0	
5.026286E-7	1	0	
5.177143E-7	1	0	
4.979143E-7	1	0	
5.074286E-7	1	0	
4.958571E-7	1	0	
4.993714E-7	1	0	
4.983429E-7	1	0	
4.987714E-7	1	0	
-1.245677E-5	4	0	
-1.485309E-5	4	0	
-1.474911E-5	4	0	
-2.348571E-7	2	0	
4.878857E-7	2	0	
4.949143E-7	2	0	
4.935429E-7	2	0	
4.888286E-7	2	0	
4.866000E-7	2	0	
4.926857E-7	2	0	
4.884000E-7	2	0	
4.963714E-7	2	0	
4.934571E-7	2	0	
4.873714E-7	2	0	
5.004000E-7	2	0	
1.348800E-5	3	0	
1.588449E-5	3	0	
1.577220E-5	3	0	
1.234457E-6	1	0	
5.078571E-7	1	0	
5.019429E-7	1	0	
5.026286E-7	1	0	
5.024571E-7	1	0	
4.958571E-7	1	0	
4.986000E-7	1	0	
4.926857E-7	1	0	
4.910571E-7	1	0	
4.894286E-7	1	0	
5.068286E-7	1	0	
5.016857E-7	1	0	
-1.246440E-5	4	0	
-1.484846E-5	4	0	
-1.476351E-5	4	0	
-2.505429E-7	2	0	
4.814571E-7	2	0	
4.865143E-7	2	0	
4.849714E-7	2	0	
4.862571E-7	2	0	
4.891714E-7	2	0	
4.840286E-7	2	0	
4.910571E-7	2	0	
4.851429E-7	2	0	
4.893429E-7	2	0	
4.868571E-7	2	0	
4.819714E-7	2	0	
1.347017E-5	3	0	
1.588260E-5	3	0	
1.576380E-5	3	0	
1.231114E-6	1	0	
5.040857E-7	1	0	
5.090571E-7	1	0	
4.992000E-7	1	0	
5.074286E-7	1	0	
4.980000E-7	1	0	
4.999714E-7	1	0	
4.915714E-7	1	0	
4.869429E-7	1	0	
4.950000E-7	1	0	
5.001429E-7	1	0	
4.955143E-7	1	0	
-1.246629E-5	4	0	
-1.486054E-5	4	0	
-1.475520E-5	4	0	
-2.527714E-7	2	0	
4.900286E-7	2	0	
4.798286E-7	2	0	
4.908000E-7	2	0	
4.864286E-7	2	0	
5.008286E-7	2	0	
4.829143E-7	2	0	
4.824000E-7	2	0	
4.956000E-7	2	0	
4.962857E-7	2	0	
4.894286E-7	2	0	
4.940571E-7	2	0	
1.348269E-5	3	0	
1.588226E-5	3	0	
1.577563E-5	3	0	
1.235486E-6	1	0	
5.086286E-7	1	0	
5.061429E-7	1	0	
5.120571E-7	1	0	
4.994571E-7	1	0	
5.147143E-7	1	0	
4.963714E-7	1	0	
5.156571E-7	1	0	
4.979143E-7	1	0	
5.117143E-7	1	0	
5.066571E-7	1	0	
5.096571E-7	1	0	
-1.245086E-5	4	0	
-1.483860E-5	4	0	
-1.474431E-5	4	0	
-2.337429E-7	2	0	
4.914000E-7	2	0	
4.917429E-7	2	0	
4.994571E-7	2	0	
4.988571E-7	2	0	
5.031429E-7	2	0	
4.975714E-7	2	0	
5.006571E-7	2	0	
4.974000E-7	2	0	
5.111143E-7	2	0	
5.025429E-7	2	0	
5.087143E-7	2	0	
1.348766E-5	3	0	
1.589126E-5	3	0	
1.579431E-5	3	0	
1.239171E-6	1	0	
5.187429E-7	1	0	
5.193429E-7	1	0	
5.208857E-7	1	0	
5.227714E-7	1	0	
5.201143E-7	1	0	
5.167714E-7	1	0	
5.136000E-7	1	0	
5.244857E-7	1	0	
5.106000E-7	1	0	
5.226000E-7	1	0	
5.235429E-7	1	0	
-1.242960E-5	4	0	
-1.482669E-5	4	0	
-1.472331E-5	4	0	
-2.162571E-7	2	0	
4.986000E-7	2	0	
5.158286E-7	2	0	
5.100857E-7	2	0	
5.085429E-7	2	0	
5.037429E-7	2	0	
5.104286E-7	2	0	
5.081143E-7	2	0	
5.024571E-7	2	0	
5.192571E-7	2	0	
5.106000E-7	2	0	
5.172857E-7	2	0	
1.350214E-5	3	0	
1.590977E-5	3	0	
1.579680E-5	3	0	
1.252371E-6	1	0	
5.292000E-7	1	0	
5.230286E-7	1	0	
5.188286E-7	1	0	
5.234571E-7	1	0	
5.262000E-7	1	0	
5.178000E-7	1	0	
5.213143E-7	1	0	
5.159143E-7	1	0	
5.245714E-7	1	0	
5.256000E-7	1	0	
5.181429E-7	1	0	
-1.244271E-5	4	0	
-1.483251E-5	4	0	
-1.472957E-5	4	0	
-2.275714E-7	2	0	
5.016000E-7	2	0	
5.080286E-7	2	0	
5.124857E-7	2	0	
4.978286E-7	2	0	
5.044286E-7	2	0	
4.995429E-7	2	0	
5.101714E-7	2	0	
5.100000E-7	2	0	
5.098286E-7	2	0	
5.014286E-7	2	0	
5.016857E-7	2	0	
1.349443E-5	3	0	
1.588877E-5	3	0	
1.578326E-5	3	0	
1.237200E-6	1	0	
5.175429E-7	1	0	
5.084571E-7	1	0	
5.163429E-7	1	0	
5.014286E-7	1	0	
5.142000E-7	1	0	
5.042571E-7	1	0	
5.057143E-7	1	0	
4.997143E-7	1	0	
5.055429E-7	1	0	
5.013429E-7	1	0	
5.067429E-7	1	0	
-1.245626E-5	4	0	
-1.484383E-5	4	0	
-1.475109E-5	4	0	
-2.362286E-7	2	0	
4.874571E-7	2	0	
5.001429E-7	2	0	
4.930286E-7	2	0	
4.959429E-7	2	0	
4.896857E-7	2	0	
4.973143E-7	2	0	
4.944857E-7	2	0	
4.842000E-7	2	0	
5.004000E-7	2	0	
4.941429E-7	2	0	
5.003143E-7	2	0	
1.348646E-5	3	0	
1.588997E-5	3	0	
1.577340E-5	3	0	
1.235743E-6	1	0	
5.087143E-7	1	0	
5.078571E-7	1	0	
5.014286E-7	1	0	
5.010000E-7	1	0	
5.028857E-7	1	0	
5.072571E-7	1	0	
5.004857E-7	1	0	
5.009143E-7	1	0	
4.950857E-7	1	0	
5.027143E-7	1	0	
5.046000E-7	1	0	
-1.245077E-5	4	0	
-1.484640E-5	4	0	
-1.474800E-5	4	0	
-2.363143E-7	2	0	
4.905429E-7	2	0	
4.854857E-7	2	0	
4.884000E-7	2	0	
4.914857E-7	2	0	
4.902000E-7	2	0	
4.979143E-7	2	0	
4.971429E-7	2	0	
4.987714E-7	2	0	
4.902000E-7	2	0	
4.918286E-7	2	0	
4.982571E-7	2	0	
1.348663E-5	3	0	
1.588389E-5	3	0	
1.577837E-5	3	0	
1.226486E-6	1	0	
5.140286E-7	1	0	
5.062286E-7	1	0	
5.054571E-7	1	0	
5.052857E-7	1	0	
5.044286E-7	1	0	
5.133429E-7	1	0	
5.053714E-7	1	0	
5.071714E-7	1	0	
5.004857E-7	1	0	
5.084571E-7	1	0	
5.081143E-7	1	0	
-1.245557E-5	4	0	
-1.484906E-5	4	0	
-1.474234E-5	4	0	
-2.368286E-7	2	0	
4.890857E-7	2	0	
4.936286E-7	2	0	
4.918286E-7	2	0	
4.953429E-7	2	0	
4.967143E-7	2	0	
4.964571E-7	2	0	
4.994571E-7	2	0	
5.022857E-7	2	0	
5.065714E-7	2	0	
4.909714E-7	2	0	
4.965429E-7	2	0	
1.348131E-5	3	0	
1.589383E-5	3	0	
1.577769E-5	3	0	
1.243543E-6	1	0	
5.098286E-7	1	0	
5.099143E-7	1	0	
5.082857E-7	1	0	
5.089714E-7	1	0	
5.130000E-7	1	0	
5.194286E-7	1	0	
5.140286E-7	1	0	
5.100857E-7	1	0	
5.070857E-7	1	0	
5.090571E-7	1	0	
5.098286E-7	1	0	
-1.245146E-5	4	0	
-1.484331E-5	4	0	
-1.474611E-5	4	0	
-2.344286E-7	2	0	
4.944000E-7	2	0	
4.969714E-7	2	0	
5.016000E-7	2	0	
4.954286E-7	2	0	
5.010857E-7	2	0	
5.001429E-7	2	0	
5.004857E-7	2	0	
4.959429E-7	2	0	
5.000571E-7	2	0	
4.999714E-7	2	0	
5.024571E-7	2	0	
1.349477E-5	3	0	
1.588714E-5	3	0	
1.578763E-5	3	0	
1.237971E-6	1	0	
5.228571E-7	1	0	
5.117143E-7	1	0	
5.040000E-7	1	0	
4.986000E-7	1	0	
5.148000E-7	1	0	
5.054571E-7	1	0	
5.106857E-7	1	0	
5.107714E-7	1	0	
5.055429E-7	1	0	
4.984286E-7	1	0	
5.106000E-7	1	0	
-1.245600E-5	4	0	
-1.484151E-5	4	0	
-1.474843E-5	4	0	
-2.304000E-7	2	0	
4.931143E-7	2	0	
4.964571E-7	2	0	
5.030571E-7	2	0	
4.974000E-7	2	0	
5.004857E-7	2	0	
5.004857E-7	2	0	
5.033143E-7	2	0	
4.960286E-7	2	0	
4.998000E-7	2	0	
4.948286E-7	2	0	
4.930286E-7	2	0	
1.348449E-5	3	0	
1.588817E-5	3	0	
1.578026E-5	3	0	
1.232829E-6	1	0	
5.160857E-7	1	0	
5.171143E-7	1	0	
5.028000E-7	1	0	
5.093143E-7	1	0	
4.982571E-7	1	0	
5.194286E-7	1	0	
5.046857E-7	1	0	
5.139429E-7	1	0	
5.017714E-7	1	0	
5.104286E-7	1	0	
5.022000E-7	1	0	
-1.244751E-5	4	0	
-1.484726E-5	4	0	
-1.474791E-5	4	0	
-2.355429E-7	2	0	
4.932857E-7	2	0	
4.989429E-7	2	0	
5.043429E-7	2	0	
4.898571E-7	2	0	
4.934571E-7	2	0	
4.963714E-7	2	0	
4.945714E-7	2	0	
4.968000E-7	2	0	
4.992000E-7	2	0	
4.995429E-7	2	0	
5.004000E-7	2	0	
1.348749E-5	3	0	
1.588586E-5	3	0	
1.578746E-5	3	0	
1.231714E-6	1	0	
5.171143E-7	1	0	
5.084571E-7	1	0	
5.124000E-7	1	0	
5.088000E-7	1	0	
5.103429E-7	1	0	
5.028000E-7	1	0	
5.059714E-7	1	0	
4.988571E-7	1	0	
5.103429E-7	1	0	
5.148000E-7	1	0	
5.102571E-7	1	0	
-1.245060E-5	4	0	
-1.484469E-5	4	0	
-1.473720E-5	4	0	
-2.306571E-7	2	0	
4.989429E-7	2	0	
4.919143E-7	2	0	
5.036571E-7	2	0	
4.990286E-7	2	0	
5.064857E-7	2	0	
5.029714E-7	2	0	
5.028000E-7	2	0	
5.070857E-7	2	0	
5.093143E-7	2	0	
5.143714E-7	2	0	
5.072571E-7	2	0	
1.350009E-5	3	0	
1.590360E-5	3	0	
1.578591E-5	3	0	
1.240114E-6	1	0	
5.220857E-7	1	0	
5.232000E-7	1	0	
5.153143E-7	1	0	
5.275714E-7	1	0	
5.149714E-7	1	0	
5.282571E-7	1	0	
5.184857E-7	1	0	
5.285143E-7	1	0	
5.221714E-7	1	0	
5.271429E-7	1	0	
5.241429E-7	1	0	
-1.243346E-5	4	0	
-1.482934E-5	4	0	
-1.472717E-5	4	0	
-2.119714E-7	2	0	
5.226000E-7	2	0	
5.130000E-7	2	0	
5.186571E-7	2	0	
5.214857E-7	2	0	
5.248286E-7	2	0	
5.290286E-7	2	0	
5.296286E-7	2	0	
5.270571E-7	2	0	
5.269714E-7	2	0	
5.274000E-7	2	0	
5.235429E-7	2	0	
1.350703E-5	3	0	
1.591106E-5	3	0	
1.581163E-5	3	0	
1.261886E-6	1	0	
5.440286E-7	1	0	
5.388857E-7	1	0	
5.434286E-7	1	0	
5.393143E-7	1	0	
5.415429E-7	1	0	
5.363143E-7	1	0	
5.420571E-7	1	0	
5.339143E-7	1	0	
5.424000E-7	1	0	
5.358857E-7	1	0	
5.409429E-7	1	0	
-1.242266E-5	4	0	
-1.481743E-5	4	0	
-1.472246E-5	4	0	
-2.020286E-7	2	0	
5.208000E-7	2	0	
5.279143E-7	2	0	
5.235429E-7	2	0	
5.298000E-7	2	0	
5.295429E-7	2	0	
5.371714E-7	2	0	
5.250857E-7	2	0	
5.310857E-7	2	0	
5.283429E-7	2	0	
5.244857E-7	2	0	
5.232000E-7	2	0	
1.352014E-5	3	0	
1.591286E-5	3	0	
1.580906E-5	3	0	
1.261886E-6	1	0	
5.457429E-7	1	0	
5.441143E-7	1	0	
5.409429E-7	1	0	
5.388857E-7	1	0	
5.350286E-7	1	0	
5.358000E-7	1	0	
5.411143E-7	1	0	
5.291143E-7	1	0	
5.374286E-7	1	0	
5.314286E-7	1	0	
5.297143E-7	1	0	
-1.242651E-5	4	0	
-1.482360E-5	4	0	
-1.472194E-5	4	0	
-2.147143E-7	2	0	
5.201143E-7	2	0	
5.140286E-7	2	0	
5.249143E-7	2	0	
5.190857E-7	2	0	
5.215714E-7	2	0	
5.213143E-7	2	0	
5.193429E-7	2	0	
5.196000E-7	2	0	
5.194286E-7	2	0	
5.219143E-7	2	0	
5.183143E-7	2	0	
1.351543E-5	3	0	
1.590489E-5	3	0	
1.580640E-5	3	0	
1.250400E-6	1	0	
5.348571E-7	1	0	
5.250000E-7	1	0	
5.316000E-7	1	0	
5.196857E-7	1	0	
5.292000E-7	1	0	
5.323714E-7	1	0	
5.324571E-7	1	0	
5.315143E-7	1	0	
5.292857E-7	1	0	
5.280000E-7	1	0	
5.261143E-7	1	0	
-1.242969E-5	4	0	
-1.482060E-5	4	0	
-1.471834E-5	4	0	
-2.159143E-7	2	0	
5.160000E-7	2	0	
5.174571E-7	2	0	
5.232857E-7	2	0	
5.191714E-7	2	0	
5.250857E-7	2	0	
5.161714E-7	2	0	
5.233714E-7	2	0	
5.200286E-7	2	0	
5.304000E-7	2	0	
5.209714E-7	2	0	
5.305714E-7	2	0	
1.351286E-5	3	0	
1.591886E-5	3	0	
1.580331E-5	3	0	
1.255629E-6	1	0	
5.370857E-7	1	0	
5.414571E-7	1	0	
5.377714E-7	1	0	
5.377714E-7	1	0	
5.366571E-7	1	0	
5.340000E-7	1	0	
5.332286E-7	1	0	
5.274000E-7	1	0	
5.244857E-7	1	0	
5.269714E-7	1	0	
5.305714E-7	1	0	
-1.242171E-5	4	0	
-1.482300E-5	4	0	
-1.473386E-5	4	0	
-2.190857E-7	2	0	
5.141143E-7	2	0	
5.143714E-7	2	0	
5.156571E-7	2	0	
5.257714E-7	2	0	
5.199429E-7	2	0	
5.170286E-7	2	0	
5.163429E-7	2	0	
5.147143E-7	2	0	
5.199429E-7	2	0	
5.225143E-7	2	0	
5.146286E-7	2	0	
1.350814E-5	3	0	
1.591106E-5	3	0	
1.579689E-5	3	0	
1.254686E-6	1	0	
5.331429E-7	1	0	
5.331429E-7	1	0	
5.388000E-7	1	0	
5.261143E-7	1	0	
5.262000E-7	1	0	
5.288571E-7	1	0	
5.328000E-7	1	0	
5.358000E-7	1	0	
5.220857E-7	1	0	
5.219143E-7	1	0	
5.221714E-7	1	0	
-1.243826E-5	4	0	
-1.482866E-5	4	0	
-1.472760E-5	4	0	
-2.184000E-7	2	0	
5.090571E-7	2	0	
5.174571E-7	2	0	
5.102571E-7	2	0	
5.133429E-7	2	0	
5.094000E-7	2	0	
5.172857E-7	2	0	
5.170286E-7	2	0	
5.193429E-7	2	0	
5.139429E-7	2	0	
5.120571E-7	2	0	
5.184857E-7	2	0	
1.350146E-5	3	0	
1.590369E-5	3	0	
1.579911E-5	3	0	
1.254600E-6	1	0	
5.340857E-7	1	0	
5.266286E-7	1	0	
5.190000E-7	1	0	
5.180571E-7	1	0	
5.158286E-7	1	0	
5.265429E-7	1	0	
5.186571E-7	1	0	
5.193429E-7	1	0	
5.173714E-7	1	0	
5.160000E-7	1	0	
5.112857E-7	1	0	
-1.244023E-5	4	0	
-1.483174E-5	4	0	
-1.473506E-5	4	0	
-2.162571E-7	2	0	
5.024571E-7	2	0	
5.088857E-7	2	0	
5.095714E-7	2	0	
5.085429E-7	2	0	
5.064000E-7	2	0	
5.068286E-7	2	0	
5.102571E-7	2	0	
5.115429E-7	2	0	
5.118000E-7	2	0	
5.077714E-7	2	0	
5.045143E-7	2	0	
1.350694E-5	3	0	
1.589100E-5	3	0	
1.579269E-5	3	0	
1.240800E-6	1	0	
5.131714E-7	1	0	
5.230286E-7	1	0	
5.127429E-7	1	0	
5.165143E-7	1	0	
5.156571E-7	1	0	
5.165143E-7	1	0	
5.091429E-7	1	0	
5.087143E-7	1	0	
5.043429E-7	1	0	
5.044286E-7	1	0	
5.047714E-7	1	0	
-1.245523E-5	4	0	
-1.484649E-5	4	0	
-1.474731E-5	4	0	
-2.396571E-7	2	0	
4.849714E-7	2	0	
4.934571E-7	2	0	
4.838571E-7	2	0	
4.950857E-7	2	0	
4.878000E-7	2	0	
5.000571E-7	2	0	
4.875429E-7	2	0	
4.932857E-7	2	0	
4.848857E-7	2	0	
4.967143E-7	2	0	
4.875429E-7	2	0	
1.348997E-5	3	0	
1.588414E-5	3	0	
1.578069E-5	3	0	
1.229914E-6	1	0	
5.133429E-7	1	0	
5.091429E-7	1	0	
5.046857E-7	1	0	
5.032286E-7	1	0	
5.047714E-7	1	0	
5.068286E-7	1	0	
5.083714E-7	1	0	
5.022857E-7	1	0	
5.079429E-7	1	0	
4.971429E-7	1	0	
5.070857E-7	1	0	
-1.246089E-5	4	0	
-1.484820E-5	4	0	
-1.474551E-5	4	0	
-2.421429E-7	2	0	
4.931143E-7	2	0	
4.905429E-7	2	0	
4.869429E-7	2	0	
4.932857E-7	2	0	
4.890000E-7	2	0	
4.911429E-7	2	0	
4.896000E-7	2	0	
4.896000E-7	2	0	
4.949143E-7	2	0	
4.896857E-7	2	0	
4.962857E-7	2	0	
1.348894E-5	3	0	
1.588106E-5	3	0	
1.577554E-5	3	0	
1.231543E-6	1	0	
5.052000E-7	1	0	
5.036571E-7	1	0	
5.010000E-7	1	0	
5.080286E-7	1	0	
5.055429E-7	1	0	
5.020286E-7	1	0	
4.964571E-7	1	0	
4.948286E-7	1	0	
5.041714E-7	1	0	
4.907143E-7	1	0	
5.013429E-7	1	0	
-1.246423E-5	4	0	
-1.485103E-5	4	0	
-1.476326E-5	4	0	
-2.405143E-7	2	0	
4.717714E-7	2	0	
4.780286E-7	2	0	
4.809429E-7	2	0	
4.818000E-7	2	0	
4.912286E-7	2	0	
4.887429E-7	2	0	
4.858286E-7	2	0	
4.797429E-7	2	0	
4.868571E-7	2	0	
4.848857E-7	2	0	
4.866000E-7	2	0	
1.347771E-5	3	0	
1.587557E-5	3	0	
1.576689E-5	3	0	
1.217400E-6	1	0	
4.992000E-7	1	0	
4.999714E-7	1	0	
4.914857E-7	1	0	
5.039143E-7	1	0	
4.992000E-7	1	0	
4.925143E-7	1	0	
4.914000E-7	1	0	
4.930286E-7	1	0	
4.906286E-7	1	0	
4.956000E-7	1	0	
4.926857E-7	1	0	
-1.246851E-5	4	0	
-1.486140E-5	4	0	
-1.476814E-5	4	0	
-2.479714E-7	2	0	
4.819714E-7	2	0	
4.755429E-7	2	0	
4.771714E-7	2	0	
4.727143E-7	2	0	
4.808571E-7	2	0	
4.760571E-7	2	0	
4.811143E-7	2	0	
4.848857E-7	2	0	
4.818857E-7	2	0	
4.757143E-7	2	0	
4.751143E-7	2	0	
1.347386E-5	3	0	
1.586829E-5	3	0	
1.576011E-5	3	0	
1.220914E-6	1	0	
4.908000E-7	1	0	
4.917429E-7	1	0	
4.859143E-7	1	0	
4.847143E-7	1	0	
4.787143E-7	1	0	
4.794000E-7	1	0	
4.836000E-7	1	0	
4.800000E-7	1	0	
4.787143E-7	1	0	
4.825714E-7	1	0	
4.808571E-7	1	0	
-1.246980E-5	4	0	
-1.486911E-5	4	0	
-1.477243E-5	4	0	
-2.576571E-7	2	0	
4.652571E-7	2	0	
4.662000E-7	2	0	
4.723714E-7	2	0	
4.644857E-7	2	0	
4.734000E-7	2	0	
4.753714E-7	2	0	
4.752857E-7	2	0	
4.741714E-7	2	0	
4.758857E-7	2	0	
4.656857E-7	2	0	
4.820571E-7	2	0	
1.346100E-5	3	0	
1.586649E-5	3	0	
1.575909E-5	3	0	
1.210457E-6	1	0	
4.880571E-7	1	0	
4.868571E-7	1	0	
4.868571E-7	1	0	
4.930286E-7	1	0	
4.836857E-7	1	0	
4.916571E-7	1	0	
4.795714E-7	1	0	
4.826571E-7	1	0	
4.805143E-7	1	0	
4.839429E-7	1	0	
4.779429E-7	1	0	
-1.247143E-5	4	0	
-1.486997E-5	4	0	
-1.476866E-5	4	0	
-2.617714E-7	2	0	
4.712571E-7	2	0	
4.672286E-7	2	0	
4.755429E-7	2	0	
4.687714E-7	2	0	
4.692000E-7	2	0	
4.739143E-7	2	0	
4.779429E-7	2	0	
4.772571E-7	2	0	
4.764000E-7	2	0	
4.738286E-7	2	0	
4.763143E-7	2	0	
1.346871E-5	3	0	
1.586049E-5	3	0	
1.575103E-5	3	0	
1.208829E-6	1	0	
4.868571E-7	1	0	
4.664571E-7	1	0	
4.906286E-7	1	0	
5.064000E-7	1	0	
4.920000E-7	1	0	
4.862571E-7	1	0	
4.918286E-7	1	0	
4.853143E-7	1	0	
4.909714E-7	1	0	
4.878000E-7	1	0	
4.898571E-7	1	0	
-1.247649E-5	4	0	
-1.486003E-5	4	0	
-1.476480E-5	4	0	
-2.544000E-7	2	0	
4.665429E-7	2	0	
4.776000E-7	2	0	
4.688571E-7	2	0	
4.765714E-7	2	0	
4.762286E-7	2	0	
4.760571E-7	2	0	
4.734000E-7	2	0	
4.896857E-7	2	0	
4.740857E-7	2	0	
4.788857E-7	2	0	
4.734857E-7	2	0	
1.346571E-5	3	0	
1.586983E-5	3	0	
1.574469E-5	3	0	
1.144629E-6	1	0	
5.261143E-7	1	0	
5.310000E-7	1	0	
5.032286E-7	1	0	
4.956000E-7	1	0	
4.914857E-7	1	0	
4.907143E-7	1	0	
5.012571E-7	1	0	
4.964571E-7	1	0	
4.950000E-7	1	0	
4.833429E-7	1	0	
4.951714E-7	1	0	
-1.246397E-5	4	0	
-1.485651E-5	4	0	
-1.476043E-5	4	0	
-2.427429E-7	2	0	
4.814571E-7	2	0	
4.844571E-7	2	0	
4.820571E-7	2	0	
4.876286E-7	2	0	
4.812000E-7	2	0	
4.879714E-7	2	0	
4.863429E-7	2	0	
4.886571E-7	2	0	
4.803429E-7	2	0	
4.908000E-7	2	0	
4.901143E-7	2	0	
1.348046E-5	3	0	
1.588260E-5	3	0	
1.577606E-5	3	0	
1.226743E-6	1	0	
5.058000E-7	1	0	
5.008286E-7	1	0	
4.927714E-7	1	0	
4.991143E-7	1	0	
4.993714E-7	1	0	
4.920857E-7	1	0	
4.957714E-7	1	0	
4.951714E-7	1	0	
4.887429E-7	1	0	
4.875429E-7	1	0	
4.971429E-7	1	0	
-1.247049E-5	4	0	
-1.485506E-5	4	0	
-1.476960E-5	4	0	
-2.367429E-7	2	0	
4.744286E-7	2	0	
4.812857E-7	2	0	
4.752000E-7	2	0	
4.896857E-7	2	0	
4.867714E-7	2	0	
4.827429E-7	2	0	
4.703143E-7	2	0	
4.815429E-7	2	0	
4.812000E-7	2	0	
4.812857E-7	2	0	
4.733143E-7	2	0	
1.347017E-5	3	0	
1.587163E-5	3	0	
1.576886E-5	3	0	
1.224086E-6	1	0	
4.915714E-7	1	0	
5.016000E-7	1	0	
4.899429E-7	1	0	
4.884857E-7	1	0	
4.941429E-7	1	0	
4.914857E-7	1	0	
5.008286E-7	1	0	
4.893429E-7	1	0	
4.982571E-7	1	0	
4.854857E-7	1	0	
4.978286E-7	1	0	
-1.245917E-5	4	0	
-1.485609E-5	4	0	
-1.476454E-5	4	0	
-2.478857E-7	2	0	
4.758857E-7	2	0	
4.848857E-7	2	0	
4.760571E-7	2	0	
4.827429E-7	2	0	
4.776000E-7	2	0	
4.875429E-7	2	0	
4.773429E-7	2	0	
4.822286E-7	2	0	
4.910571E-7	2	0	
4.886571E-7	2	0	
4.823143E-7	2	0	
1.347129E-5	3	0	
1.587274E-5	3	0	
1.576406E-5	3	0	
1.216886E-6	1	0	
4.961143E-7	1	0	
4.982571E-7	1	0	
4.921714E-7	1	0	
4.840286E-7	1	0	
4.869429E-7	1	0	
4.866857E-7	1	0	
4.906286E-7	1	0	
4.942286E-7	1	0	
4.917429E-7	1	0	
4.897714E-7	1	0	
4.866000E-7	1	0	
-1.246800E-5	4	0	
-1.487023E-5	4	0	
-1.476017E-5	4	0	
-2.546571E-7	2	0	
4.829143E-7	2	0	
4.740000E-7	2	0	
4.800000E-7	2	0	
4.782000E-7	2	0	
4.766571E-7	2	0	
4.787143E-7	2	0	
4.819714E-7	2	0	
4.738286E-7	2	0	
4.771714E-7	2	0	
4.785429E-7	2	0	
4.818000E-7	2	0	
1.346546E-5	3	0	
1.586683E-5	3	0	
1.576491E-5	3	0	
1.213371E-6	1	0	
4.935429E-7	1	0	
4.910571E-7	1	0	
4.960286E-7	1	0	
4.853143E-7	1	0	
4.918286E-7	1	0	
4.900286E-7	1	0	
4.905429E-7	1	0	
4.896857E-7	1	0	
4.912286E-7	1	0	
4.893429E-7	1	0	
4.944000E-7	1	0	
-1.247074E-5	4	0	
-1.486354E-5	4	0	
-1.476163E-5	4	0	
-2.505429E-7	2	0	
4.755429E-7	2	0	
4.766571E-7	2	0	
4.807714E-7	2	0	
4.759714E-7	2	0	
4.860000E-7	2	0	
4.796571E-7	2	0	
4.869429E-7	2	0	
4.796571E-7	2	0	
4.766571E-7	2	0	
4.766571E-7	2	0	
4.867714E-7	2	0	
1.348363E-5	3	0	
1.586589E-5	3	0	
1.577066E-5	3	0	
1.212857E-6	1	0	
5.027143E-7	1	0	
4.938000E-7	1	0	
5.078571E-7	1	0	
4.880571E-7	1	0	
4.992857E-7	1	0	
4.920857E-7	1	0	
4.968857E-7	1	0	
4.965429E-7	1	0	
4.968857E-7	1	0	
4.967143E-7	1	0	
4.936286E-7	1	0	
-1.245883E-5	4	0	
-1.486200E-5	4	0	
-1.475614E-5	4	0	
-2.457429E-7	2	0	
4.770000E-7	2	0	
4.866000E-7	2	0	
4.891714E-7	2	0	
4.895143E-7	2	0	
4.890857E-7	2	0	
4.920857E-7	2	0	
4.902857E-7	2	0	
4.819714E-7	2	0	
4.940571E-7	2	0	
4.877143E-7	2	0	
4.900286E-7	2	0	
1.348457E-5	3	0	
1.588611E-5	3	0	
1.577434E-5	3	0	
1.229743E-6	1	0	
5.041714E-7	1	0	
5.073429E-7	1	0	
4.988571E-7	1	0	
5.055429E-7	1	0	
5.005714E-7	1	0	
5.078571E-7	1	0	
5.022000E-7	1	0	
5.057143E-7	1	0	
4.986857E-7	1	0	
5.058857E-7	1	0	
4.978286E-7	1	0	
-1.245154E-5	4	0	
-1.485583E-5	4	0	
-1.475031E-5	4	0	
-2.423143E-7	2	0	
4.904571E-7	2	0	
4.846286E-7	2	0	
4.922571E-7	2	0	
4.936286E-7	2	0	
4.914857E-7	2	0	
4.991143E-7	2	0	
4.904571E-7	2	0	
4.987714E-7	2	0	
4.957714E-7	2	0	
4.968857E-7	2	0	
4.931143E-7	2	0	
1.349469E-5	3	0	
1.588551E-5	3	0	
1.577606E-5	3	0	
1.231114E-6	1	0	
5.129143E-7	1	0	
5.076000E-7	1	0	
5.113714E-7	1	0	
5.050286E-7	1	0	
5.082857E-7	1	0	
5.101714E-7	1	0	
5.126571E-7	1	0	
5.040857E-7	1	0	
5.059714E-7	1	0	
5.022000E-7	1	0	
5.077714E-7	1	0	
-1.245223E-5	4	0	
-1.484683E-5	4	0	
-1.474757E-5	4	0	
-2.332286E-7	2	0	
5.012571E-7	2	0	
4.930286E-7	2	0	
5.039143E-7	2	0	
4.930286E-7	2	0	
5.015143E-7	2	0	
4.983429E-7	2	0	
4.936286E-7	2	0	
4.976571E-7	2	0	
4.996286E-7	2	0	
4.884857E-7	2	0	
5.031429E-7	2	0	
1.348723E-5	3	0	
1.588457E-5	3	0	
1.578591E-5	3	0	
1.228800E-6	1	0	
5.191714E-7	1	0	
5.088000E-7	1	0	
5.168571E-7	1	0	
5.152286E-7	1	0	
5.059714E-7	1	0	
5.089714E-7	1	0	
5.075143E-7	1	0	
5.081143E-7	1	0	
5.112857E-7	1	0	
5.063143E-7	1	0	
5.025429E-7	1	0	
-1.245034E-5	4	0	
-1.484511E-5	4	0	
-1.474680E-5	4	0	
-2.318571E-7	2	0	
4.912286E-7	2	0	
4.940571E-7	2	0	
4.899429E-7	2	0	
4.919143E-7	2	0	
4.999714E-7	2	0	
4.988571E-7	2	0	
4.925143E-7	2	0	
4.986000E-7	2	0	
5.012571E-7	2	0	
4.977429E-7	2	0	
5.028857E-7	2	0	
1.348140E-5	3	0	
1.588714E-5	3	0	
1.577469E-5	3	0	
1.230771E-6	1	0	
5.058000E-7	1	0	
5.055429E-7	1	0	
5.022857E-7	1	0	
5.127429E-7	1	0	
5.140286E-7	1	0	
5.096571E-7	1	0	
5.002286E-7	1	0	
4.975714E-7	1	0	
5.056286E-7	1	0	
5.052000E-7	1	0	
5.019429E-7	1	0	
-1.246046E-5	4	0	
-1.485283E-5	4	0	
-1.475383E-5	4	0	
-2.490000E-7	2	0	
4.800857E-7	2	0	
4.817143E-7	2	0	
4.782857E-7	2	0	
4.885714E-7	2	0	
4.907143E-7	2	0	
4.810286E-7	2	0	
4.866000E-7	2	0	
4.818857E-7	2	0	
4.816286E-7	2	0	
4.815429E-7	2	0	
4.764000E-7	2	0	
1.347857E-5	3	0	
1.586940E-5	3	0	
1.576526E-5	3	0	
1.214657E-6	1	0	
4.917429E-7	1	0	
4.889143E-7	1	0	
4.907143E-7	1	0	
4.894286E-7	1	0	
4.892571E-7	1	0	
4.887429E-7	1	0	
4.896857E-7	1	0	
4.874571E-7	1	0	
4.901143E-7	1	0	
4.846286E-7	1	0	
4.893429E-7	1	0	
-1.247751E-5	4	0	
-1.486337E-5	4	0	
-1.476454E-5	4	0	
-2.544857E-7	2	0	
4.668857E-7	2	0	
4.740000E-7	2	0	
4.728857E-7	2	0	
4.750286E-7	2	0	
4.758000E-7	2	0	
4.815429E-7	2	0	
4.749429E-7	2	0	
4.690286E-7	2	0	
4.750286E-7	2	0	
4.747714E-7	2	0	
4.823143E-7	2	0	
1.346374E-5	3	0	
1.587009E-5	3	0	
1.576226E-5	3	0	
1.208657E-6	1	0	
4.902857E-7	1	0	
4.902000E-7	1	0	
4.836857E-7	1	0	
4.842000E-7	1	0	
4.813714E-7	1	0	
4.848000E-7	1	0	
4.861714E-7	1	0	
4.838571E-7	1	0	
4.758000E-7	1	0	
4.816286E-7	1	0	
4.809429E-7	1	0	
-1.247271E-5	4	0	
-1.487897E-5	4	0	
-1.476754E-5	4	0	
-2.626286E-7	2	0	
4.624286E-7	2	0	
4.670571E-7	2	0	
4.677429E-7	2	0	
4.715143E-7	2	0	
4.719429E-7	2	0	
4.713429E-7	2	0	
4.626857E-7	2	0	
4.692000E-7	2	0	
4.674000E-7	2	0	
4.734857E-7	2	0	
4.695429E-7	2	0	
1.346691E-5	3	0	
1.586049E-5	3	0	
1.576157E-5	3	0	
1.200514E-6	1	0	
4.995429E-7	1	0	
4.820571E-7	1	0	
4.940571E-7	1	0	
4.821429E-7	1	0	
4.896857E-7	1	0	
4.860000E-7	1	0	
4.877143E-7	1	0	
4.841143E-7	1	0	
4.848857E-7	1	0	
4.919143E-7	1	0	
4.794857E-7	1	0	
-1.247597E-5	4	0	
-1.487109E-5	4	0	
-1.476334E-5	4	0	
-2.576571E-7	2	0	
4.713429E-7	2	0	
4.725429E-7	2	0	
4.722857E-7	2	0	
4.806000E-7	2	0	
4.791429E-7	2	0	
4.727143E-7	2	0	
4.727143E-7	2	0	
4.829143E-7	2	0	
4.693714E-7	2	0	
4.827429E-7	2	0	
4.740000E-7	2	0	
1.345834E-5	3	0	
1.585894E-5	3	0	
1.575763E-5	3	0	
1.204114E-6	1	0	
4.862571E-7	1	0	
4.817143E-7	1	0	
4.892571E-7	1	0	
4.835143E-7	1	0	
4.929429E-7	1	0	
4.785429E-7	1	0	
4.896000E-7	1	0	
4.844571E-7	1	0	
4.790571E-7	1	0	
4.786286E-7	1	0	
4.852286E-7	1	0	
-1.248574E-5	4	0	
-1.486191E-5	4	0	
-1.476934E-5	4	0	
-2.548286E-7	2	0	
4.610571E-7	2	0	
4.714286E-7	2	0	
4.720286E-7	2	0	
4.655143E-7	2	0	
4.673143E-7	2	0	
4.687714E-7	2	0	
4.596000E-7	2	0	
4.680857E-7	2	0	
4.659429E-7	2	0	
4.683429E-7	2	0	
4.671429E-7	2	0	
1.345680E-5	3	0	
1.585106E-5	3	0	
1.574940E-5	3	0	
1.199143E-6	1	0	
4.737429E-7	1	0	
4.766571E-7	1	0	
4.700571E-7	1	0	
4.726286E-7	1	0	
4.792286E-7	1	0	
4.717714E-7	1	0	
4.739143E-7	1	0	
4.626000E-7	1	0	
4.721143E-7	1	0	
4.680000E-7	1	0	
4.637143E-7	1	0	
-1.249020E-5	4	0	
-1.488489E-5	4	0	
-1.478520E-5	4	0	
-2.791714E-7	2	0	
4.605429E-7	2	0	
4.501714E-7	2	0	
4.566857E-7	2	0	
4.590000E-7	2	0	
4.620000E-7	2	0	
4.550571E-7	2	0	
4.626857E-7	2	0	
4.534286E-7	2	0	
4.530857E-7	2	0	
4.625143E-7	2	0	
4.530000E-7	2	0	
1.345217E-5	3	0	
1.584300E-5	3	0	
1.573911E-5	3	0	
1.185514E-6	1	0	
4.732286E-7	1	0	
4.712571E-7	1	0	
4.687714E-7	1	0	
4.620857E-7	1	0	
4.674857E-7	1	0	
4.552286E-7	1	0	
4.635429E-7	1	0	
4.458857E-7	1	0	
4.583143E-7	1	0	
4.511143E-7	1	0	
4.576286E-7	1	0	
-1.250786E-5	4	0	
-1.489980E-5	4	0	
-1.479703E-5	4	0	
-2.931429E-7	2	0	
4.369714E-7	2	0	
4.464857E-7	2	0	
4.430571E-7	2	0	
4.352571E-7	2	0	
4.488857E-7	2	0	
4.371429E-7	2	0	
4.454571E-7	2	0	
4.392000E-7	2	0	
4.383429E-7	2	0	
4.321714E-7	2	0	
4.488857E-7	2	0	
1.343040E-5	3	0	
1.583537E-5	3	0	
1.571803E-5	3	0	
1.169829E-6	1	0	
4.510286E-7	1	0	
4.572857E-7	1	0	
4.494857E-7	1	0	
4.495714E-7	1	0	
4.421143E-7	1	0	
4.504286E-7	1	0	
4.434857E-7	1	0	
4.599429E-7	1	0	
4.410000E-7	1	0	
4.529143E-7	1	0	
4.418571E-7	1	0	
-1.251111E-5	4	0	
-1.490246E-5	4	0	
-1.481151E-5	4	0	
-3.015429E-7	2	0	
4.373143E-7	2	0	
4.289143E-7	2	0	
4.344857E-7	2	0	
4.434000E-7	2	0	
4.428857E-7	2	0	
4.393714E-7	2	0	
4.412571E-7	2	0	
4.442571E-7	2	0	
4.376571E-7	2	0	
4.392000E-7	2	0	
4.368000E-7	2	0	
1.344394E-5	3	0	
1.583580E-5	3	0	
1.572480E-5	3	0	
1.179429E-6	1	0	
4.542857E-7	1	0	
4.557429E-7	1	0	
4.446857E-7	1	0	
4.620000E-7	1	0	
4.447714E-7	1	0	
4.609714E-7	1	0	
4.428857E-7	1	0	
4.611429E-7	1	0	
4.478571E-7	1	0	
4.618286E-7	1	0	
4.462286E-7	1	0	
-1.249843E-5	4	0	
-1.490109E-5	4	0	
-1.480209E-5	4	0	
-2.814000E-7	2	0	
4.379143E-7	2	0	
4.388571E-7	2	0	
4.460571E-7	2	0	
4.422857E-7	2	0	
4.369714E-7	2	0	
4.416857E-7	2	0	
4.470857E-7	2	0	
4.482000E-7	2	0	
4.470857E-7	2	0	
4.433143E-7	2	0	
4.441714E-7	2	0	
1.343614E-5	3	0	
1.583469E-5	3	0	
1.572754E-5	3	0	
1.183371E-6	1	0	
4.599429E-7	1	0	
4.641429E-7	1	0	
4.582286E-7	1	0	
4.587429E-7	1	0	
4.529143E-7	1	0	
4.590857E-7	1	0	
4.548857E-7	1	0	
4.554857E-7	1	0	
4.514571E-7	1	0	
4.501714E-7	1	0	
4.538571E-7	1	0	
-1.250829E-5	4	0	
-1.489303E-5	4	0	
-1.480097E-5	4	0	
-2.848286E-7	2	0	
4.338857E-7	2	0	
4.420286E-7	2	0	
4.398857E-7	2	0	
4.440857E-7	2	0	
4.416857E-7	2	0	
4.452000E-7	2	0	
4.432286E-7	2	0	
4.431429E-7	2	0	
4.422857E-7	2	0	
4.524857E-7	2	0	
4.436571E-7	2	0	
1.344189E-5	3	0	
1.582809E-5	3	0	
1.573149E-5	3	0	
1.179514E-6	1	0	
4.616571E-7	1	0	
4.574571E-7	1	0	
4.517143E-7	1	0	
4.515429E-7	1	0	
4.554857E-7	1	0	
4.531714E-7	1	0	
4.544571E-7	1	0	
4.573714E-7	1	0	
4.443429E-7	1	0	
4.595143E-7	1	0	
4.474286E-7	1	0	
-1.250374E-5	4	0	
-1.490366E-5	4	0	
-1.480363E-5	4	0	
-2.998286E-7	2	0	
4.322571E-7	2	0	
4.260857E-7	2	0	
4.353429E-7	2	0	
4.389429E-7	2	0	
4.362000E-7	2	0	
4.386000E-7	2	0	
4.405714E-7	2	0	
4.316571E-7	2	0	
4.283143E-7	2	0	
4.358571E-7	2	0	
4.337143E-7	2	0	
1.342089E-5	3	0	
1.582329E-5	3	0	
1.571391E-5	3	0	
1.173943E-6	1	0	
4.408286E-7	1	0	
4.496571E-7	1	0	
4.372286E-7	1	0	
4.433143E-7	1	0	
4.371429E-7	1	0	
4.338000E-7	1	0	
4.361143E-7	1	0	
4.342286E-7	1	0	
4.332000E-7	1	0	
4.380000E-7	1	0	
4.296857E-7	1	0	
-1.252466E-5	4	0	
-1.492303E-5	4	0	
-1.481991E-5	4	0	
-3.072857E-7	2	0	
4.210286E-7	2	0	
4.285714E-7	2	0	
4.302000E-7	2	0	
4.219714E-7	2	0	
4.205143E-7	2	0	
4.269429E-7	2	0	
4.162286E-7	2	0	
4.257429E-7	2	0	
4.174286E-7	2	0	
4.188000E-7	2	0	
4.248000E-7	2	0	
1.341506E-5	3	0	
1.581017E-5	3	0	
1.571254E-5	3	0	
1.154143E-6	1	0	
4.344000E-7	1	0	
4.306286E-7	1	0	
4.318286E-7	1	0	
4.295143E-7	1	0	
4.271143E-7	1	0	
4.243714E-7	1	0	
4.261714E-7	1	0	
4.226571E-7	1	0	
4.205143E-7	1	0	
4.278857E-7	1	0	
4.266857E-7	1	0	
-1.254240E-5	4	0	
-1.492971E-5	4	0	
-1.483174E-5	4	0	
-3.294000E-7	2	0	
4.077429E-7	2	0	
4.038000E-7	2	0	
4.020857E-7	2	0	
4.076571E-7	2	0	
4.014000E-7	2	0	
4.076571E-7	2	0	
4.015714E-7	2	0	
4.098000E-7	2	0	
4.106571E-7	2	0	
4.044000E-7	2	0	
4.056000E-7	2	0	
1.339791E-5	3	0	
1.579620E-5	3	0	
