start date: 	2018-03-09
start time: 	16.48.06
stop date: 	2018-03-09
stop time: 	17.23.34
com rel. humid (%):	33.6
com temp (°C):	28.63
cn temp (°C):	31.50
nv temp (°C):	35.34
remarks: 	QHR Red, Squid Feedin on I1, low resistor on I1, Ramp time = 2.02s
R1 Info: 	1216
R2 Info: 	GaAs 8
data filepath: 	M:\MagniconData\CCCViewerData\cccviewer_measure\2018-03-09_CCC\180309_005_1648.txt
config filepath: 	M:\MagniconData\CCCViewerData\cccviewer_measure\2018-03-09_CCC\180309_005_1648_cccdrive.cfg
time base (Hz): 	60
integration time (time base multiples):	42
number of samples per half cycle: 	15
ignored first samples: 	7
ignored last samples: 	0
amplifier gain: 	100000
delta N1/NA (mTurns): 	0.157356262
delta (I2*R2) (V): 	1.0000

data(V)	phase	error
5.794286E-7	1	0	
5.747143E-7	1	0	
5.685429E-7	1	0	
5.652000E-7	1	0	
5.686286E-7	1	0	
5.735143E-7	1	0	
5.658000E-7	1	0	
5.738571E-7	1	0	
5.678571E-7	1	0	
5.626286E-7	1	0	
5.661429E-7	1	0	
5.666571E-7	1	0	
5.672571E-7	1	0	
-1.253803E-5	4	0	
-1.496083E-5	4	0	
-1.485951E-5	4	0	
-1.809429E-7	2	0	
5.508857E-7	2	0	
5.585143E-7	2	0	
5.598857E-7	2	0	
5.522571E-7	2	0	
5.580857E-7	2	0	
5.553429E-7	2	0	
5.613429E-7	2	0	
5.569714E-7	2	0	
5.553429E-7	2	0	
5.499429E-7	2	0	
5.544000E-7	2	0	
1.369680E-5	3	0	
1.612414E-5	3	0	
1.600971E-5	3	0	
1.296343E-6	1	0	
5.620286E-7	1	0	
5.638286E-7	1	0	
5.556000E-7	1	0	
5.571429E-7	1	0	
5.648571E-7	1	0	
5.658000E-7	1	0	
5.590286E-7	1	0	
5.589429E-7	1	0	
5.538000E-7	1	0	
5.505429E-7	1	0	
5.520857E-7	1	0	
-1.256169E-5	4	0	
-1.497694E-5	4	0	
-1.487469E-5	4	0	
-1.875429E-7	2	0	
5.440286E-7	2	0	
5.416286E-7	2	0	
5.416286E-7	2	0	
5.370857E-7	2	0	
5.390571E-7	2	0	
5.421429E-7	2	0	
5.435143E-7	2	0	
5.414571E-7	2	0	
5.411143E-7	2	0	
5.382000E-7	2	0	
5.364000E-7	2	0	
1.367734E-5	3	0	
1.610769E-5	3	0	
1.599480E-5	3	0	
1.282114E-6	1	0	
5.525143E-7	1	0	
5.442857E-7	1	0	
5.444571E-7	1	0	
5.399143E-7	1	0	
5.374286E-7	1	0	
5.439429E-7	1	0	
5.335714E-7	1	0	
5.349429E-7	1	0	
5.341714E-7	1	0	
5.330571E-7	1	0	
5.334857E-7	1	0	
-1.257540E-5	4	0	
-1.499829E-5	4	0	
-1.489329E-5	4	0	
-2.153143E-7	2	0	
5.160857E-7	2	0	
5.238000E-7	2	0	
5.254286E-7	2	0	
5.227714E-7	2	0	
5.205429E-7	2	0	
5.248286E-7	2	0	
5.220857E-7	2	0	
5.208857E-7	2	0	
5.254286E-7	2	0	
5.295429E-7	2	0	
5.218286E-7	2	0	
1.366440E-5	3	0	
1.608840E-5	3	0	
1.597980E-5	3	0	
1.266257E-6	1	0	
5.318571E-7	1	0	
5.352000E-7	1	0	
5.295429E-7	1	0	
5.273143E-7	1	0	
5.268857E-7	1	0	
5.235429E-7	1	0	
5.232857E-7	1	0	
5.296286E-7	1	0	
5.224286E-7	1	0	
5.244857E-7	1	0	
5.273143E-7	1	0	
-1.257977E-5	4	0	
-1.500626E-5	4	0	
-1.490486E-5	4	0	
-2.237143E-7	2	0	
5.125714E-7	2	0	
5.125714E-7	2	0	
5.151429E-7	2	0	
5.164286E-7	2	0	
5.201143E-7	2	0	
5.174571E-7	2	0	
5.107714E-7	2	0	
5.150571E-7	2	0	
5.191714E-7	2	0	
5.184000E-7	2	0	
5.171143E-7	2	0	
1.366174E-5	3	0	
1.608506E-5	3	0	
1.598169E-5	3	0	
1.260771E-6	1	0	
5.274000E-7	1	0	
5.238857E-7	1	0	
5.235429E-7	1	0	
5.245714E-7	1	0	
5.248286E-7	1	0	
5.250000E-7	1	0	
5.244000E-7	1	0	
5.243143E-7	1	0	
5.290286E-7	1	0	
5.240571E-7	1	0	
5.210571E-7	1	0	
-1.258783E-5	4	0	
-1.500651E-5	4	0	
-1.490100E-5	4	0	
-2.203714E-7	2	0	
5.100000E-7	2	0	
5.156571E-7	2	0	
5.182286E-7	2	0	
5.139429E-7	2	0	
5.157429E-7	2	0	
5.176286E-7	2	0	
5.160857E-7	2	0	
5.155714E-7	2	0	
5.149714E-7	2	0	
5.064000E-7	2	0	
5.145429E-7	2	0	
1.366071E-5	3	0	
1.608069E-5	3	0	
1.596429E-5	3	0	
1.250229E-6	1	0	
5.290286E-7	1	0	
5.214857E-7	1	0	
5.210571E-7	1	0	
5.229429E-7	1	0	
5.121429E-7	1	0	
5.212286E-7	1	0	
5.172000E-7	1	0	
5.255143E-7	1	0	
5.144571E-7	1	0	
5.190000E-7	1	0	
5.123143E-7	1	0	
-1.259306E-5	4	0	
-1.501389E-5	4	0	
-1.490709E-5	4	0	
-2.376000E-7	2	0	
5.073429E-7	2	0	
5.106000E-7	2	0	
5.078571E-7	2	0	
5.112857E-7	2	0	
5.160000E-7	2	0	
5.088857E-7	2	0	
5.114571E-7	2	0	
5.067429E-7	2	0	
5.106000E-7	2	0	
5.178857E-7	2	0	
5.214000E-7	2	0	
1.365806E-5	3	0	
1.607974E-5	3	0	
1.596994E-5	3	0	
1.251514E-6	1	0	
5.291143E-7	1	0	
5.289429E-7	1	0	
5.212286E-7	1	0	
5.206286E-7	1	0	
5.281714E-7	1	0	
5.244857E-7	1	0	
5.238857E-7	1	0	
5.176286E-7	1	0	
5.168571E-7	1	0	
5.175429E-7	1	0	
5.122286E-7	1	0	
-1.259571E-5	4	0	
-1.500960E-5	4	0	
-1.491086E-5	4	0	
-2.297143E-7	2	0	
5.022000E-7	2	0	
5.111143E-7	2	0	
5.100000E-7	2	0	
5.112000E-7	2	0	
5.173714E-7	2	0	
5.184000E-7	2	0	
5.144571E-7	2	0	
5.111143E-7	2	0	
5.124000E-7	2	0	
5.161714E-7	2	0	
5.101714E-7	2	0	
1.364974E-5	3	0	
1.607974E-5	3	0	
1.596506E-5	3	0	
1.251257E-6	1	0	
5.250857E-7	1	0	
5.301429E-7	1	0	
5.241429E-7	1	0	
5.263714E-7	1	0	
5.193429E-7	1	0	
5.261143E-7	1	0	
5.170286E-7	1	0	
5.191714E-7	1	0	
5.154000E-7	1	0	
5.211429E-7	1	0	
5.240571E-7	1	0	
-1.259143E-5	4	0	
-1.501269E-5	4	0	
-1.490374E-5	4	0	
-2.180571E-7	2	0	
5.079429E-7	2	0	
5.173714E-7	2	0	
5.100000E-7	2	0	
5.178857E-7	2	0	
5.138571E-7	2	0	
5.165143E-7	2	0	
5.145429E-7	2	0	
5.167714E-7	2	0	
5.159143E-7	2	0	
5.154000E-7	2	0	
5.153143E-7	2	0	
1.365669E-5	3	0	
1.607460E-5	3	0	
1.597097E-5	3	0	
1.257429E-6	1	0	
5.325429E-7	1	0	
5.209714E-7	1	0	
5.282571E-7	1	0	
5.221714E-7	1	0	
5.236286E-7	1	0	
5.207143E-7	1	0	
5.173714E-7	1	0	
5.198571E-7	1	0	
5.184857E-7	1	0	
5.182286E-7	1	0	
5.176286E-7	1	0	
-1.258414E-5	4	0	
-1.501089E-5	4	0	
-1.489466E-5	4	0	
-2.232857E-7	2	0	
5.148857E-7	2	0	
5.155714E-7	2	0	
5.130857E-7	2	0	
5.154857E-7	2	0	
5.167714E-7	2	0	
5.105143E-7	2	0	
5.143714E-7	2	0	
5.106857E-7	2	0	
5.183143E-7	2	0	
5.115429E-7	2	0	
5.185714E-7	2	0	
1.365720E-5	3	0	
1.608300E-5	3	0	
1.596497E-5	3	0	
1.259486E-6	1	0	
5.289429E-7	1	0	
5.311714E-7	1	0	
5.216571E-7	1	0	
5.237143E-7	1	0	
5.233714E-7	1	0	
5.217429E-7	1	0	
5.253429E-7	1	0	
5.305714E-7	1	0	
5.209714E-7	1	0	
5.261143E-7	1	0	
5.254286E-7	1	0	
-1.259271E-5	4	0	
-1.500891E-5	4	0	
-1.490083E-5	4	0	
-2.272286E-7	2	0	
5.151429E-7	2	0	
5.143714E-7	2	0	
5.136857E-7	2	0	
5.178857E-7	2	0	
5.179714E-7	2	0	
5.168571E-7	2	0	
5.226000E-7	2	0	
5.212286E-7	2	0	
5.211429E-7	2	0	
5.198571E-7	2	0	
5.185714E-7	2	0	
1.366234E-5	3	0	
1.608249E-5	3	0	
1.597269E-5	3	0	
1.257686E-6	1	0	
5.337429E-7	1	0	
5.275714E-7	1	0	
5.364000E-7	1	0	
5.216571E-7	1	0	
5.301429E-7	1	0	
5.354571E-7	1	0	
5.339143E-7	1	0	
5.244857E-7	1	0	
5.312571E-7	1	0	
5.282571E-7	1	0	
5.335714E-7	1	0	
-1.258200E-5	4	0	
-1.499674E-5	4	0	
-1.489637E-5	4	0	
-2.119714E-7	2	0	
5.099143E-7	2	0	
5.161714E-7	2	0	
5.241429E-7	2	0	
5.216571E-7	2	0	
5.182286E-7	2	0	
5.219143E-7	2	0	
5.274857E-7	2	0	
5.236286E-7	2	0	
5.295429E-7	2	0	
5.242286E-7	2	0	
5.309143E-7	2	0	
1.366860E-5	3	0	
1.609106E-5	3	0	
1.598306E-5	3	0	
1.267886E-6	1	0	
5.359714E-7	1	0	
5.356286E-7	1	0	
5.231143E-7	1	0	
5.348571E-7	1	0	
5.322000E-7	1	0	
5.281714E-7	1	0	
5.334857E-7	1	0	
5.274857E-7	1	0	
5.284286E-7	1	0	
5.260286E-7	1	0	
5.358857E-7	1	0	
-1.258466E-5	4	0	
-1.499674E-5	4	0	
-1.490357E-5	4	0	
-2.144571E-7	2	0	
5.144571E-7	2	0	
5.204571E-7	2	0	
5.181429E-7	2	0	
5.117143E-7	2	0	
5.202000E-7	2	0	
5.134286E-7	2	0	
5.171143E-7	2	0	
5.166857E-7	2	0	
5.220857E-7	2	0	
5.220857E-7	2	0	
5.226000E-7	2	0	
1.366114E-5	3	0	
1.609483E-5	3	0	
1.597123E-5	3	0	
1.267800E-6	1	0	
5.330571E-7	1	0	
5.336571E-7	1	0	
5.285143E-7	1	0	
5.248286E-7	1	0	
5.332286E-7	1	0	
5.337429E-7	1	0	
5.368286E-7	1	0	
5.301429E-7	1	0	
5.219143E-7	1	0	
5.262000E-7	1	0	
5.302286E-7	1	0	
-1.258466E-5	4	0	
-1.500360E-5	4	0	
-1.490297E-5	4	0	
-2.226857E-7	2	0	
5.200286E-7	2	0	
5.180571E-7	2	0	
5.178000E-7	2	0	
5.256000E-7	2	0	
5.121429E-7	2	0	
5.208000E-7	2	0	
5.197714E-7	2	0	
5.214000E-7	2	0	
5.167714E-7	2	0	
5.202000E-7	2	0	
5.154857E-7	2	0	
1.366731E-5	3	0	
1.607631E-5	3	0	
1.596994E-5	3	0	
1.261114E-6	1	0	
5.260286E-7	1	0	
5.307429E-7	1	0	
5.354571E-7	1	0	
5.248286E-7	1	0	
5.262857E-7	1	0	
5.247429E-7	1	0	
5.301429E-7	1	0	
5.270571E-7	1	0	
5.257714E-7	1	0	
5.190857E-7	1	0	
5.216571E-7	1	0	
-1.258320E-5	4	0	
-1.500086E-5	4	0	
-1.489706E-5	4	0	
-2.175429E-7	2	0	
5.138571E-7	2	0	
5.196857E-7	2	0	
5.174571E-7	2	0	
5.233714E-7	2	0	
5.145429E-7	2	0	
5.253429E-7	2	0	
5.217429E-7	2	0	
5.217429E-7	2	0	
5.220857E-7	2	0	
5.209714E-7	2	0	
5.222571E-7	2	0	
1.366860E-5	3	0	
1.608240E-5	3	0	
1.597517E-5	3	0	
1.257257E-6	1	0	
5.342571E-7	1	0	
5.277429E-7	1	0	
5.364857E-7	1	0	
5.280857E-7	1	0	
5.262857E-7	1	0	
5.340857E-7	1	0	
5.339143E-7	1	0	
5.282571E-7	1	0	
5.346857E-7	1	0	
5.265429E-7	1	0	
5.299714E-7	1	0	
-1.258260E-5	4	0	
-1.500531E-5	4	0	
-1.490323E-5	4	0	
-2.184000E-7	2	0	
5.171143E-7	2	0	
5.189143E-7	2	0	
5.213143E-7	2	0	
5.228571E-7	2	0	
5.216571E-7	2	0	
5.233714E-7	2	0	
5.241429E-7	2	0	
5.226857E-7	2	0	
5.234571E-7	2	0	
5.182286E-7	2	0	
5.196857E-7	2	0	
1.366191E-5	3	0	
1.608377E-5	3	0	
1.598640E-5	3	0	
1.261029E-6	1	0	
5.358000E-7	1	0	
5.369143E-7	1	0	
5.373429E-7	1	0	
5.402571E-7	1	0	
5.311714E-7	1	0	
5.360571E-7	1	0	
5.335714E-7	1	0	
5.324571E-7	1	0	
5.298857E-7	1	0	
5.341714E-7	1	0	
5.315143E-7	1	0	
-1.257643E-5	4	0	
-1.499743E-5	4	0	
-1.489234E-5	4	0	
-2.072571E-7	2	0	
5.229429E-7	2	0	
5.238000E-7	2	0	
5.301429E-7	2	0	
5.288571E-7	2	0	
5.316857E-7	2	0	
5.247429E-7	2	0	
5.233714E-7	2	0	
5.255143E-7	2	0	
5.313429E-7	2	0	
5.230286E-7	2	0	
5.144571E-7	2	0	
1.366706E-5	3	0	
1.610151E-5	3	0	
1.597937E-5	3	0	
1.263600E-6	1	0	
5.422286E-7	1	0	
5.412857E-7	1	0	
5.376857E-7	1	0	
5.370857E-7	1	0	
5.400000E-7	1	0	
5.303143E-7	1	0	
5.388857E-7	1	0	
5.374286E-7	1	0	
5.386286E-7	1	0	
5.319429E-7	1	0	
5.370000E-7	1	0	
-1.258414E-5	4	0	
-1.499306E-5	4	0	
-1.488643E-5	4	0	
-2.088000E-7	2	0	
5.255143E-7	2	0	
5.237143E-7	2	0	
5.273143E-7	2	0	
5.223429E-7	2	0	
5.286857E-7	2	0	
5.319429E-7	2	0	
5.299714E-7	2	0	
5.336571E-7	2	0	
5.342571E-7	2	0	
5.272286E-7	2	0	
5.294571E-7	2	0	
1.367263E-5	3	0	
1.609106E-5	3	0	
1.598546E-5	3	0	
1.267114E-6	1	0	
5.425714E-7	1	0	
5.466857E-7	1	0	
5.418000E-7	1	0	
5.350286E-7	1	0	
5.440286E-7	1	0	
5.438571E-7	1	0	
5.421429E-7	1	0	
5.402571E-7	1	0	
5.348571E-7	1	0	
5.431714E-7	1	0	
5.406857E-7	1	0	
-1.257643E-5	4	0	
-1.498989E-5	4	0	
-1.487863E-5	4	0	
-2.022857E-7	2	0	
5.282571E-7	2	0	
5.318571E-7	2	0	
5.318571E-7	2	0	
5.373429E-7	2	0	
5.369143E-7	2	0	
5.393143E-7	2	0	
5.400000E-7	2	0	
5.388000E-7	2	0	
5.380286E-7	2	0	
5.353714E-7	2	0	
5.320286E-7	2	0	
1.368917E-5	3	0	
1.609963E-5	3	0	
1.599163E-5	3	0	
1.280743E-6	1	0	
5.546571E-7	1	0	
5.514857E-7	1	0	
5.515714E-7	1	0	
5.529429E-7	1	0	
5.507143E-7	1	0	
5.533714E-7	1	0	
5.472000E-7	1	0	
5.391429E-7	1	0	
5.454000E-7	1	0	
5.491714E-7	1	0	
5.457429E-7	1	0	
-1.255911E-5	4	0	
-1.498474E-5	4	0	
-1.488026E-5	4	0	
-2.028000E-7	2	0	
5.406857E-7	2	0	
5.386286E-7	2	0	
5.446286E-7	2	0	
5.376000E-7	2	0	
5.376857E-7	2	0	
5.426571E-7	2	0	
5.391429E-7	2	0	
5.456571E-7	2	0	
5.467714E-7	2	0	
5.376857E-7	2	0	
5.420571E-7	2	0	
1.367931E-5	3	0	
1.610914E-5	3	0	
1.600106E-5	3	0	
1.288286E-6	1	0	
5.604000E-7	1	0	
5.537143E-7	1	0	
5.496857E-7	1	0	
5.514857E-7	1	0	
5.562857E-7	1	0	
5.524286E-7	1	0	
5.469429E-7	1	0	
5.466857E-7	1	0	
5.510571E-7	1	0	
5.499429E-7	1	0	
5.466000E-7	1	0	
-1.256006E-5	4	0	
-1.497703E-5	4	0	
-1.488163E-5	4	0	
-1.996286E-7	2	0	
5.441143E-7	2	0	
5.431714E-7	2	0	
5.328857E-7	2	0	
5.443714E-7	2	0	
5.405143E-7	2	0	
5.484857E-7	2	0	
5.484000E-7	2	0	
5.490857E-7	2	0	
5.472000E-7	2	0	
5.494286E-7	2	0	
5.503714E-7	2	0	
1.370117E-5	3	0	
1.611034E-5	3	0	
1.600431E-5	3	0	
1.288029E-6	1	0	
5.617714E-7	1	0	
5.636571E-7	1	0	
5.525143E-7	1	0	
5.576571E-7	1	0	
5.581714E-7	1	0	
5.517429E-7	1	0	
5.566286E-7	1	0	
5.535429E-7	1	0	
5.552571E-7	1	0	
5.564571E-7	1	0	
5.559429E-7	1	0	
-1.255834E-5	4	0	
-1.497026E-5	4	0	
-1.487674E-5	4	0	
-1.932000E-7	2	0	
5.473714E-7	2	0	
5.492571E-7	2	0	
5.425714E-7	2	0	
5.487429E-7	2	0	
5.502857E-7	2	0	
5.560286E-7	2	0	
5.530286E-7	2	0	
5.469429E-7	2	0	
5.511429E-7	2	0	
5.558571E-7	2	0	
5.548286E-7	2	0	
1.369509E-5	3	0	
1.611977E-5	3	0	
1.600663E-5	3	0	
1.297114E-6	1	0	
5.724000E-7	1	0	
5.624571E-7	1	0	
5.643429E-7	1	0	
5.603143E-7	1	0	
5.552571E-7	1	0	
5.634000E-7	1	0	
5.682000E-7	1	0	
5.662286E-7	1	0	
5.640857E-7	1	0	
5.650286E-7	1	0	
5.609143E-7	1	0	
-1.255363E-5	4	0	
-1.497017E-5	4	0	
-1.486371E-5	4	0	
-1.860857E-7	2	0	
5.539714E-7	2	0	
5.480571E-7	2	0	
5.545714E-7	2	0	
5.529429E-7	2	0	
5.556000E-7	2	0	
5.481429E-7	2	0	
5.652000E-7	2	0	
5.578286E-7	2	0	
5.650286E-7	2	0	
5.588571E-7	2	0	
5.585143E-7	2	0	
1.370400E-5	3	0	
1.612637E-5	3	0	
1.601203E-5	3	0	
1.291286E-6	1	0	
5.755714E-7	1	0	
5.778857E-7	1	0	
5.663143E-7	1	0	
5.687143E-7	1	0	
5.681143E-7	1	0	
5.739429E-7	1	0	
5.664000E-7	1	0	
5.673429E-7	1	0	
5.707714E-7	1	0	
5.718857E-7	1	0	
5.685429E-7	1	0	
-1.253691E-5	4	0	
-1.495174E-5	4	0	
-1.485909E-5	4	0	
-1.743429E-7	2	0	
5.564571E-7	2	0	
5.573143E-7	2	0	
5.610000E-7	2	0	
5.644286E-7	2	0	
5.620286E-7	2	0	
5.634000E-7	2	0	
5.636571E-7	2	0	
5.677714E-7	2	0	
5.596286E-7	2	0	
5.667429E-7	2	0	
5.688000E-7	2	0	
1.370657E-5	3	0	
1.613040E-5	3	0	
1.602471E-5	3	0	
1.307057E-6	1	0	
5.829429E-7	1	0	
5.863714E-7	1	0	
5.803714E-7	1	0	
5.802000E-7	1	0	
5.798571E-7	1	0	
5.789143E-7	1	0	
5.895429E-7	1	0	
5.788286E-7	1	0	
5.829429E-7	1	0	
5.790857E-7	1	0	
5.762571E-7	1	0	
-1.254034E-5	4	0	
-1.495406E-5	4	0	
-1.484931E-5	4	0	
-1.659429E-7	2	0	
5.724857E-7	2	0	
5.782286E-7	2	0	
5.724857E-7	2	0	
5.780571E-7	2	0	
5.723143E-7	2	0	
5.709429E-7	2	0	
5.758286E-7	2	0	
5.775429E-7	2	0	
5.757429E-7	2	0	
5.766000E-7	2	0	
5.791714E-7	2	0	
1.372226E-5	3	0	
1.614197E-5	3	0	
1.603766E-5	3	0	
1.327543E-6	1	0	
5.928857E-7	1	0	
5.953714E-7	1	0	
5.875714E-7	1	0	
5.894571E-7	1	0	
5.851714E-7	1	0	
5.838000E-7	1	0	
5.789143E-7	1	0	
5.805429E-7	1	0	
5.879143E-7	1	0	
5.902286E-7	1	0	
5.823429E-7	1	0	
-1.252449E-5	4	0	
-1.494334E-5	4	0	
-1.484220E-5	4	0	
-1.636286E-7	2	0	
5.757429E-7	2	0	
5.722286E-7	2	0	
5.827714E-7	2	0	
5.720571E-7	2	0	
5.808857E-7	2	0	
5.821714E-7	2	0	
5.809714E-7	2	0	
5.816571E-7	2	0	
5.797714E-7	2	0	
5.801143E-7	2	0	
5.892000E-7	2	0	
1.372629E-5	3	0	
1.615560E-5	3	0	
1.604777E-5	3	0	
1.325743E-6	1	0	
5.945143E-7	1	0	
5.942571E-7	1	0	
5.914286E-7	1	0	
5.895429E-7	1	0	
5.971714E-7	1	0	
5.940857E-7	1	0	
5.910857E-7	1	0	
5.932286E-7	1	0	
5.930571E-7	1	0	
6.031714E-7	1	0	
5.923714E-7	1	0	
-1.251909E-5	4	0	
-1.494274E-5	4	0	
-1.483500E-5	4	0	
-1.555714E-7	2	0	
5.834571E-7	2	0	
5.857714E-7	2	0	
5.842286E-7	2	0	
5.822571E-7	2	0	
5.867143E-7	2	0	
5.846571E-7	2	0	
5.811429E-7	2	0	
5.830286E-7	2	0	
5.808857E-7	2	0	
5.841429E-7	2	0	
5.830286E-7	2	0	
1.372577E-5	3	0	
1.614857E-5	3	0	
1.603869E-5	3	0	
1.323943E-6	1	0	
5.951143E-7	1	0	
5.821714E-7	1	0	
5.872286E-7	1	0	
5.844000E-7	1	0	
5.885143E-7	1	0	
5.832857E-7	1	0	
5.888571E-7	1	0	
5.856000E-7	1	0	
5.832857E-7	1	0	
5.888571E-7	1	0	
5.798571E-7	1	0	
-1.252920E-5	4	0	
-1.494883E-5	4	0	
-1.485069E-5	4	0	
-1.647429E-7	2	0	
5.706000E-7	2	0	
5.712857E-7	2	0	
5.721429E-7	2	0	
5.738571E-7	2	0	
5.763429E-7	2	0	
5.807143E-7	2	0	
5.792571E-7	2	0	
5.740286E-7	2	0	
5.779714E-7	2	0	
5.779714E-7	2	0	
5.763429E-7	2	0	
1.371403E-5	3	0	
1.614043E-5	3	0	
1.602883E-5	3	0	
1.310057E-6	1	0	
5.820000E-7	1	0	
5.898000E-7	1	0	
5.839714E-7	1	0	
5.809714E-7	1	0	
5.769429E-7	1	0	
5.742857E-7	1	0	
5.835429E-7	1	0	
5.860286E-7	1	0	
5.839714E-7	1	0	
5.765143E-7	1	0	
5.709429E-7	1	0	
-1.253151E-5	4	0	
-1.495680E-5	4	0	
-1.485317E-5	4	0	
-1.714286E-7	2	0	
5.640000E-7	2	0	
5.654571E-7	2	0	
5.647714E-7	2	0	
5.721429E-7	2	0	
5.720571E-7	2	0	
5.641714E-7	2	0	
5.707714E-7	2	0	
5.647714E-7	2	0	
5.658000E-7	2	0	
5.631429E-7	2	0	
5.724857E-7	2	0	
1.370469E-5	3	0	
1.613297E-5	3	0	
1.601623E-5	3	0	
1.310743E-6	1	0	
5.810571E-7	1	0	
5.795143E-7	1	0	
5.751429E-7	1	0	
5.691429E-7	1	0	
5.763429E-7	1	0	
5.760857E-7	1	0	
5.687143E-7	1	0	
5.724000E-7	1	0	
5.655429E-7	1	0	
5.681143E-7	1	0	
5.712857E-7	1	0	
-1.254471E-5	4	0	
-1.495646E-5	4	0	
-1.486509E-5	4	0	
-1.843714E-7	2	0	
5.472857E-7	2	0	
5.553429E-7	2	0	
5.520000E-7	2	0	
5.662286E-7	2	0	
5.581714E-7	2	0	
5.610857E-7	2	0	
5.580857E-7	2	0	
5.604000E-7	2	0	
5.632286E-7	2	0	
5.601429E-7	2	0	
5.622000E-7	2	0	
1.369637E-5	3	0	
1.612329E-5	3	0	
1.601391E-5	3	0	
1.300800E-6	1	0	
5.704286E-7	1	0	
5.660571E-7	1	0	
5.691429E-7	1	0	
5.651143E-7	1	0	
5.645143E-7	1	0	
5.700000E-7	1	0	
5.658000E-7	1	0	
5.697429E-7	1	0	
5.634857E-7	1	0	
5.700000E-7	1	0	
5.678571E-7	1	0	
-1.254223E-5	4	0	
-1.496237E-5	4	0	
-1.486234E-5	4	0	
-1.806857E-7	2	0	
5.527714E-7	2	0	
5.562000E-7	2	0	
5.522571E-7	2	0	
5.574000E-7	2	0	
5.568000E-7	2	0	
5.615143E-7	2	0	
5.645143E-7	2	0	
5.619429E-7	2	0	
5.699143E-7	2	0	
5.580000E-7	2	0	
5.596286E-7	2	0	
1.370649E-5	3	0	
1.611669E-5	3	0	
1.602300E-5	3	0	
1.303371E-6	1	0	
5.741143E-7	1	0	
5.647714E-7	1	0	
5.674286E-7	1	0	
5.676857E-7	1	0	
5.650286E-7	1	0	
5.634000E-7	1	0	
5.647714E-7	1	0	
5.628000E-7	1	0	
5.576571E-7	1	0	
5.578286E-7	1	0	
5.666571E-7	1	0	
-1.254960E-5	4	0	
-1.496074E-5	4	0	
-1.486809E-5	4	0	
-1.789714E-7	2	0	
5.478000E-7	2	0	
5.442000E-7	2	0	
5.471143E-7	2	0	
5.550857E-7	2	0	
5.600571E-7	2	0	
5.514857E-7	2	0	
5.540571E-7	2	0	
5.581714E-7	2	0	
5.478000E-7	2	0	
5.536286E-7	2	0	
5.544000E-7	2	0	
1.368969E-5	3	0	
1.611763E-5	3	0	
1.601606E-5	3	0	
1.287171E-6	1	0	
5.582571E-7	1	0	
5.627143E-7	1	0	
5.562857E-7	1	0	
5.546571E-7	1	0	
5.571429E-7	1	0	
5.666571E-7	1	0	
5.584286E-7	1	0	
5.465143E-7	1	0	
5.550000E-7	1	0	
5.526000E-7	1	0	
5.508000E-7	1	0	
-1.255166E-5	4	0	
-1.497900E-5	4	0	
-1.487983E-5	4	0	
-1.975714E-7	2	0	
5.352857E-7	2	0	
5.451429E-7	2	0	
5.341714E-7	2	0	
5.386286E-7	2	0	
5.440286E-7	2	0	
5.403429E-7	2	0	
5.452286E-7	2	0	
5.412857E-7	2	0	
5.452286E-7	2	0	
5.365714E-7	2	0	
5.379429E-7	2	0	
1.368866E-5	3	0	
1.610314E-5	3	0	
1.599737E-5	3	0	
1.278600E-6	1	0	
5.558571E-7	1	0	
5.586000E-7	1	0	
5.497714E-7	1	0	
5.454000E-7	1	0	
5.472857E-7	1	0	
5.442000E-7	1	0	
5.488286E-7	1	0	
5.494286E-7	1	0	
5.494286E-7	1	0	
5.489143E-7	1	0	
5.474571E-7	1	0	
-1.256554E-5	4	0	
-1.498629E-5	4	0	
-1.488189E-5	4	0	
-2.034000E-7	2	0	
5.298857E-7	2	0	
5.362286E-7	2	0	
5.419714E-7	2	0	
5.317714E-7	2	0	
5.310000E-7	2	0	
5.382000E-7	2	0	
5.372571E-7	2	0	
5.273143E-7	2	0	
5.304000E-7	2	0	
5.301429E-7	2	0	
5.365714E-7	2	0	
1.368429E-5	3	0	
1.609851E-5	3	0	
1.598263E-5	3	0	
1.285714E-6	1	0	
5.471143E-7	1	0	
5.458286E-7	1	0	
5.473714E-7	1	0	
5.442857E-7	1	0	
5.399143E-7	1	0	
5.406000E-7	1	0	
5.448857E-7	1	0	
5.358000E-7	1	0	
5.466857E-7	1	0	
5.428286E-7	1	0	
5.456571E-7	1	0	
-1.257334E-5	4	0	
-1.499289E-5	4	0	
-1.489269E-5	4	0	
-2.088857E-7	2	0	
5.262000E-7	2	0	
5.352857E-7	2	0	
5.351143E-7	2	0	
5.380286E-7	2	0	
5.304857E-7	2	0	
5.349429E-7	2	0	
5.283429E-7	2	0	
5.398286E-7	2	0	
5.287714E-7	2	0	
5.430000E-7	2	0	
5.343429E-7	2	0	
1.368129E-5	3	0	
1.609671E-5	3	0	
1.599077E-5	3	0	
1.274486E-6	1	0	
5.521714E-7	1	0	
5.458286E-7	1	0	
5.449714E-7	1	0	
5.406857E-7	1	0	
5.461714E-7	1	0	
5.448000E-7	1	0	
5.451429E-7	1	0	
5.430000E-7	1	0	
5.389714E-7	1	0	
5.418857E-7	1	0	
5.385429E-7	1	0	
-1.257120E-5	4	0	
-1.499203E-5	4	0	
-1.488720E-5	4	0	
-2.010857E-7	2	0	
5.256857E-7	2	0	
5.334000E-7	2	0	
5.340857E-7	2	0	
5.383714E-7	2	0	
5.374286E-7	2	0	
5.382857E-7	2	0	
5.344286E-7	2	0	
5.364000E-7	2	0	
5.373429E-7	2	0	
5.360571E-7	2	0	
5.410286E-7	2	0	
1.368369E-5	3	0	
1.611000E-5	3	0	
1.599909E-5	3	0	
1.284000E-6	1	0	
5.522571E-7	1	0	
5.485714E-7	1	0	
5.495143E-7	1	0	
5.528571E-7	1	0	
5.408571E-7	1	0	
5.511429E-7	1	0	
5.449714E-7	1	0	
5.553429E-7	1	0	
5.515714E-7	1	0	
5.503714E-7	1	0	
5.547429E-7	1	0	
-1.255303E-5	4	0	
-1.498380E-5	4	0	
-1.487091E-5	4	0	
-1.914857E-7	2	0	
5.409429E-7	2	0	
5.521714E-7	2	0	
5.475429E-7	2	0	
5.515714E-7	2	0	
5.523429E-7	2	0	
5.489143E-7	2	0	
5.525143E-7	2	0	
5.542286E-7	2	0	
5.469429E-7	2	0	
5.545714E-7	2	0	
5.535429E-7	2	0	
1.369740E-5	3	0	
1.612054E-5	3	0	
1.601674E-5	3	0	
1.299000E-6	1	0	
5.696571E-7	1	0	
5.656286E-7	1	0	
5.756571E-7	1	0	
5.675143E-7	1	0	
5.640000E-7	1	0	
5.723143E-7	1	0	
5.685429E-7	1	0	
5.692286E-7	1	0	
5.739429E-7	1	0	
5.744571E-7	1	0	
5.766857E-7	1	0	
-1.254077E-5	4	0	
-1.496031E-5	4	0	
-1.486174E-5	4	0	
-1.694571E-7	2	0	
5.604000E-7	2	0	
5.619429E-7	2	0	
5.613429E-7	2	0	
5.681143E-7	2	0	
5.654571E-7	2	0	
5.736857E-7	2	0	
5.730000E-7	2	0	
5.680286E-7	2	0	
5.722286E-7	2	0	
5.632286E-7	2	0	
5.712857E-7	2	0	
1.372089E-5	3	0	
1.614660E-5	3	0	
1.602377E-5	3	0	
1.309800E-6	1	0	
5.854286E-7	1	0	
5.792571E-7	1	0	
5.871429E-7	1	0	
5.852571E-7	1	0	
5.851714E-7	1	0	
5.886857E-7	1	0	
5.796857E-7	1	0	
5.859429E-7	1	0	
5.779714E-7	1	0	
5.882571E-7	1	0	
5.832857E-7	1	0	
-1.253006E-5	4	0	
-1.494780E-5	4	0	
-1.484091E-5	4	0	
-1.644000E-7	2	0	
5.724857E-7	2	0	
5.677714E-7	2	0	
5.801143E-7	2	0	
5.749714E-7	2	0	
5.778857E-7	2	0	
5.756571E-7	2	0	
5.790857E-7	2	0	
5.754000E-7	2	0	
5.849143E-7	2	0	
5.798571E-7	2	0	
5.871429E-7	2	0	
1.372251E-5	3	0	
1.615131E-5	3	0	
1.603757E-5	3	0	
1.323514E-6	1	0	
5.928857E-7	1	0	
5.937429E-7	1	0	
5.895429E-7	1	0	
5.931429E-7	1	0	
5.891143E-7	1	0	
5.882571E-7	1	0	
5.855143E-7	1	0	
5.942571E-7	1	0	
5.913429E-7	1	0	
5.822571E-7	1	0	
5.895429E-7	1	0	
-1.251754E-5	4	0	
-1.493966E-5	4	0	
-1.483766E-5	4	0	
-1.550571E-7	2	0	
5.819143E-7	2	0	
5.762571E-7	2	0	
5.771143E-7	2	0	
5.885143E-7	2	0	
5.839714E-7	2	0	
5.865429E-7	2	0	
5.818286E-7	2	0	
5.820000E-7	2	0	
5.800286E-7	2	0	
5.885143E-7	2	0	
5.782286E-7	2	0	
1.372397E-5	3	0	
1.614874E-5	3	0	
1.603869E-5	3	0	
1.324371E-6	1	0	
5.874000E-7	1	0	
5.999143E-7	1	0	
5.976857E-7	1	0	
5.958000E-7	1	0	
5.867143E-7	1	0	
5.957143E-7	1	0	
5.922857E-7	1	0	
5.890286E-7	1	0	
5.868857E-7	1	0	
5.868000E-7	1	0	
5.879143E-7	1	0	
-1.251943E-5	4	0	
-1.494223E-5	4	0	
-1.483989E-5	4	0	
-1.542857E-7	2	0	
5.748857E-7	2	0	
5.766857E-7	2	0	
5.826857E-7	2	0	
5.810571E-7	2	0	
5.834571E-7	2	0	
5.804571E-7	2	0	
5.888571E-7	2	0	
5.832000E-7	2	0	
5.797714E-7	2	0	
5.831143E-7	2	0	
5.857714E-7	2	0	
1.373383E-5	3	0	
1.615354E-5	3	0	
1.604340E-5	3	0	
1.324886E-6	1	0	
5.997429E-7	1	0	
5.994000E-7	1	0	
5.990571E-7	1	0	
5.877429E-7	1	0	
5.969143E-7	1	0	
5.910000E-7	1	0	
5.963143E-7	1	0	
5.850000E-7	1	0	
5.868000E-7	1	0	
5.938286E-7	1	0	
5.888571E-7	1	0	
-1.251703E-5	4	0	
-1.494120E-5	4	0	
-1.483611E-5	4	0	
-1.552286E-7	2	0	
5.750571E-7	2	0	
5.797714E-7	2	0	
5.824286E-7	2	0	
5.787429E-7	2	0	
5.771143E-7	2	0	
5.822571E-7	2	0	
5.853429E-7	2	0	
5.852571E-7	2	0	
5.870571E-7	2	0	
5.786571E-7	2	0	
5.868000E-7	2	0	
1.372586E-5	3	0	
1.615277E-5	3	0	
1.603911E-5	3	0	
1.325143E-6	1	0	
5.964857E-7	1	0	
5.929714E-7	1	0	
5.957143E-7	1	0	
5.928857E-7	1	0	
5.920286E-7	1	0	
5.904857E-7	1	0	
5.921143E-7	1	0	
5.865429E-7	1	0	
5.926286E-7	1	0	
5.900571E-7	1	0	
5.838000E-7	1	0	
-1.252637E-5	4	0	
-1.494514E-5	4	0	
-1.483791E-5	4	0	
-1.581429E-7	2	0	
5.724000E-7	2	0	
5.830286E-7	2	0	
5.801143E-7	2	0	
5.850857E-7	2	0	
5.820857E-7	2	0	
5.836286E-7	2	0	
5.826000E-7	2	0	
5.813143E-7	2	0	
5.892857E-7	2	0	
5.869714E-7	2	0	
5.859429E-7	2	0	
1.372783E-5	3	0	
1.614514E-5	3	0	
1.604511E-5	3	0	
1.332086E-6	1	0	
6.005143E-7	1	0	
6.006000E-7	1	0	
5.933143E-7	1	0	
5.898000E-7	1	0	
5.851714E-7	1	0	
6.019714E-7	1	0	
5.877429E-7	1	0	
5.916000E-7	1	0	
5.882571E-7	1	0	
5.900571E-7	1	0	
5.886857E-7	1	0	
-1.251720E-5	4	0	
-1.493091E-5	4	0	
-1.483697E-5	4	0	
-1.542000E-7	2	0	
5.796000E-7	2	0	
5.853429E-7	2	0	
5.833714E-7	2	0	
5.765143E-7	2	0	
5.918571E-7	2	0	
5.879143E-7	2	0	
5.773714E-7	2	0	
5.853429E-7	2	0	
5.850000E-7	2	0	
5.856857E-7	2	0	
5.830286E-7	2	0	
1.372449E-5	3	0	
1.615534E-5	3	0	
1.603997E-5	3	0	
1.318886E-6	1	0	
5.977714E-7	1	0	
5.874857E-7	1	0	
5.910857E-7	1	0	
5.971714E-7	1	0	
5.844857E-7	1	0	
5.799429E-7	1	0	
5.913429E-7	1	0	
5.855143E-7	1	0	
5.893714E-7	1	0	
5.821714E-7	1	0	
5.825143E-7	1	0	
-1.253383E-5	4	0	
-1.494309E-5	4	0	
-1.485094E-5	4	0	
-1.665429E-7	2	0	
5.668286E-7	2	0	
5.708571E-7	2	0	
5.676857E-7	2	0	
5.753143E-7	2	0	
5.700000E-7	2	0	
5.754000E-7	2	0	
5.686286E-7	2	0	
5.715429E-7	2	0	
5.723143E-7	2	0	
5.692286E-7	2	0	
5.790000E-7	2	0	
1.371463E-5	3	0	
1.613846E-5	3	0	
1.602729E-5	3	0	
1.310143E-6	1	0	
5.828571E-7	1	0	
5.814000E-7	1	0	
5.768571E-7	1	0	
5.678571E-7	1	0	
5.806286E-7	1	0	
5.704286E-7	1	0	
5.723143E-7	1	0	
5.688857E-7	1	0	
5.773714E-7	1	0	
5.665714E-7	1	0	
5.718857E-7	1	0	
-1.254309E-5	4	0	
-1.495946E-5	4	0	
-1.485591E-5	4	0	
-1.764000E-7	2	0	
5.643429E-7	2	0	
5.634000E-7	2	0	
5.611714E-7	2	0	
5.585143E-7	2	0	
5.605714E-7	2	0	
5.604000E-7	2	0	
5.637429E-7	2	0	
5.669143E-7	2	0	
5.699143E-7	2	0	
5.656286E-7	2	0	
5.627143E-7	2	0	
1.371206E-5	3	0	
1.612877E-5	3	0	
1.602471E-5	3	0	
1.300800E-6	1	0	
5.781429E-7	1	0	
5.780571E-7	1	0	
5.690571E-7	1	0	
5.660571E-7	1	0	
5.705143E-7	1	0	
5.636571E-7	1	0	
5.588571E-7	1	0	
5.596286E-7	1	0	
5.682000E-7	1	0	
5.587714E-7	1	0	
5.624571E-7	1	0	
-1.254360E-5	4	0	
-1.496914E-5	4	0	
-1.486731E-5	4	0	
-1.845429E-7	2	0	
5.409429E-7	2	0	
5.457429E-7	2	0	
5.526857E-7	2	0	
5.499429E-7	2	0	
5.471143E-7	2	0	
5.520857E-7	2	0	
5.518286E-7	2	0	
5.520000E-7	2	0	
5.489143E-7	2	0	
5.518286E-7	2	0	
5.562857E-7	2	0	
1.369354E-5	3	0	
1.612114E-5	3	0	
1.600380E-5	3	0	
1.287943E-6	1	0	
5.538000E-7	1	0	
5.651143E-7	1	0	
5.582571E-7	1	0	
5.669143E-7	1	0	
5.502000E-7	1	0	
5.605714E-7	1	0	
5.528571E-7	1	0	
5.564571E-7	1	0	
5.514857E-7	1	0	
5.556857E-7	1	0	
5.518286E-7	1	0	
-1.255217E-5	4	0	
-1.497214E-5	4	0	
-1.486706E-5	4	0	
-1.998857E-7	2	0	
5.402571E-7	2	0	
5.431714E-7	2	0	
5.431714E-7	2	0	
5.422286E-7	2	0	
5.416286E-7	2	0	
5.481429E-7	2	0	
5.520000E-7	2	0	
5.443714E-7	2	0	
5.464286E-7	2	0	
5.443714E-7	2	0	
5.398286E-7	2	0	
1.369183E-5	3	0	
1.610837E-5	3	0	
1.601220E-5	3	0	
1.291029E-6	1	0	
5.566286E-7	1	0	
5.553429E-7	1	0	
5.530286E-7	1	0	
5.493429E-7	1	0	
5.540571E-7	1	0	
5.475429E-7	1	0	
5.442857E-7	1	0	
5.508857E-7	1	0	
5.620286E-7	1	0	
5.555143E-7	1	0	
5.457429E-7	1	0	
-1.256666E-5	4	0	
-1.497969E-5	4	0	
-1.487974E-5	4	0	
-2.028857E-7	2	0	
5.336571E-7	2	0	
5.366571E-7	2	0	
5.432571E-7	2	0	
5.376000E-7	2	0	
5.398286E-7	2	0	
5.371714E-7	2	0	
5.413714E-7	2	0	
5.336571E-7	2	0	
5.471143E-7	2	0	
5.457429E-7	2	0	
5.446286E-7	2	0	
1.367717E-5	3	0	
1.611291E-5	3	0	
1.600089E-5	3	0	
1.287600E-6	1	0	
5.517429E-7	1	0	
5.554286E-7	1	0	
5.491714E-7	1	0	
5.467714E-7	1	0	
5.451429E-7	1	0	
5.485714E-7	1	0	
5.497714E-7	1	0	
5.536286E-7	1	0	
5.611714E-7	1	0	
5.468571E-7	1	0	
5.513143E-7	1	0	
-1.256091E-5	4	0	
-1.498191E-5	4	0	
-1.488197E-5	4	0	
-1.934571E-7	2	0	
5.340857E-7	2	0	
5.422286E-7	2	0	
5.496857E-7	2	0	
5.425714E-7	2	0	
5.329714E-7	2	0	
5.549143E-7	2	0	
5.442857E-7	2	0	
5.490857E-7	2	0	
5.447143E-7	2	0	
5.463429E-7	2	0	
5.487429E-7	2	0	
1.369106E-5	3	0	
1.611317E-5	3	0	
1.600183E-5	3	0	
1.284257E-6	1	0	
5.630571E-7	1	0	
5.557714E-7	1	0	
5.563714E-7	1	0	
5.621143E-7	1	0	
5.580000E-7	1	0	
5.496000E-7	1	0	
5.502000E-7	1	0	
5.608286E-7	1	0	
5.492571E-7	1	0	
5.593714E-7	1	0	
5.503714E-7	1	0	
-1.255389E-5	4	0	
-1.497180E-5	4	0	
-1.487074E-5	4	0	
-1.853143E-7	2	0	
5.476286E-7	2	0	
5.504571E-7	2	0	
5.458286E-7	2	0	
5.453143E-7	2	0	
5.402571E-7	2	0	
5.484857E-7	2	0	
5.376000E-7	2	0	
5.507143E-7	2	0	
5.469429E-7	2	0	
5.439429E-7	2	0	
5.438571E-7	2	0	
1.369020E-5	3	0	
1.610709E-5	3	0	
1.600286E-5	3	0	
1.284086E-6	1	0	
5.583429E-7	1	0	
5.518286E-7	1	0	
5.452286E-7	1	0	
5.561143E-7	1	0	
5.526857E-7	1	0	
5.494286E-7	1	0	
5.530286E-7	1	0	
5.543143E-7	1	0	
5.512286E-7	1	0	
5.499429E-7	1	0	
5.550000E-7	1	0	
-1.256254E-5	4	0	
-1.498020E-5	4	0	
-1.488077E-5	4	0	
-1.929429E-7	2	0	
5.329714E-7	2	0	
5.435143E-7	2	0	
5.460000E-7	2	0	
5.412000E-7	2	0	
5.425714E-7	2	0	
5.452286E-7	2	0	
5.466857E-7	2	0	
5.455714E-7	2	0	
5.487429E-7	2	0	
5.433429E-7	2	0	
5.482286E-7	2	0	
1.369089E-5	3	0	
1.610837E-5	3	0	
1.600500E-5	3	0	
1.289143E-6	1	0	
5.643429E-7	1	0	
5.595429E-7	1	0	
5.581714E-7	1	0	
5.576571E-7	1	0	
5.573143E-7	1	0	
5.591143E-7	1	0	
5.552571E-7	1	0	
5.576571E-7	1	0	
5.598000E-7	1	0	
5.551714E-7	1	0	
5.520857E-7	1	0	
-1.254763E-5	4	0	
-1.497497E-5	4	0	
-1.487940E-5	4	0	
-1.885714E-7	2	0	
5.466000E-7	2	0	
5.475429E-7	2	0	
5.580857E-7	2	0	
5.551714E-7	2	0	
5.583429E-7	2	0	
5.523429E-7	2	0	
5.522571E-7	2	0	
5.564571E-7	2	0	
5.576571E-7	2	0	
5.511429E-7	2	0	
5.527714E-7	2	0	
1.369834E-5	3	0	
1.612183E-5	3	0	
1.601083E-5	3	0	
1.301743E-6	1	0	
5.701714E-7	1	0	
5.684571E-7	1	0	
5.545714E-7	1	0	
5.577429E-7	1	0	
5.631429E-7	1	0	
5.590286E-7	1	0	
5.666571E-7	1	0	
5.618571E-7	1	0	
5.604000E-7	1	0	
5.580857E-7	1	0	
5.639143E-7	1	0	
-1.255629E-5	4	0	
-1.496811E-5	4	0	
-1.486423E-5	4	0	
-1.880571E-7	2	0	
5.465143E-7	2	0	
5.514000E-7	2	0	
5.627143E-7	2	0	
5.574000E-7	2	0	
5.568857E-7	2	0	
5.527714E-7	2	0	
5.574857E-7	2	0	
5.527714E-7	2	0	
5.539714E-7	2	0	
5.526857E-7	2	0	
5.552571E-7	2	0	
1.369526E-5	3	0	
1.611746E-5	3	0	
1.601306E-5	3	0	
1.300971E-6	1	0	
5.709429E-7	1	0	
5.668286E-7	1	0	
5.595429E-7	1	0	
5.595429E-7	1	0	
5.525143E-7	1	0	
5.513143E-7	1	0	
5.522571E-7	1	0	
5.570571E-7	1	0	
5.570571E-7	1	0	
5.546571E-7	1	0	
5.543143E-7	1	0	
-1.256169E-5	4	0	
-1.497591E-5	4	0	
-1.486680E-5	4	0	
-1.943143E-7	2	0	
5.437714E-7	2	0	
5.448857E-7	2	0	
5.484857E-7	2	0	
5.468571E-7	2	0	
5.487429E-7	2	0	
5.459143E-7	2	0	
5.472857E-7	2	0	
5.534571E-7	2	0	
5.453143E-7	2	0	
5.448857E-7	2	0	
5.436000E-7	2	0	
1.368429E-5	3	0	
1.611626E-5	3	0	
1.599703E-5	3	0	
1.281600E-6	1	0	
5.528571E-7	1	0	
5.476286E-7	1	0	
5.533714E-7	1	0	
5.526000E-7	1	0	
5.466000E-7	1	0	
5.490857E-7	1	0	
5.496000E-7	1	0	
5.456571E-7	1	0	
5.538000E-7	1	0	
5.491714E-7	1	0	
5.495143E-7	1	0	
-1.256246E-5	4	0	
-1.498680E-5	4	0	
-1.488309E-5	4	0	
-2.010857E-7	2	0	
5.310000E-7	2	0	
5.336571E-7	2	0	
5.346000E-7	2	0	
5.341714E-7	2	0	
5.308286E-7	2	0	
5.401714E-7	2	0	
5.340857E-7	2	0	
5.435143E-7	2	0	
5.340857E-7	2	0	
5.335714E-7	2	0	
5.384571E-7	2	0	
1.368291E-5	3	0	
1.609800E-5	3	0	
1.599274E-5	3	0	
1.271657E-6	1	0	
5.543143E-7	1	0	
5.475429E-7	1	0	
5.441143E-7	1	0	
5.459143E-7	1	0	
5.407714E-7	1	0	
5.445429E-7	1	0	
5.405143E-7	1	0	
5.445429E-7	1	0	
5.412000E-7	1	0	
5.391429E-7	1	0	
5.392286E-7	1	0	
-1.256597E-5	4	0	
-1.498706E-5	4	0	
-1.488626E-5	4	0	
-2.057143E-7	2	0	
5.269714E-7	2	0	
5.261143E-7	2	0	
5.371714E-7	2	0	
5.294571E-7	2	0	
5.364000E-7	2	0	
5.333143E-7	2	0	
5.337429E-7	2	0	
5.319429E-7	2	0	
5.329714E-7	2	0	
5.370857E-7	2	0	
5.282571E-7	2	0	
1.367700E-5	3	0	
1.609929E-5	3	0	
1.598546E-5	3	0	
1.268657E-6	1	0	
5.536286E-7	1	0	
5.449714E-7	1	0	
5.430857E-7	1	0	
5.404286E-7	1	0	
5.394000E-7	1	0	
5.361429E-7	1	0	
5.346857E-7	1	0	
5.387143E-7	1	0	
5.388857E-7	1	0	
5.383714E-7	1	0	
5.442857E-7	1	0	
-1.257000E-5	4	0	
-1.499229E-5	4	0	
-1.489329E-5	4	0	
-2.060571E-7	2	0	
5.299714E-7	2	0	
5.261143E-7	2	0	
5.282571E-7	2	0	
5.284286E-7	2	0	
5.303143E-7	2	0	
5.310000E-7	2	0	
5.344286E-7	2	0	
5.381143E-7	2	0	
5.314286E-7	2	0	
5.330571E-7	2	0	
5.295429E-7	2	0	
1.367297E-5	3	0	
1.610451E-5	3	0	
1.599009E-5	3	0	
1.276971E-6	1	0	
5.436000E-7	1	0	
5.427429E-7	1	0	
5.425714E-7	1	0	
5.439429E-7	1	0	
5.444571E-7	1	0	
5.427429E-7	1	0	
5.368286E-7	1	0	
5.402571E-7	1	0	
5.382857E-7	1	0	
5.410286E-7	1	0	
5.420571E-7	1	0	
-1.257497E-5	4	0	
-1.499743E-5	4	0	
-1.489191E-5	4	0	
-2.060571E-7	2	0	
5.238000E-7	2	0	
5.262000E-7	2	0	
5.298000E-7	2	0	
5.340000E-7	2	0	
5.286857E-7	2	0	
5.358857E-7	2	0	
5.298000E-7	2	0	
5.297143E-7	2	0	
5.316857E-7	2	0	
5.370000E-7	2	0	
5.270571E-7	2	0	
1.367289E-5	3	0	
1.609474E-5	3	0	
1.598966E-5	3	0	
1.279886E-6	1	0	
5.466000E-7	1	0	
5.438571E-7	1	0	
5.434286E-7	1	0	
5.451429E-7	1	0	
5.441143E-7	1	0	
5.365714E-7	1	0	
5.412000E-7	1	0	
5.382000E-7	1	0	
5.436000E-7	1	0	
5.395714E-7	1	0	
5.420571E-7	1	0	
-1.257394E-5	4	0	
-1.499049E-5	4	0	
-1.488471E-5	4	0	
-2.080286E-7	2	0	
5.250857E-7	2	0	
5.337429E-7	2	0	
5.387143E-7	2	0	
5.296286E-7	2	0	
5.358857E-7	2	0	
5.317714E-7	2	0	
5.333143E-7	2	0	
5.400000E-7	2	0	
5.376000E-7	2	0	
5.335714E-7	2	0	
5.307429E-7	2	0	
1.367023E-5	3	0	
1.610409E-5	3	0	
1.599291E-5	3	0	
1.279286E-6	1	0	
5.506286E-7	1	0	
5.504571E-7	1	0	
5.472000E-7	1	0	
5.460857E-7	1	0	
5.445429E-7	1	0	
5.452286E-7	1	0	
5.406000E-7	1	0	
5.398286E-7	1	0	
5.394000E-7	1	0	
5.456571E-7	1	0	
5.390571E-7	1	0	
-1.256280E-5	4	0	
-1.498877E-5	4	0	
-1.488857E-5	4	0	
-2.084571E-7	2	0	
5.304857E-7	2	0	
5.295429E-7	2	0	
5.329714E-7	2	0	
5.323714E-7	2	0	
5.354571E-7	2	0	
5.319429E-7	2	0	
5.366571E-7	2	0	
5.389714E-7	2	0	
5.384571E-7	2	0	
5.356286E-7	2	0	
5.352857E-7	2	0	
1.367966E-5	3	0	
1.609671E-5	3	0	
1.600423E-5	3	0	
1.284429E-6	1	0	
5.524286E-7	1	0	
5.537143E-7	1	0	
5.503714E-7	1	0	
5.509714E-7	1	0	
5.485714E-7	1	0	
5.498571E-7	1	0	
5.431714E-7	1	0	
5.450571E-7	1	0	
5.495143E-7	1	0	
5.514000E-7	1	0	
5.542286E-7	1	0	
-1.256211E-5	4	0	
-1.497651E-5	4	0	
-1.487469E-5	4	0	
-2.003143E-7	2	0	
5.417143E-7	2	0	
5.465143E-7	2	0	
5.438571E-7	2	0	
5.437714E-7	2	0	
5.473714E-7	2	0	
5.472857E-7	2	0	
5.416286E-7	2	0	
5.455714E-7	2	0	
5.406857E-7	2	0	
5.482286E-7	2	0	
5.455714E-7	2	0	
1.368789E-5	3	0	
1.610914E-5	3	0	
1.600929E-5	3	0	
1.284943E-6	1	0	
5.580857E-7	1	0	
5.597143E-7	1	0	
5.583429E-7	1	0	
5.631429E-7	1	0	
5.570571E-7	1	0	
5.562000E-7	1	0	
5.604000E-7	1	0	
5.635714E-7	1	0	
5.610857E-7	1	0	
5.599714E-7	1	0	
5.589429E-7	1	0	
-1.255191E-5	4	0	
-1.497600E-5	4	0	
-1.487649E-5	4	0	
-1.948286E-7	2	0	
5.434286E-7	2	0	
5.419714E-7	2	0	
5.507143E-7	2	0	
5.464286E-7	2	0	
5.476286E-7	2	0	
5.449714E-7	2	0	
5.485714E-7	2	0	
5.522571E-7	2	0	
5.529429E-7	2	0	
5.478000E-7	2	0	
5.562857E-7	2	0	
1.369783E-5	3	0	
1.611266E-5	3	0	
1.600791E-5	3	0	
1.287171E-6	1	0	
5.737714E-7	1	0	
5.735143E-7	1	0	
5.599714E-7	1	0	
5.621143E-7	1	0	
5.605714E-7	1	0	
5.628000E-7	1	0	
5.598000E-7	1	0	
5.638286E-7	1	0	
5.624571E-7	1	0	
5.610000E-7	1	0	
5.671714E-7	1	0	
-1.255251E-5	4	0	
-1.496589E-5	4	0	
-1.486757E-5	4	0	
-1.838571E-7	2	0	
5.508857E-7	2	0	
5.557714E-7	2	0	
5.574000E-7	2	0	
5.504571E-7	2	0	
5.512286E-7	2	0	
5.589429E-7	2	0	
5.587714E-7	2	0	
5.640000E-7	2	0	
5.500286E-7	2	0	
5.634000E-7	2	0	
5.586000E-7	2	0	
1.370700E-5	3	0	
1.613100E-5	3	0	
1.601563E-5	3	0	
1.308686E-6	1	0	
5.821714E-7	1	0	
5.753143E-7	1	0	
5.823429E-7	1	0	
5.734286E-7	1	0	
5.682000E-7	1	0	
5.712857E-7	1	0	
5.676000E-7	1	0	
5.767714E-7	1	0	
5.743714E-7	1	0	
5.748857E-7	1	0	
5.642571E-7	1	0	
-1.254129E-5	4	0	
-1.495406E-5	4	0	
-1.485360E-5	4	0	
-1.693714E-7	2	0	
5.580857E-7	2	0	
5.619429E-7	2	0	
5.725714E-7	2	0	
5.725714E-7	2	0	
5.729143E-7	2	0	
5.755714E-7	2	0	
5.632286E-7	2	0	
5.767714E-7	2	0	
5.692286E-7	2	0	
5.785714E-7	2	0	
5.729143E-7	2	0	
1.372217E-5	3	0	
1.613914E-5	3	0	
1.603851E-5	3	0	
1.319400E-6	1	0	
5.884286E-7	1	0	
6.038571E-7	1	0	
5.915143E-7	1	0	
5.917714E-7	1	0	
5.892000E-7	1	0	
5.877429E-7	1	0	
5.916000E-7	1	0	
6.017143E-7	1	0	
5.924571E-7	1	0	
5.969143E-7	1	0	
5.851714E-7	1	0	
-1.251574E-5	4	0	
-1.493657E-5	4	0	
-1.482669E-5	4	0	
-1.548000E-7	2	0	
5.796000E-7	2	0	
5.815714E-7	2	0	
5.875714E-7	2	0	
5.917714E-7	2	0	
5.922857E-7	2	0	
5.870571E-7	2	0	
5.817429E-7	2	0	
5.920286E-7	2	0	
5.903143E-7	2	0	
5.976000E-7	2	0	
5.921143E-7	2	0	
1.373554E-5	3	0	
1.616143E-5	3	0	
1.605823E-5	3	0	
1.330629E-6	1	0	
6.078857E-7	1	0	
6.008571E-7	1	0	
6.033429E-7	1	0	
6.066000E-7	1	0	
6.042000E-7	1	0	
6.017143E-7	1	0	
6.056571E-7	1	0	
5.961429E-7	1	0	
5.968286E-7	1	0	
6.008571E-7	1	0	
5.919429E-7	1	0	
-1.251060E-5	4	0	
-1.493237E-5	4	0	
-1.483989E-5	4	0	
-1.465714E-7	2	0	
5.874857E-7	2	0	
5.890286E-7	2	0	
5.875714E-7	2	0	
5.938286E-7	2	0	
5.947714E-7	2	0	
5.946000E-7	2	0	
5.864571E-7	2	0	
5.900571E-7	2	0	
5.908286E-7	2	0	
5.916000E-7	2	0	
5.928857E-7	2	0	
1.373263E-5	3	0	
1.616049E-5	3	0	
1.604829E-5	3	0	
1.328657E-6	1	0	
6.090857E-7	1	0	
5.984571E-7	1	0	
6.024857E-7	1	0	
5.988000E-7	1	0	
5.942571E-7	1	0	
5.904000E-7	1	0	
5.951143E-7	1	0	
5.932286E-7	1	0	
5.916857E-7	1	0	
5.959714E-7	1	0	
6.019714E-7	1	0	
-1.251857E-5	4	0	
-1.493794E-5	4	0	
-1.484511E-5	4	0	
-1.605429E-7	2	0	
5.742857E-7	2	0	
5.729143E-7	2	0	
5.803714E-7	2	0	
5.781429E-7	2	0	
5.771143E-7	2	0	
5.731714E-7	2	0	
5.829429E-7	2	0	
5.844000E-7	2	0	
5.865429E-7	2	0	
5.783143E-7	2	0	
5.790000E-7	2	0	
1.372311E-5	3	0	
1.614686E-5	3	0	
1.603577E-5	3	0	
1.313743E-6	1	0	
5.904000E-7	1	0	
5.900571E-7	1	0	
5.865429E-7	1	0	
5.832000E-7	1	0	
5.860286E-7	1	0	
5.867143E-7	1	0	
5.807143E-7	1	0	
5.830286E-7	1	0	
5.767714E-7	1	0	
5.814000E-7	1	0	
5.847429E-7	1	0	
-1.253271E-5	4	0	
-1.495414E-5	4	0	
-1.484580E-5	4	0	
-1.644000E-7	2	0	
5.708571E-7	2	0	
5.740286E-7	2	0	
5.748000E-7	2	0	
5.721429E-7	2	0	
5.730857E-7	2	0	
5.745429E-7	2	0	
5.735143E-7	2	0	
5.752286E-7	2	0	
5.742857E-7	2	0	
5.742857E-7	2	0	
5.724857E-7	2	0	
1.371977E-5	3	0	
1.613880E-5	3	0	
1.603466E-5	3	0	
1.314257E-6	1	0	
5.918571E-7	1	0	
5.910000E-7	1	0	
5.881714E-7	1	0	
5.779714E-7	1	0	
5.851714E-7	1	0	
5.865429E-7	1	0	
5.741143E-7	1	0	
5.771143E-7	1	0	
5.827714E-7	1	0	
5.808857E-7	1	0	
5.784857E-7	1	0	
-1.253117E-5	4	0	
-1.495140E-5	4	0	
-1.484846E-5	4	0	
-1.670571E-7	2	0	
5.654571E-7	2	0	
5.697429E-7	2	0	
5.740286E-7	2	0	
5.693143E-7	2	0	
5.712000E-7	2	0	
5.700000E-7	2	0	
5.688000E-7	2	0	
5.696571E-7	2	0	
5.756571E-7	2	0	
5.771143E-7	2	0	
5.799429E-7	2	0	
1.371857E-5	3	0	
1.613897E-5	3	0	
1.602909E-5	3	0	
1.321886E-6	1	0	
5.855143E-7	1	0	
5.844000E-7	1	0	
5.866286E-7	1	0	
5.776286E-7	1	0	
5.816571E-7	1	0	
5.892000E-7	1	0	
5.838000E-7	1	0	
5.778857E-7	1	0	
5.763429E-7	1	0	
5.707714E-7	1	0	
5.771143E-7	1	0	
-1.252920E-5	4	0	
-1.495089E-5	4	0	
-1.484511E-5	4	0	
-1.708286E-7	2	0	
5.664857E-7	2	0	
5.738571E-7	2	0	
5.696571E-7	2	0	
5.687143E-7	2	0	
5.748857E-7	2	0	
5.710286E-7	2	0	
5.747143E-7	2	0	
5.710286E-7	2	0	
5.789143E-7	2	0	
5.719714E-7	2	0	
5.724000E-7	2	0	
1.371197E-5	3	0	
1.613683E-5	3	0	
1.602969E-5	3	0	
1.313486E-6	1	0	
5.829429E-7	1	0	
5.826000E-7	1	0	
5.786571E-7	1	0	
5.788286E-7	1	0	
5.802857E-7	1	0	
5.894571E-7	1	0	
5.786571E-7	1	0	
5.785714E-7	1	0	
5.926286E-7	1	0	
5.873143E-7	1	0	
5.810571E-7	1	0	
-1.252731E-5	4	0	
-1.494600E-5	4	0	
-1.485026E-5	4	0	
-1.674857E-7	2	0	
5.677714E-7	2	0	
5.796857E-7	2	0	
5.756571E-7	2	0	
5.766857E-7	2	0	
5.746286E-7	2	0	
5.738571E-7	2	0	
5.810571E-7	2	0	
5.725714E-7	2	0	
5.809714E-7	2	0	
5.861143E-7	2	0	
5.801143E-7	2	0	
1.371771E-5	3	0	
1.614377E-5	3	0	
1.603551E-5	3	0	
1.324543E-6	1	0	
5.936571E-7	1	0	
5.904857E-7	1	0	
5.912571E-7	1	0	
5.854286E-7	1	0	
5.865429E-7	1	0	
5.858571E-7	1	0	
5.887714E-7	1	0	
5.928857E-7	1	0	
5.958857E-7	1	0	
5.850000E-7	1	0	
5.830286E-7	1	0	
-1.252063E-5	4	0	
-1.494231E-5	4	0	
-1.483757E-5	4	0	
-1.643143E-7	2	0	
5.698286E-7	2	0	
5.736000E-7	2	0	
5.757429E-7	2	0	
5.766857E-7	2	0	
5.877429E-7	2	0	
5.774571E-7	2	0	
5.733429E-7	2	0	
5.706000E-7	2	0	
5.839714E-7	2	0	
5.767714E-7	2	0	
5.760857E-7	2	0	
1.371729E-5	3	0	
1.614171E-5	3	0	
1.603217E-5	3	0	
1.317086E-6	1	0	
5.874857E-7	1	0	
5.816571E-7	1	0	
5.828571E-7	1	0	
5.862000E-7	1	0	
5.765143E-7	1	0	
5.757429E-7	1	0	
5.768571E-7	1	0	
5.829429E-7	1	0	
5.784000E-7	1	0	
5.767714E-7	1	0	
5.714571E-7	1	0	
-1.252449E-5	4	0	
-1.494926E-5	4	0	
-1.485926E-5	4	0	
-1.685143E-7	2	0	
5.674286E-7	2	0	
5.742000E-7	2	0	
5.649429E-7	2	0	
5.761714E-7	2	0	
5.706857E-7	2	0	
5.725714E-7	2	0	
5.661429E-7	2	0	
5.669143E-7	2	0	
5.627143E-7	2	0	
5.695714E-7	2	0	
5.730857E-7	2	0	
1.371643E-5	3	0	
1.613426E-5	3	0	
1.603226E-5	3	0	
1.316229E-6	1	0	
5.773714E-7	1	0	
5.801143E-7	1	0	
5.788286E-7	1	0	
5.752286E-7	1	0	
5.748857E-7	1	0	
5.721429E-7	1	0	
5.797714E-7	1	0	
5.702571E-7	1	0	
5.763429E-7	1	0	
5.729143E-7	1	0	
5.706000E-7	1	0	
-1.253503E-5	4	0	
-1.496211E-5	4	0	
-1.484820E-5	4	0	
-1.715143E-7	2	0	
5.585143E-7	2	0	
5.604000E-7	2	0	
5.608286E-7	2	0	
5.629714E-7	2	0	
5.633143E-7	2	0	
5.603143E-7	2	0	
5.632286E-7	2	0	
5.562857E-7	2	0	
5.628857E-7	2	0	
5.535429E-7	2	0	
5.644286E-7	2	0	
1.370666E-5	3	0	
1.612389E-5	3	0	
1.602017E-5	3	0	
1.302600E-6	1	0	
5.683714E-7	1	0	
5.657143E-7	1	0	
5.634000E-7	1	0	
5.683714E-7	1	0	
5.623714E-7	1	0	
5.622000E-7	1	0	
5.606571E-7	1	0	
5.582571E-7	1	0	
5.581714E-7	1	0	
5.576571E-7	1	0	
5.525143E-7	1	0	
-1.255637E-5	4	0	
-1.497909E-5	4	0	
-1.487357E-5	4	0	
-1.914857E-7	2	0	
5.401714E-7	2	0	
5.442000E-7	2	0	
5.462571E-7	2	0	
5.427429E-7	2	0	
5.448000E-7	2	0	
5.475429E-7	2	0	
5.389714E-7	2	0	
5.448857E-7	2	0	
5.477143E-7	2	0	
5.448000E-7	2	0	
5.448857E-7	2	0	
1.368711E-5	3	0	
1.611334E-5	3	0	
1.599986E-5	3	0	
1.282886E-6	1	0	
5.578286E-7	1	0	
5.562000E-7	1	0	
5.449714E-7	1	0	
5.472857E-7	1	0	
5.548286E-7	1	0	
5.482286E-7	1	0	
5.514000E-7	1	0	
5.481429E-7	1	0	
5.430857E-7	1	0	
5.442857E-7	1	0	
5.526857E-7	1	0	
-1.256211E-5	4	0	
-1.498011E-5	4	0	
-1.487829E-5	4	0	
-1.996286E-7	2	0	
5.353714E-7	2	0	
5.392286E-7	2	0	
5.407714E-7	2	0	
5.329714E-7	2	0	
5.472000E-7	2	0	
5.448857E-7	2	0	
5.437714E-7	2	0	
5.444571E-7	2	0	
5.513143E-7	2	0	
5.519143E-7	2	0	
5.503714E-7	2	0	
1.369423E-5	3	0	
1.611583E-5	3	0	
1.600449E-5	3	0	
1.295743E-6	1	0	
5.658857E-7	1	0	
5.637429E-7	1	0	
5.654571E-7	1	0	
5.583429E-7	1	0	
5.601429E-7	1	0	
5.586000E-7	1	0	
5.651143E-7	1	0	
5.516571E-7	1	0	
5.616857E-7	1	0	
5.652000E-7	1	0	
5.627143E-7	1	0	
-1.254386E-5	4	0	
-1.496649E-5	4	0	
-1.486689E-5	4	0	
-1.867714E-7	2	0	
5.526000E-7	2	0	
5.634857E-7	2	0	
5.488286E-7	2	0	
5.514857E-7	2	0	
5.550857E-7	2	0	
5.534571E-7	2	0	
5.544857E-7	2	0	
5.487429E-7	2	0	
5.475429E-7	2	0	
5.514000E-7	2	0	
5.531143E-7	2	0	
1.369431E-5	3	0	
1.611274E-5	3	0	
1.600843E-5	3	0	
1.286057E-6	1	0	
5.627143E-7	1	0	
5.593714E-7	1	0	
5.575714E-7	1	0	
5.535429E-7	1	0	
5.535429E-7	1	0	
5.532000E-7	1	0	
5.475429E-7	1	0	
5.514000E-7	1	0	
5.497714E-7	1	0	
5.490000E-7	1	0	
5.464286E-7	1	0	
-1.256297E-5	4	0	
-1.498363E-5	4	0	
-1.487940E-5	4	0	
-1.985143E-7	2	0	
5.310000E-7	2	0	
5.311714E-7	2	0	
5.354571E-7	2	0	
5.259429E-7	2	0	
5.340857E-7	2	0	
5.301429E-7	2	0	
5.274857E-7	2	0	
5.348571E-7	2	0	
5.353714E-7	2	0	
5.328857E-7	2	0	
5.298000E-7	2	0	
1.367434E-5	3	0	
1.610271E-5	3	0	
1.599111E-5	3	0	
1.276971E-6	1	0	
5.431714E-7	1	0	
5.423143E-7	1	0	
5.334000E-7	1	0	
5.434286E-7	1	0	
5.362286E-7	1	0	
5.358857E-7	1	0	
5.328000E-7	1	0	
5.306571E-7	1	0	
5.304857E-7	1	0	
5.288571E-7	1	0	
5.284286E-7	1	0	
-1.257111E-5	4	0	
-1.499811E-5	4	0	
-1.489389E-5	4	0	
-2.184000E-7	2	0	
5.185714E-7	2	0	
5.148857E-7	2	0	
5.220857E-7	2	0	
5.237143E-7	2	0	
5.231143E-7	2	0	
5.232000E-7	2	0	
5.229429E-7	2	0	
5.219143E-7	2	0	
5.300571E-7	2	0	
5.241429E-7	2	0	
5.183143E-7	2	0	
1.366877E-5	3	0	
1.608994E-5	3	0	
1.597860E-5	3	0	
1.262829E-6	1	0	
5.353714E-7	1	0	
5.332286E-7	1	0	
5.304000E-7	1	0	
5.285143E-7	1	0	
5.264571E-7	1	0	
5.214857E-7	1	0	
5.347714E-7	1	0	
5.251714E-7	1	0	
5.260286E-7	1	0	
5.204571E-7	1	0	
5.283429E-7	1	0	
-1.258483E-5	4	0	
-1.501243E-5	4	0	
-1.490451E-5	4	0	
-2.263714E-7	2	0	
5.118000E-7	2	0	
5.097429E-7	2	0	
5.119714E-7	2	0	
5.131714E-7	2	0	
5.156571E-7	2	0	
5.185714E-7	2	0	
5.184000E-7	2	0	
5.153143E-7	2	0	
5.148857E-7	2	0	
5.169429E-7	2	0	
5.094857E-7	2	0	
1.365660E-5	3	0	
1.607837E-5	3	0	
1.598006E-5	3	0	
1.255971E-6	1	0	
5.252571E-7	1	0	
5.361429E-7	1	0	
5.204571E-7	1	0	
5.291143E-7	1	0	
5.246571E-7	1	0	
5.287714E-7	1	0	
5.164286E-7	1	0	
5.179714E-7	1	0	
5.183143E-7	1	0	
5.168571E-7	1	0	
5.263714E-7	1	0	
-1.259169E-5	4	0	
-1.500154E-5	4	0	
-1.489894E-5	4	0	
-2.267143E-7	2	0	
5.084571E-7	2	0	
5.142857E-7	2	0	
5.091429E-7	2	0	
5.056286E-7	2	0	
5.128286E-7	2	0	
5.077714E-7	2	0	
5.107714E-7	2	0	
5.070857E-7	2	0	
5.167714E-7	2	0	
5.178857E-7	2	0	
5.131714E-7	2	0	
1.365626E-5	3	0	
1.608137E-5	3	0	
1.596317E-5	3	0	
1.258457E-6	1	0	
5.273143E-7	1	0	
5.256000E-7	1	0	
5.224286E-7	1	0	
5.252571E-7	1	0	
5.172000E-7	1	0	
5.214000E-7	1	0	
5.212286E-7	1	0	
5.151429E-7	1	0	
5.242286E-7	1	0	
5.176286E-7	1	0	
5.244857E-7	1	0	
-1.258371E-5	4	0	
-1.501234E-5	4	0	
-1.489689E-5	4	0	
-2.242286E-7	2	0	
5.101714E-7	2	0	
5.121429E-7	2	0	
5.120571E-7	2	0	
5.200286E-7	2	0	
5.158286E-7	2	0	
5.121429E-7	2	0	
5.129143E-7	2	0	
5.155714E-7	2	0	
5.114571E-7	2	0	
5.180571E-7	2	0	
5.106857E-7	2	0	
1.366594E-5	3	0	
1.608686E-5	3	0	
1.597757E-5	3	0	
1.256571E-6	1	0	
5.305714E-7	1	0	
5.249143E-7	1	0	
5.260286E-7	1	0	
5.241429E-7	1	0	
5.219143E-7	1	0	
5.208000E-7	1	0	
5.178000E-7	1	0	
5.214000E-7	1	0	
5.114571E-7	1	0	
5.190000E-7	1	0	
5.200286E-7	1	0	
-1.259057E-5	4	0	
-1.501037E-5	4	0	
-1.490460E-5	4	0	
-2.314286E-7	2	0	
5.020286E-7	2	0	
5.137714E-7	2	0	
5.139429E-7	2	0	
5.101714E-7	2	0	
5.094857E-7	2	0	
5.088857E-7	2	0	
5.057143E-7	2	0	
5.150571E-7	2	0	
5.168571E-7	2	0	
5.094857E-7	2	0	
5.067429E-7	2	0	
1.365051E-5	3	0	
1.607614E-5	3	0	
1.597543E-5	3	0	
1.265657E-6	1	0	
5.264571E-7	1	0	
5.268857E-7	1	0	
5.258571E-7	1	0	
5.220857E-7	1	0	
5.214857E-7	1	0	
5.176286E-7	1	0	
5.226000E-7	1	0	
5.242286E-7	1	0	
5.147143E-7	1	0	
5.218286E-7	1	0	
5.257714E-7	1	0	
-1.258731E-5	4	0	
-1.500797E-5	4	0	
-1.490254E-5	4	0	
-2.274857E-7	2	0	
5.105143E-7	2	0	
5.088857E-7	2	0	
5.142000E-7	2	0	
5.162571E-7	2	0	
5.075143E-7	2	0	
5.237143E-7	2	0	
5.202000E-7	2	0	
5.205429E-7	2	0	
5.243143E-7	2	0	
5.237143E-7	2	0	
5.190000E-7	2	0	
1.366483E-5	3	0	
1.608883E-5	3	0	
1.598177E-5	3	0	
1.264886E-6	1	0	
5.343429E-7	1	0	
5.334000E-7	1	0	
5.334000E-7	1	0	
5.305714E-7	1	0	
5.261143E-7	1	0	
5.333143E-7	1	0	
5.350286E-7	1	0	
5.305714E-7	1	0	
5.247429E-7	1	0	
5.292000E-7	1	0	
5.284286E-7	1	0	
-1.257849E-5	4	0	
-1.500600E-5	4	0	
-1.490014E-5	4	0	
-2.229429E-7	2	0	
5.156571E-7	2	0	
5.116286E-7	2	0	
5.214857E-7	2	0	
5.186571E-7	2	0	
5.248286E-7	2	0	
5.228571E-7	2	0	
5.277429E-7	2	0	
5.205429E-7	2	0	
5.307429E-7	2	0	
5.292000E-7	2	0	
5.288571E-7	2	0	
1.366397E-5	3	0	
1.609380E-5	3	0	
1.598280E-5	3	0	
1.269771E-6	1	0	
5.433429E-7	1	0	
5.395714E-7	1	0	
5.410286E-7	1	0	
5.393143E-7	1	0	
5.316857E-7	1	0	
5.344286E-7	1	0	
5.291143E-7	1	0	
5.353714E-7	1	0	
5.325429E-7	1	0	
5.362286E-7	1	0	
5.308286E-7	1	0	
-1.257934E-5	4	0	
-1.500043E-5	4	0	
-1.489946E-5	4	0	
-2.140286E-7	2	0	
5.196857E-7	2	0	
5.180571E-7	2	0	
5.210571E-7	2	0	
5.270571E-7	2	0	
5.178000E-7	2	0	
5.190000E-7	2	0	
5.223429E-7	2	0	
5.258571E-7	2	0	
5.196000E-7	2	0	
5.196857E-7	2	0	
5.253429E-7	2	0	
1.366843E-5	3	0	
1.609226E-5	3	0	
1.598340E-5	3	0	
1.265914E-6	1	0	
5.407714E-7	1	0	
5.300571E-7	1	0	
5.286000E-7	1	0	
5.319429E-7	1	0	
5.284286E-7	1	0	
5.304857E-7	1	0	
5.272286E-7	1	0	
5.285143E-7	1	0	
5.324571E-7	1	0	
5.342571E-7	1	0	
5.302286E-7	1	0	
-1.257686E-5	4	0	
-1.499083E-5	4	0	
-1.489706E-5	4	0	
-2.165143E-7	2	0	
5.189143E-7	2	0	
5.237143E-7	2	0	
5.271429E-7	2	0	
5.260286E-7	2	0	
5.279143E-7	2	0	
5.354571E-7	2	0	
5.287714E-7	2	0	
5.339143E-7	2	0	
5.304000E-7	2	0	
5.370000E-7	2	0	
5.307429E-7	2	0	
1.367966E-5	3	0	
1.609586E-5	3	0	
1.599574E-5	3	0	
1.285114E-6	1	0	
5.541429E-7	1	0	
5.549143E-7	1	0	
5.463429E-7	1	0	
5.417143E-7	1	0	
5.464286E-7	1	0	
5.463429E-7	1	0	
5.503714E-7	1	0	
5.560286E-7	1	0	
5.492571E-7	1	0	
5.550000E-7	1	0	
5.529429E-7	1	0	
-1.255946E-5	4	0	
-1.498080E-5	4	0	
-1.487709E-5	4	0	
-1.842000E-7	2	0	
5.418000E-7	2	0	
5.484857E-7	2	0	
5.510571E-7	2	0	
5.515714E-7	2	0	
5.510571E-7	2	0	
5.573143E-7	2	0	
5.556857E-7	2	0	
5.543143E-7	2	0	
5.598857E-7	2	0	
5.523429E-7	2	0	
5.524286E-7	2	0	
1.369500E-5	3	0	
1.611960E-5	3	0	
1.601691E-5	3	0	
1.298057E-6	1	0	
5.719714E-7	1	0	
5.703429E-7	1	0	
5.684571E-7	1	0	
5.669143E-7	1	0	
5.640857E-7	1	0	
5.750571E-7	1	0	
5.759143E-7	1	0	
5.670857E-7	1	0	
5.698286E-7	1	0	
5.711143E-7	1	0	
5.662286E-7	1	0	
-1.254180E-5	4	0	
-1.496049E-5	4	0	
-1.484940E-5	4	0	
-1.719429E-7	2	0	
5.624571E-7	2	0	
5.629714E-7	2	0	
5.621143E-7	2	0	
5.687143E-7	2	0	
5.617714E-7	2	0	
5.670857E-7	2	0	
5.742000E-7	2	0	
5.696571E-7	2	0	
5.675143E-7	2	0	
5.700000E-7	2	0	
5.657143E-7	2	0	
1.371343E-5	3	0	
1.613803E-5	3	0	
1.603243E-5	3	0	
1.315114E-6	1	0	
5.880857E-7	1	0	
5.916000E-7	1	0	
5.826000E-7	1	0	
5.761714E-7	1	0	
5.827714E-7	1	0	
5.820000E-7	1	0	
5.825143E-7	1	0	
5.817429E-7	1	0	
5.818286E-7	1	0	
5.837143E-7	1	0	
5.754000E-7	1	0	
-1.252714E-5	4	0	
-1.495491E-5	4	0	
-1.485266E-5	4	0	
-1.718571E-7	2	0	
5.647714E-7	2	0	
5.610000E-7	2	0	
5.569714E-7	2	0	
5.700000E-7	2	0	
5.672571E-7	2	0	
5.648571E-7	2	0	
5.652857E-7	2	0	
5.774571E-7	2	0	
5.723143E-7	2	0	
5.682857E-7	2	0	
5.701714E-7	2	0	
1.371000E-5	3	0	
1.613023E-5	3	0	
1.602960E-5	3	0	
1.313314E-6	1	0	
5.845714E-7	1	0	
5.745429E-7	1	0	
5.775429E-7	1	0	
5.636571E-7	1	0	
5.787429E-7	1	0	
5.721429E-7	1	0	
5.760857E-7	1	0	
5.636571E-7	1	0	
5.706857E-7	1	0	
5.684571E-7	1	0	
5.646000E-7	1	0	
-1.254009E-5	4	0	
-1.496203E-5	4	0	
-1.486851E-5	4	0	
-1.764000E-7	2	0	
5.535429E-7	2	0	
5.542286E-7	2	0	
5.532000E-7	2	0	
5.561143E-7	2	0	
5.597143E-7	2	0	
5.515714E-7	2	0	
5.495143E-7	2	0	
5.518286E-7	2	0	
5.469429E-7	2	0	
5.514000E-7	2	0	
5.556000E-7	2	0	
1.370091E-5	3	0	
1.612071E-5	3	0	
1.601400E-5	3	0	
1.297457E-6	1	0	
5.685429E-7	1	0	
5.675143E-7	1	0	
5.692286E-7	1	0	
5.520857E-7	1	0	
5.548286E-7	1	0	
5.559429E-7	1	0	
5.619429E-7	1	0	
5.552571E-7	1	0	
5.533714E-7	1	0	
5.562857E-7	1	0	
5.545714E-7	1	0	
-1.255483E-5	4	0	
-1.497617E-5	4	0	
-1.487400E-5	4	0	
-1.976571E-7	2	0	
5.401714E-7	2	0	
5.414571E-7	2	0	
5.444571E-7	2	0	
5.498571E-7	2	0	
5.428286E-7	2	0	
5.535429E-7	2	0	
5.454857E-7	2	0	
5.445429E-7	2	0	
5.503714E-7	2	0	
5.459143E-7	2	0	
5.470286E-7	2	0	
1.368360E-5	3	0	
1.611206E-5	3	0	
1.599806E-5	3	0	
1.284429E-6	1	0	
5.545714E-7	1	0	
5.526857E-7	1	0	
5.507143E-7	1	0	
5.519143E-7	1	0	
5.484000E-7	1	0	
5.520857E-7	1	0	
5.517429E-7	1	0	
5.517429E-7	1	0	
5.484000E-7	1	0	
5.529429E-7	1	0	
5.472857E-7	1	0	
-1.257163E-5	4	0	
-1.498354E-5	4	0	
-1.487649E-5	4	0	
-1.968857E-7	2	0	
5.374286E-7	2	0	
5.424857E-7	2	0	
5.339143E-7	2	0	
5.454857E-7	2	0	
5.377714E-7	2	0	
5.371714E-7	2	0	
5.472857E-7	2	0	
5.429143E-7	2	0	
5.478857E-7	2	0	
5.521714E-7	2	0	
5.387143E-7	2	0	
1.367529E-5	3	0	
1.611129E-5	3	0	
1.600149E-5	3	0	
1.280914E-6	1	0	
5.585143E-7	1	0	
5.501143E-7	1	0	
5.496000E-7	1	0	
5.446286E-7	1	0	
5.484857E-7	1	0	
5.441143E-7	1	0	
5.465143E-7	1	0	
5.510571E-7	1	0	
5.442857E-7	1	0	
5.424857E-7	1	0	
5.456571E-7	1	0	
-1.256563E-5	4	0	
-1.497831E-5	4	0	
-1.488051E-5	4	0	
-2.048571E-7	2	0	
5.350286E-7	2	0	
5.343429E-7	2	0	
5.322000E-7	2	0	
5.365714E-7	2	0	
5.419714E-7	2	0	
5.386286E-7	2	0	
5.420571E-7	2	0	
5.336571E-7	2	0	
5.374286E-7	2	0	
5.370857E-7	2	0	
5.414571E-7	2	0	
1.367974E-5	3	0	
1.610794E-5	3	0	
1.600097E-5	3	0	
1.281086E-6	1	0	
5.523429E-7	1	0	
5.592857E-7	1	0	
5.555143E-7	1	0	
5.583429E-7	1	0	
5.448857E-7	1	0	
5.507143E-7	1	0	
5.498571E-7	1	0	
5.505429E-7	1	0	
5.502000E-7	1	0	
5.506286E-7	1	0	
5.562000E-7	1	0	
-1.255363E-5	4	0	
-1.497737E-5	4	0	
-1.486937E-5	4	0	
-1.902000E-7	2	0	
5.426571E-7	2	0	
5.387143E-7	2	0	
5.470286E-7	2	0	
5.472000E-7	2	0	
5.488286E-7	2	0	
5.395714E-7	2	0	
5.442000E-7	2	0	
5.451429E-7	2	0	
5.460857E-7	2	0	
5.540571E-7	2	0	
5.388857E-7	2	0	
1.369209E-5	3	0	
1.611146E-5	3	0	
1.601271E-5	3	0	
1.288629E-6	1	0	
5.621143E-7	1	0	
5.628857E-7	1	0	
5.557714E-7	1	0	
5.632286E-7	1	0	
5.511429E-7	1	0	
5.600571E-7	1	0	
5.600571E-7	1	0	
5.510571E-7	1	0	
5.568857E-7	1	0	
5.509714E-7	1	0	
5.509714E-7	1	0	
-1.255491E-5	4	0	
-1.497249E-5	4	0	
-1.487297E-5	4	0	
-1.961143E-7	2	0	
5.417143E-7	2	0	
5.463429E-7	2	0	
5.514000E-7	2	0	
5.490000E-7	2	0	
5.437714E-7	2	0	
5.540571E-7	2	0	
5.440286E-7	2	0	
5.519143E-7	2	0	
5.495143E-7	2	0	
5.469429E-7	2	0	
5.487429E-7	2	0	
1.369569E-5	3	0	
1.612029E-5	3	0	
1.600174E-5	3	0	
1.288543E-6	1	0	
5.649429E-7	1	0	
5.584286E-7	1	0	
5.572286E-7	1	0	
5.596286E-7	1	0	
5.514857E-7	1	0	
5.523429E-7	1	0	
5.534571E-7	1	0	
5.520000E-7	1	0	
5.526000E-7	1	0	
5.556000E-7	1	0	
5.509714E-7	1	0	
-1.256014E-5	4	0	
-1.497720E-5	4	0	
-1.488240E-5	4	0	
-1.901143E-7	2	0	
5.339143E-7	2	0	
5.343429E-7	2	0	
5.429143E-7	2	0	
5.399143E-7	2	0	
5.504571E-7	2	0	
5.430857E-7	2	0	
5.382857E-7	2	0	
5.470286E-7	2	0	
5.444571E-7	2	0	
5.424000E-7	2	0	
5.449714E-7	2	0	
1.368206E-5	3	0	
1.611086E-5	3	0	
1.600860E-5	3	0	
1.289229E-6	1	0	
5.657143E-7	1	0	
5.610000E-7	1	0	
5.493429E-7	1	0	
5.555143E-7	1	0	
5.632286E-7	1	0	
5.610857E-7	1	0	
5.586857E-7	1	0	
5.568857E-7	1	0	
5.563714E-7	1	0	
5.528571E-7	1	0	
5.568857E-7	1	0	
-1.255526E-5	4	0	
-1.497694E-5	4	0	
-1.487469E-5	4	0	
-1.862571E-7	2	0	
5.431714E-7	2	0	
5.454000E-7	2	0	
5.431714E-7	2	0	
5.447143E-7	2	0	
5.477143E-7	2	0	
5.493429E-7	2	0	
5.442857E-7	2	0	
5.473714E-7	2	0	
5.471143E-7	2	0	
5.540571E-7	2	0	
5.461714E-7	2	0	
1.369363E-5	3	0	
1.611523E-5	3	0	
1.600611E-5	3	0	
1.291714E-6	1	0	
5.550857E-7	1	0	
5.527714E-7	1	0	
5.586000E-7	1	0	
5.589429E-7	1	0	
5.510571E-7	1	0	
5.589429E-7	1	0	
5.607429E-7	1	0	
5.568000E-7	1	0	
5.573143E-7	1	0	
5.543143E-7	1	0	
5.572286E-7	1	0	
-1.255440E-5	4	0	
-1.497351E-5	4	0	
-1.487006E-5	4	0	
-1.950000E-7	2	0	
5.395714E-7	2	0	
5.443714E-7	2	0	
5.434286E-7	2	0	
5.455714E-7	2	0	
5.506286E-7	2	0	
5.569714E-7	2	0	
5.480571E-7	2	0	
5.430857E-7	2	0	
5.483143E-7	2	0	
5.494286E-7	2	0	
5.478000E-7	2	0	
1.368609E-5	3	0	
1.611343E-5	3	0	
1.600749E-5	3	0	
1.287514E-6	1	0	
5.634857E-7	1	0	
5.502857E-7	1	0	
5.502857E-7	1	0	
5.550000E-7	1	0	
5.519143E-7	1	0	
5.562857E-7	1	0	
5.499429E-7	1	0	
5.577429E-7	1	0	
5.457429E-7	1	0	
5.560286E-7	1	0	
5.458286E-7	1	0	
-1.256151E-5	4	0	
-1.498183E-5	4	0	
-1.488214E-5	4	0	
-2.010000E-7	2	0	
5.320286E-7	2	0	
5.388000E-7	2	0	
5.373429E-7	2	0	
5.377714E-7	2	0	
5.328857E-7	2	0	
5.419714E-7	2	0	
5.448857E-7	2	0	
5.402571E-7	2	0	
5.310857E-7	2	0	
5.434286E-7	2	0	
5.314286E-7	2	0	
1.368686E-5	3	0	
1.609937E-5	3	0	
1.599454E-5	3	0	
1.274486E-6	1	0	
5.472000E-7	1	0	
5.436857E-7	1	0	
5.493429E-7	1	0	
5.420571E-7	1	0	
5.427429E-7	1	0	
5.411143E-7	1	0	
5.437714E-7	1	0	
5.363143E-7	1	0	
5.392286E-7	1	0	
5.430857E-7	1	0	
5.344286E-7	1	0	
-1.256914E-5	4	0	
-1.499683E-5	4	0	
-1.488711E-5	4	0	
-2.112000E-7	2	0	
5.231143E-7	2	0	
5.282571E-7	2	0	
5.312571E-7	2	0	
5.388000E-7	2	0	
5.327143E-7	2	0	
5.347714E-7	2	0	
5.240571E-7	2	0	
5.277429E-7	2	0	
5.290286E-7	2	0	
5.294571E-7	2	0	
5.310000E-7	2	0	
1.367246E-5	3	0	
1.609097E-5	3	0	
