start date: 	2018-03-09
start time: 	14.14.47
stop date: 	2018-03-09
stop time: 	14.50.14
com rel. humid (%):	33.6
com temp (°C):	28.57
cn temp (°C):	31.28
nv temp (°C):	35.31
remarks: 	QHR Red, Squid Feedin on I1, low resistor on I1, Ramp time = 2.02s
R1 Info: 	1218
R2 Info: 	GaAs 8
data filepath: 	M:\MagniconData\CCCViewerData\cccviewer_measure\2018-03-09_CCC\180309_002_1414.txt
config filepath: 	M:\MagniconData\CCCViewerData\cccviewer_measure\2018-03-09_CCC\180309_002_1414_cccdrive.cfg
time base (Hz): 	60
integration time (time base multiples):	42
number of samples per half cycle: 	15
ignored first samples: 	7
ignored last samples: 	0
amplifier gain: 	100000
delta N1/NA (mTurns): 	0.777244568
delta (I2*R2) (V): 	1.0000

data(V)	phase	error
2.608286E-7	1	0	
2.552571E-7	1	0	
2.592857E-7	1	0	
2.544000E-7	1	0	
2.531143E-7	1	0	
2.615143E-7	1	0	
2.520857E-7	1	0	
2.579143E-7	1	0	
2.481429E-7	1	0	
2.589429E-7	1	0	
2.555143E-7	1	0	
2.538857E-7	1	0	
2.538857E-7	1	0	
-1.284943E-5	4	0	
-1.527746E-5	4	0	
-1.517486E-5	4	0	
-5.004857E-7	2	0	
2.346857E-7	2	0	
2.406000E-7	2	0	
2.392286E-7	2	0	
2.447143E-7	2	0	
2.402571E-7	2	0	
2.448857E-7	2	0	
2.406000E-7	2	0	
2.401714E-7	2	0	
2.430000E-7	2	0	
2.449714E-7	2	0	
2.482286E-7	2	0	
1.338540E-5	3	0	
1.581249E-5	3	0	
1.569660E-5	3	0	
9.943714E-7	1	0	
2.627143E-7	1	0	
2.615143E-7	1	0	
2.582571E-7	1	0	
2.591143E-7	1	0	
2.624571E-7	1	0	
2.617714E-7	1	0	
2.599714E-7	1	0	
2.562857E-7	1	0	
2.612571E-7	1	0	
2.559429E-7	1	0	
2.560286E-7	1	0	
-1.285131E-5	4	0	
-1.526983E-5	4	0	
-1.517134E-5	4	0	
-4.968000E-7	2	0	
2.412857E-7	2	0	
2.376857E-7	2	0	
2.419714E-7	2	0	
2.416286E-7	2	0	
2.421429E-7	2	0	
2.442857E-7	2	0	
2.478857E-7	2	0	
2.455714E-7	2	0	
2.459143E-7	2	0	
2.508000E-7	2	0	
2.429143E-7	2	0	
1.338703E-5	3	0	
1.580897E-5	3	0	
1.569883E-5	3	0	
9.979714E-7	1	0	
2.786571E-7	1	0	
2.669143E-7	1	0	
2.671714E-7	1	0	
2.616857E-7	1	0	
2.585143E-7	1	0	
2.638286E-7	1	0	
2.560286E-7	1	0	
2.587714E-7	1	0	
2.542286E-7	1	0	
2.610857E-7	1	0	
2.624571E-7	1	0	
-1.284943E-5	4	0	
-1.527103E-5	4	0	
-1.516646E-5	4	0	
-4.857429E-7	2	0	
2.391429E-7	2	0	
2.351143E-7	2	0	
2.364000E-7	2	0	
2.426571E-7	2	0	
2.489143E-7	2	0	
2.445429E-7	2	0	
2.330571E-7	2	0	
2.394857E-7	2	0	
2.457429E-7	2	0	
2.418857E-7	2	0	
2.409429E-7	2	0	
1.337940E-5	3	0	
1.580400E-5	3	0	
1.569411E-5	3	0	
9.880286E-7	1	0	
2.562000E-7	1	0	
2.550857E-7	1	0	
2.581714E-7	1	0	
2.519143E-7	1	0	
2.537143E-7	1	0	
2.519143E-7	1	0	
2.544857E-7	1	0	
2.424000E-7	1	0	
2.514000E-7	1	0	
2.446286E-7	1	0	
2.496000E-7	1	0	
-1.285791E-5	4	0	
-1.528363E-5	4	0	
-1.517811E-5	4	0	
-5.096571E-7	2	0	
2.325429E-7	2	0	
2.292000E-7	2	0	
2.346857E-7	2	0	
2.280857E-7	2	0	
2.328857E-7	2	0	
2.368286E-7	2	0	
2.324571E-7	2	0	
2.298857E-7	2	0	
2.303143E-7	2	0	
2.284286E-7	2	0	
2.302286E-7	2	0	
1.337323E-5	3	0	
1.579346E-5	3	0	
1.568966E-5	3	0	
9.836571E-7	1	0	
2.490857E-7	1	0	
2.402571E-7	1	0	
2.507143E-7	1	0	
2.520857E-7	1	0	
2.484000E-7	1	0	
2.375143E-7	1	0	
2.406000E-7	1	0	
2.347714E-7	1	0	
2.417143E-7	1	0	
2.375143E-7	1	0	
2.394000E-7	1	0	
-1.287129E-5	4	0	
-1.528911E-5	4	0	
-1.518986E-5	4	0	
-5.112000E-7	2	0	
2.261143E-7	2	0	
2.241429E-7	2	0	
2.276571E-7	2	0	
2.322857E-7	2	0	
2.241429E-7	2	0	
2.286000E-7	2	0	
2.245714E-7	2	0	
2.247429E-7	2	0	
2.266286E-7	2	0	
2.248286E-7	2	0	
2.290286E-7	2	0	
1.336277E-5	3	0	
1.579431E-5	3	0	
1.568674E-5	3	0	
9.749143E-7	1	0	
2.440286E-7	1	0	
2.401714E-7	1	0	
2.405143E-7	1	0	
2.459143E-7	1	0	
2.390571E-7	1	0	
2.376857E-7	1	0	
2.413714E-7	1	0	
2.404286E-7	1	0	
2.369143E-7	1	0	
2.385429E-7	1	0	
2.387143E-7	1	0	
-1.286666E-5	4	0	
-1.528911E-5	4	0	
-1.519089E-5	4	0	
-5.179714E-7	2	0	
2.178000E-7	2	0	
2.227714E-7	2	0	
2.166857E-7	2	0	
2.230286E-7	2	0	
2.237143E-7	2	0	
2.263714E-7	2	0	
2.255143E-7	2	0	
2.247429E-7	2	0	
2.225143E-7	2	0	
2.284286E-7	2	0	
2.293714E-7	2	0	
1.336500E-5	3	0	
1.578617E-5	3	0	
1.568331E-5	3	0	
9.696000E-7	1	0	
2.485714E-7	1	0	
2.401714E-7	1	0	
2.352857E-7	1	0	
2.363143E-7	1	0	
2.406000E-7	1	0	
2.423143E-7	1	0	
2.426571E-7	1	0	
2.398286E-7	1	0	
2.372571E-7	1	0	
2.347714E-7	1	0	
2.418000E-7	1	0	
-1.286691E-5	4	0	
-1.529451E-5	4	0	
-1.518840E-5	4	0	
-5.133429E-7	2	0	
2.246571E-7	2	0	
2.238000E-7	2	0	
2.270571E-7	2	0	
2.221714E-7	2	0	
2.291143E-7	2	0	
2.313429E-7	2	0	
2.274000E-7	2	0	
2.249143E-7	2	0	
2.225143E-7	2	0	
2.277429E-7	2	0	
2.257714E-7	2	0	
1.337211E-5	3	0	
1.578069E-5	3	0	
1.568383E-5	3	0	
9.702857E-7	1	0	
2.416286E-7	1	0	
2.282571E-7	1	0	
2.436857E-7	1	0	
2.370857E-7	1	0	
2.400000E-7	1	0	
2.323714E-7	1	0	
2.349429E-7	1	0	
2.259429E-7	1	0	
2.307429E-7	1	0	
2.370857E-7	1	0	
2.364857E-7	1	0	
-1.287617E-5	4	0	
-1.529906E-5	4	0	
-1.520109E-5	4	0	
-5.258571E-7	2	0	
2.073429E-7	2	0	
2.195143E-7	2	0	
2.196000E-7	2	0	
2.166000E-7	2	0	
2.116286E-7	2	0	
2.164286E-7	2	0	
2.106857E-7	2	0	
2.112857E-7	2	0	
2.124857E-7	2	0	
2.188286E-7	2	0	
2.150571E-7	2	0	
1.334983E-5	3	0	
1.577049E-5	3	0	
1.567149E-5	3	0	
9.666000E-7	1	0	
2.309143E-7	1	0	
2.273143E-7	1	0	
2.205429E-7	1	0	
2.190000E-7	1	0	
2.228571E-7	1	0	
2.219143E-7	1	0	
2.224286E-7	1	0	
2.187429E-7	1	0	
2.232000E-7	1	0	
2.245714E-7	1	0	
2.178000E-7	1	0	
-1.288560E-5	4	0	
-1.530969E-5	4	0	
-1.520246E-5	4	0	
-5.436857E-7	2	0	
2.019429E-7	2	0	
2.042571E-7	2	0	
1.967143E-7	2	0	
2.097429E-7	2	0	
2.013429E-7	2	0	
2.076000E-7	2	0	
1.998857E-7	2	0	
2.076857E-7	2	0	
2.041714E-7	2	0	
1.995429E-7	2	0	
2.010857E-7	2	0	
1.333740E-5	3	0	
1.577203E-5	3	0	
1.566017E-5	3	0	
9.534000E-7	1	0	
2.196000E-7	1	0	
2.231143E-7	1	0	
2.178000E-7	1	0	
2.176286E-7	1	0	
2.108571E-7	1	0	
2.136857E-7	1	0	
2.076000E-7	1	0	
2.208000E-7	1	0	
2.103429E-7	1	0	
2.113714E-7	1	0	
2.071714E-7	1	0	
-1.288851E-5	4	0	
-1.531363E-5	4	0	
-1.521351E-5	4	0	
-5.396571E-7	2	0	
2.017714E-7	2	0	
1.992000E-7	2	0	
2.000571E-7	2	0	
1.958571E-7	2	0	
2.039143E-7	2	0	
1.995429E-7	2	0	
2.061429E-7	2	0	
1.999714E-7	2	0	
2.036571E-7	2	0	
2.019429E-7	2	0	
2.079429E-7	2	0	
1.334297E-5	3	0	
1.576637E-5	3	0	
1.565871E-5	3	0	
9.524571E-7	1	0	
2.263714E-7	1	0	
2.249143E-7	1	0	
2.252571E-7	1	0	
2.240571E-7	1	0	
2.276571E-7	1	0	
2.253429E-7	1	0	
2.200286E-7	1	0	
2.166000E-7	1	0	
2.170286E-7	1	0	
2.188286E-7	1	0	
2.211429E-7	1	0	
-1.288200E-5	4	0	
-1.531209E-5	4	0	
-1.521197E-5	4	0	
-5.376000E-7	2	0	
1.986000E-7	2	0	
1.980000E-7	2	0	
1.988571E-7	2	0	
2.061429E-7	2	0	
2.031429E-7	2	0	
2.039143E-7	2	0	
2.095714E-7	2	0	
2.046000E-7	2	0	
2.053714E-7	2	0	
1.994571E-7	2	0	
2.010857E-7	2	0	
1.334297E-5	3	0	
1.577391E-5	3	0	
1.566660E-5	3	0	
9.527143E-7	1	0	
2.268857E-7	1	0	
2.250857E-7	1	0	
2.196000E-7	1	0	
2.200286E-7	1	0	
2.253429E-7	1	0	
2.226857E-7	1	0	
2.192571E-7	1	0	
2.226857E-7	1	0	
2.164286E-7	1	0	
2.169429E-7	1	0	
2.274000E-7	1	0	
-1.288526E-5	4	0	
-1.531174E-5	4	0	
-1.519671E-5	4	0	
-5.357143E-7	2	0	
1.959429E-7	2	0	
2.024571E-7	2	0	
2.088000E-7	2	0	
2.043429E-7	2	0	
2.095714E-7	2	0	
2.053714E-7	2	0	
2.094000E-7	2	0	
2.047714E-7	2	0	
2.083714E-7	2	0	
2.062286E-7	2	0	
2.100000E-7	2	0	
1.334631E-5	3	0	
1.577280E-5	3	0	
1.566823E-5	3	0	
9.582857E-7	1	0	
2.193429E-7	1	0	
2.283429E-7	1	0	
2.249143E-7	1	0	
2.248286E-7	1	0	
2.238000E-7	1	0	
2.277429E-7	1	0	
2.258571E-7	1	0	
2.293714E-7	1	0	
2.208000E-7	1	0	
2.238000E-7	1	0	
2.185714E-7	1	0	
-1.288526E-5	4	0	
-1.530909E-5	4	0	
-1.521223E-5	4	0	
-5.328000E-7	2	0	
1.989429E-7	2	0	
2.012571E-7	2	0	
2.087143E-7	2	0	
2.059714E-7	2	0	
2.079429E-7	2	0	
2.125714E-7	2	0	
2.108571E-7	2	0	
2.084571E-7	2	0	
2.169429E-7	2	0	
2.110286E-7	2	0	
2.169429E-7	2	0	
1.335626E-5	3	0	
1.577777E-5	3	0	
1.567646E-5	3	0	
9.651429E-7	1	0	
2.364000E-7	1	0	
2.246571E-7	1	0	
2.343429E-7	1	0	
2.342571E-7	1	0	
2.332286E-7	1	0	
2.251714E-7	1	0	
2.273143E-7	1	0	
2.246571E-7	1	0	
2.329714E-7	1	0	
2.243143E-7	1	0	
2.262857E-7	1	0	
-1.288149E-5	4	0	
-1.530026E-5	4	0	
-1.519774E-5	4	0	
-5.279143E-7	2	0	
2.145429E-7	2	0	
2.148000E-7	2	0	
2.111143E-7	2	0	
2.112000E-7	2	0	
2.150571E-7	2	0	
2.164286E-7	2	0	
2.202857E-7	2	0	
2.087143E-7	2	0	
2.126571E-7	2	0	
2.159143E-7	2	0	
2.203714E-7	2	0	
1.335454E-5	3	0	
1.578506E-5	3	0	
1.567303E-5	3	0	
9.659143E-7	1	0	
2.312571E-7	1	0	
2.368286E-7	1	0	
2.284286E-7	1	0	
2.367429E-7	1	0	
2.316000E-7	1	0	
2.328857E-7	1	0	
2.282571E-7	1	0	
2.282571E-7	1	0	
2.289429E-7	1	0	
2.308286E-7	1	0	
2.238857E-7	1	0	
-1.288629E-5	4	0	
-1.530386E-5	4	0	
-1.520349E-5	4	0	
-5.184857E-7	2	0	
2.062286E-7	2	0	
2.073429E-7	2	0	
2.105143E-7	2	0	
2.154000E-7	2	0	
2.127429E-7	2	0	
2.173714E-7	2	0	
2.024571E-7	2	0	
2.130857E-7	2	0	
2.090571E-7	2	0	
2.146286E-7	2	0	
2.038286E-7	2	0	
1.334254E-5	3	0	
1.577529E-5	3	0	
1.567157E-5	3	0	
9.584571E-7	1	0	
2.283429E-7	1	0	
2.245714E-7	1	0	
2.286000E-7	1	0	
2.221714E-7	1	0	
2.146286E-7	1	0	
2.273143E-7	1	0	
2.223429E-7	1	0	
2.221714E-7	1	0	
2.165143E-7	1	0	
2.239714E-7	1	0	
2.140286E-7	1	0	
-1.288560E-5	4	0	
-1.531020E-5	4	0	
-1.520906E-5	4	0	
-5.352000E-7	2	0	
2.005714E-7	2	0	
1.966286E-7	2	0	
2.047714E-7	2	0	
2.024571E-7	2	0	
2.066571E-7	2	0	
2.031429E-7	2	0	
2.094857E-7	2	0	
2.022000E-7	2	0	
2.090571E-7	2	0	
2.046000E-7	2	0	
2.026286E-7	2	0	
1.334280E-5	3	0	
1.577606E-5	3	0	
1.565760E-5	3	0	
9.489429E-7	1	0	
2.185714E-7	1	0	
2.219143E-7	1	0	
2.184000E-7	1	0	
2.187429E-7	1	0	
2.165143E-7	1	0	
2.127429E-7	1	0	
2.127429E-7	1	0	
2.146286E-7	1	0	
2.079429E-7	1	0	
2.110286E-7	1	0	
2.045143E-7	1	0	
-1.289160E-5	4	0	
-1.531363E-5	4	0	
-1.520786E-5	4	0	
-5.464286E-7	2	0	
1.954286E-7	2	0	
1.936286E-7	2	0	
2.040000E-7	2	0	
1.924286E-7	2	0	
2.090571E-7	2	0	
1.986857E-7	2	0	
1.926857E-7	2	0	
1.956857E-7	2	0	
1.946571E-7	2	0	
1.986000E-7	2	0	
1.924286E-7	2	0	
1.333406E-5	3	0	
1.576080E-5	3	0	
1.564971E-5	3	0	
9.461143E-7	1	0	
2.160000E-7	1	0	
2.122286E-7	1	0	
2.148857E-7	1	0	
2.049429E-7	1	0	
2.131714E-7	1	0	
2.154857E-7	1	0	
2.131714E-7	1	0	
2.111143E-7	1	0	
2.100857E-7	1	0	
2.032286E-7	1	0	
2.089714E-7	1	0	
-1.289906E-5	4	0	
-1.531860E-5	4	0	
-1.521729E-5	4	0	
-5.401714E-7	2	0	
1.781143E-7	2	0	
1.937143E-7	2	0	
1.875429E-7	2	0	
1.932000E-7	2	0	
1.901143E-7	2	0	
1.995429E-7	2	0	
1.970571E-7	2	0	
1.902857E-7	2	0	
1.975714E-7	2	0	
1.950000E-7	2	0	
1.919143E-7	2	0	
1.333140E-5	3	0	
1.575943E-5	3	0	
1.565134E-5	3	0	
9.429429E-7	1	0	
2.103429E-7	1	0	
2.083714E-7	1	0	
2.076000E-7	1	0	
2.111143E-7	1	0	
2.133429E-7	1	0	
2.106857E-7	1	0	
2.008286E-7	1	0	
2.108571E-7	1	0	
2.035714E-7	1	0	
2.079429E-7	1	0	
2.042571E-7	1	0	
-1.289683E-5	4	0	
-1.532263E-5	4	0	
-1.522080E-5	4	0	
-5.494286E-7	2	0	
1.956000E-7	2	0	
1.902857E-7	2	0	
1.967143E-7	2	0	
1.999714E-7	2	0	
1.986857E-7	2	0	
1.940571E-7	2	0	
1.944857E-7	2	0	
2.009143E-7	2	0	
1.932000E-7	2	0	
2.016000E-7	2	0	
1.949143E-7	2	0	
1.333946E-5	3	0	
1.575566E-5	3	0	
1.565683E-5	3	0	
9.439714E-7	1	0	
2.167714E-7	1	0	
2.122286E-7	1	0	
2.105143E-7	1	0	
2.104286E-7	1	0	
2.192571E-7	1	0	
2.106000E-7	1	0	
2.107714E-7	1	0	
2.139429E-7	1	0	
2.068286E-7	1	0	
2.100000E-7	1	0	
2.097429E-7	1	0	
-1.290060E-5	4	0	
-1.531843E-5	4	0	
-1.521189E-5	4	0	
-5.464286E-7	2	0	
1.998857E-7	2	0	
1.932000E-7	2	0	
1.991143E-7	2	0	
1.936286E-7	2	0	
1.966286E-7	2	0	
1.966286E-7	2	0	
1.998857E-7	2	0	
2.019429E-7	2	0	
1.992000E-7	2	0	
2.037429E-7	2	0	
2.073429E-7	2	0	
1.333877E-5	3	0	
1.576474E-5	3	0	
1.566411E-5	3	0	
9.504000E-7	1	0	
2.241429E-7	1	0	
2.204571E-7	1	0	
2.202000E-7	1	0	
2.148000E-7	1	0	
2.143714E-7	1	0	
2.167714E-7	1	0	
2.181429E-7	1	0	
2.166857E-7	1	0	
2.114571E-7	1	0	
2.082857E-7	1	0	
2.161714E-7	1	0	
-1.288551E-5	4	0	
-1.531114E-5	4	0	
-1.521086E-5	4	0	
-5.392286E-7	2	0	
2.045143E-7	2	0	
2.032286E-7	2	0	
2.033143E-7	2	0	
2.036571E-7	2	0	
2.077714E-7	2	0	
2.117143E-7	2	0	
2.057143E-7	2	0	
2.046857E-7	2	0	
2.064000E-7	2	0	
2.052000E-7	2	0	
2.133429E-7	2	0	
1.333809E-5	3	0	
1.577657E-5	3	0	
1.566849E-5	3	0	
9.516857E-7	1	0	
2.297143E-7	1	0	
2.255143E-7	1	0	
2.258571E-7	1	0	
2.214000E-7	1	0	
2.227714E-7	1	0	
2.234571E-7	1	0	
2.313429E-7	1	0	
2.197714E-7	1	0	
2.168571E-7	1	0	
2.179714E-7	1	0	
2.227714E-7	1	0	
-1.288046E-5	4	0	
-1.530660E-5	4	0	
-1.519826E-5	4	0	
-5.361429E-7	2	0	
2.083714E-7	2	0	
1.995429E-7	2	0	
2.175429E-7	2	0	
2.086286E-7	2	0	
2.115429E-7	2	0	
2.148857E-7	2	0	
2.185714E-7	2	0	
2.112857E-7	2	0	
2.143714E-7	2	0	
2.045143E-7	2	0	
2.171143E-7	2	0	
1.334751E-5	3	0	
1.577254E-5	3	0	
1.566463E-5	3	0	
9.571714E-7	1	0	
2.286857E-7	1	0	
2.329714E-7	1	0	
2.299714E-7	1	0	
2.358000E-7	1	0	
2.245714E-7	1	0	
2.272286E-7	1	0	
2.292000E-7	1	0	
2.237143E-7	1	0	
2.210571E-7	1	0	
2.250857E-7	1	0	
2.343429E-7	1	0	
-1.288200E-5	4	0	
-1.529237E-5	4	0	
-1.520186E-5	4	0	
-5.250000E-7	2	0	
2.127429E-7	2	0	
2.084571E-7	2	0	
2.129143E-7	2	0	
2.131714E-7	2	0	
2.216571E-7	2	0	
2.210571E-7	2	0	
2.137714E-7	2	0	
2.100000E-7	2	0	
2.203714E-7	2	0	
2.165143E-7	2	0	
2.157429E-7	2	0	
1.335171E-5	3	0	
1.578300E-5	3	0	
1.567209E-5	3	0	
9.670286E-7	1	0	
2.362286E-7	1	0	
2.387143E-7	1	0	
2.340857E-7	1	0	
2.394857E-7	1	0	
2.333143E-7	1	0	
2.333143E-7	1	0	
2.318571E-7	1	0	
2.322000E-7	1	0	
2.409429E-7	1	0	
2.328000E-7	1	0	
2.333143E-7	1	0	
-1.287231E-5	4	0	
-1.528354E-5	4	0	
-1.518797E-5	4	0	
-5.170286E-7	2	0	
2.214000E-7	2	0	
2.231143E-7	2	0	
2.240571E-7	2	0	
2.203714E-7	2	0	
2.291143E-7	2	0	
2.262000E-7	2	0	
2.298857E-7	2	0	
2.242286E-7	2	0	
2.166857E-7	2	0	
2.280000E-7	2	0	
2.310000E-7	2	0	
1.336997E-5	3	0	
1.578840E-5	3	0	
1.569283E-5	3	0	
9.744000E-7	1	0	
2.496000E-7	1	0	
2.402571E-7	1	0	
2.448000E-7	1	0	
2.430000E-7	1	0	
2.414571E-7	1	0	
2.336571E-7	1	0	
2.422286E-7	1	0	
2.386286E-7	1	0	
2.420571E-7	1	0	
2.471143E-7	1	0	
2.443714E-7	1	0	
-1.285971E-5	4	0	
-1.528303E-5	4	0	
-1.518617E-5	4	0	
-5.119714E-7	2	0	
2.250000E-7	2	0	
2.309143E-7	2	0	
2.307429E-7	2	0	
2.309143E-7	2	0	
2.286857E-7	2	0	
2.320286E-7	2	0	
2.347714E-7	2	0	
2.356286E-7	2	0	
2.359714E-7	2	0	
2.296286E-7	2	0	
2.392286E-7	2	0	
1.336646E-5	3	0	
1.579860E-5	3	0	
1.569326E-5	3	0	
9.928286E-7	1	0	
2.508000E-7	1	0	
2.563714E-7	1	0	
2.497714E-7	1	0	
2.538000E-7	1	0	
2.467714E-7	1	0	
2.519143E-7	1	0	
2.528571E-7	1	0	
2.507143E-7	1	0	
2.587714E-7	1	0	
2.442000E-7	1	0	
2.526000E-7	1	0	
-1.285406E-5	4	0	
-1.527771E-5	4	0	
-1.517331E-5	4	0	
-4.980000E-7	2	0	
2.346857E-7	2	0	
2.371714E-7	2	0	
2.459143E-7	2	0	
2.421429E-7	2	0	
2.398286E-7	2	0	
2.422286E-7	2	0	
2.363143E-7	2	0	
2.430000E-7	2	0	
2.461714E-7	2	0	
2.434286E-7	2	0	
2.367429E-7	2	0	
1.337151E-5	3	0	
1.580511E-5	3	0	
1.569197E-5	3	0	
9.990000E-7	1	0	
2.584286E-7	1	0	
2.647714E-7	1	0	
2.544000E-7	1	0	
2.545714E-7	1	0	
2.524286E-7	1	0	
2.506286E-7	1	0	
2.446286E-7	1	0	
2.542286E-7	1	0	
2.483143E-7	1	0	
2.555143E-7	1	0	
2.564571E-7	1	0	
-1.285071E-5	4	0	
-1.526409E-5	4	0	
-1.517589E-5	4	0	
-4.964571E-7	2	0	
2.438571E-7	2	0	
2.527714E-7	2	0	
2.489143E-7	2	0	
2.496857E-7	2	0	
2.450571E-7	2	0	
2.530286E-7	2	0	
2.481429E-7	2	0	
2.494286E-7	2	0	
2.593714E-7	2	0	
2.445429E-7	2	0	
2.487429E-7	2	0	
1.338780E-5	3	0	
1.581471E-5	3	0	
1.570286E-5	3	0	
9.981429E-7	1	0	
2.694857E-7	1	0	
2.624571E-7	1	0	
2.674286E-7	1	0	
2.709429E-7	1	0	
2.625429E-7	1	0	
2.642571E-7	1	0	
2.598000E-7	1	0	
2.639143E-7	1	0	
2.660571E-7	1	0	
2.647714E-7	1	0	
2.689714E-7	1	0	
-1.284206E-5	4	0	
-1.526246E-5	4	0	
-1.516157E-5	4	0	
-4.890000E-7	2	0	
2.453143E-7	2	0	
2.543143E-7	2	0	
2.434286E-7	2	0	
2.528571E-7	2	0	
2.531143E-7	2	0	
2.538857E-7	2	0	
2.551714E-7	2	0	
2.559429E-7	2	0	
2.571429E-7	2	0	
2.594571E-7	2	0	
2.568000E-7	2	0	
1.339894E-5	3	0	
1.582560E-5	3	0	
1.571134E-5	3	0	
1.003286E-6	1	0	
2.792571E-7	1	0	
2.756571E-7	1	0	
2.713714E-7	1	0	
2.723143E-7	1	0	
2.738571E-7	1	0	
2.704286E-7	1	0	
2.740286E-7	1	0	
2.739429E-7	1	0	
2.767714E-7	1	0	
2.687143E-7	1	0	
2.699143E-7	1	0	
-1.283246E-5	4	0	
-1.526160E-5	4	0	
-1.515797E-5	4	0	
-4.824000E-7	2	0	
2.622000E-7	2	0	
2.539714E-7	2	0	
2.616000E-7	2	0	
2.575714E-7	2	0	
2.597143E-7	2	0	
2.560286E-7	2	0	
2.674286E-7	2	0	
2.656286E-7	2	0	
2.617714E-7	2	0	
2.598000E-7	2	0	
2.581714E-7	2	0	
1.340194E-5	3	0	
1.582363E-5	3	0	
1.571700E-5	3	0	
1.007143E-6	1	0	
2.762571E-7	1	0	
2.790857E-7	1	0	
2.800286E-7	1	0	
2.790857E-7	1	0	
2.712857E-7	1	0	
2.764286E-7	1	0	
2.841429E-7	1	0	
2.731714E-7	1	0	
2.789143E-7	1	0	
2.764286E-7	1	0	
2.760857E-7	1	0	
-1.283280E-5	4	0	
-1.525106E-5	4	0	
-1.515309E-5	4	0	
-4.673143E-7	2	0	
2.520857E-7	2	0	
2.634000E-7	2	0	
2.643429E-7	2	0	
2.688857E-7	2	0	
2.731714E-7	2	0	
2.738571E-7	2	0	
2.670857E-7	2	0	
2.714571E-7	2	0	
2.718000E-7	2	0	
2.779714E-7	2	0	
2.774571E-7	2	0	
1.341883E-5	3	0	
1.583914E-5	3	0	
1.573423E-5	3	0	
1.024114E-6	1	0	
2.994857E-7	1	0	
2.930571E-7	1	0	
2.855143E-7	1	0	
2.860286E-7	1	0	
2.925429E-7	1	0	
2.919429E-7	1	0	
2.873143E-7	1	0	
2.903143E-7	1	0	
2.929714E-7	1	0	
2.973429E-7	1	0	
2.917714E-7	1	0	
-1.281317E-5	4	0	
-1.523229E-5	4	0	
-1.513851E-5	4	0	
-4.681714E-7	2	0	
2.714571E-7	2	0	
2.750571E-7	2	0	
2.735143E-7	2	0	
2.779714E-7	2	0	
2.810571E-7	2	0	
2.790857E-7	2	0	
2.862000E-7	2	0	
2.818286E-7	2	0	
2.910000E-7	2	0	
2.778857E-7	2	0	
2.808000E-7	2	0	
1.341883E-5	3	0	
1.584471E-5	3	0	
1.574066E-5	3	0	
1.037143E-6	1	0	
2.987143E-7	1	0	
2.976000E-7	1	0	
2.990571E-7	1	0	
2.970857E-7	1	0	
2.984571E-7	1	0	
2.971714E-7	1	0	
2.943429E-7	1	0	
3.010286E-7	1	0	
2.924571E-7	1	0	
2.899714E-7	1	0	
2.940000E-7	1	0	
-1.281411E-5	4	0	
-1.524043E-5	4	0	
-1.513817E-5	4	0	
-4.674000E-7	2	0	
2.714571E-7	2	0	
2.696571E-7	2	0	
2.817429E-7	2	0	
2.726571E-7	2	0	
2.789143E-7	2	0	
2.761714E-7	2	0	
2.755714E-7	2	0	
2.813143E-7	2	0	
2.801143E-7	2	0	
2.742857E-7	2	0	
2.764286E-7	2	0	
1.341266E-5	3	0	
1.583769E-5	3	0	
1.573303E-5	3	0	
1.014257E-6	1	0	
2.954571E-7	1	0	
2.999143E-7	1	0	
2.955429E-7	1	0	
2.880000E-7	1	0	
2.851714E-7	1	0	
2.816571E-7	1	0	
2.972571E-7	1	0	
2.773714E-7	1	0	
2.870571E-7	1	0	
2.870571E-7	1	0	
2.845714E-7	1	0	
-1.282714E-5	4	0	
-1.524986E-5	4	0	
-1.513894E-5	4	0	
-4.633714E-7	2	0	
2.643429E-7	2	0	
2.732571E-7	2	0	
2.688857E-7	2	0	
2.664000E-7	2	0	
2.747143E-7	2	0	
2.727429E-7	2	0	
2.645143E-7	2	0	
2.687143E-7	2	0	
2.698286E-7	2	0	
2.629714E-7	2	0	
2.643429E-7	2	0	
1.340717E-5	3	0	
1.582406E-5	3	0	
1.572506E-5	3	0	
1.022057E-6	1	0	
2.813143E-7	1	0	
2.874000E-7	1	0	
2.729143E-7	1	0	
2.772857E-7	1	0	
2.823429E-7	1	0	
2.806286E-7	1	0	
2.781429E-7	1	0	
2.812286E-7	1	0	
2.722286E-7	1	0	
2.716286E-7	1	0	
2.729143E-7	1	0	
-1.283597E-5	4	0	
-1.525140E-5	4	0	
-1.516097E-5	4	0	
-4.719429E-7	2	0	
2.476286E-7	2	0	
2.596286E-7	2	0	
2.550000E-7	2	0	
2.506286E-7	2	0	
2.538857E-7	2	0	
2.538857E-7	2	0	
2.559429E-7	2	0	
2.551714E-7	2	0	
2.570571E-7	2	0	
2.650286E-7	2	0	
2.606571E-7	2	0	
1.339851E-5	3	0	
1.582414E-5	3	0	
1.571057E-5	3	0	
1.008600E-6	1	0	
2.768571E-7	1	0	
2.740286E-7	1	0	
2.750571E-7	1	0	
2.725714E-7	1	0	
2.724857E-7	1	0	
2.706000E-7	1	0	
2.680286E-7	1	0	
2.662286E-7	1	0	
2.716286E-7	1	0	
2.665714E-7	1	0	
2.607429E-7	1	0	
-1.283803E-5	4	0	
-1.526246E-5	4	0	
-1.516217E-5	4	0	
-4.831714E-7	2	0	
2.429143E-7	2	0	
2.558571E-7	2	0	
2.555143E-7	2	0	
2.536286E-7	2	0	
2.516571E-7	2	0	
2.579143E-7	2	0	
2.562000E-7	2	0	
2.517429E-7	2	0	
2.565429E-7	2	0	
2.523429E-7	2	0	
2.495143E-7	2	0	
1.338780E-5	3	0	
1.581883E-5	3	0	
1.571691E-5	3	0	
1.005857E-6	1	0	
2.738571E-7	1	0	
2.715429E-7	1	0	
2.694000E-7	1	0	
2.772000E-7	1	0	
2.650286E-7	1	0	
2.640857E-7	1	0	
2.658857E-7	1	0	
2.644286E-7	1	0	
2.682000E-7	1	0	
2.660571E-7	1	0	
2.670000E-7	1	0	
-1.284446E-5	4	0	
-1.526717E-5	4	0	
-1.515960E-5	4	0	
-4.859143E-7	2	0	
2.502857E-7	2	0	
2.438571E-7	2	0	
2.464286E-7	2	0	
2.435143E-7	2	0	
2.550857E-7	2	0	
2.527714E-7	2	0	
2.536286E-7	2	0	
2.611714E-7	2	0	
2.531143E-7	2	0	
2.495143E-7	2	0	
2.575714E-7	2	0	
1.338874E-5	3	0	
1.582149E-5	3	0	
1.571426E-5	3	0	
1.005943E-6	1	0	
2.762571E-7	1	0	
2.637429E-7	1	0	
2.635714E-7	1	0	
2.593714E-7	1	0	
2.665714E-7	1	0	
2.649429E-7	1	0	
2.640857E-7	1	0	
2.691429E-7	1	0	
2.609143E-7	1	0	
2.640857E-7	1	0	
2.541429E-7	1	0	
-1.284266E-5	4	0	
-1.526246E-5	4	0	
-1.516620E-5	4	0	
-4.977429E-7	2	0	
2.439429E-7	2	0	
2.453143E-7	2	0	
2.431714E-7	2	0	
2.419714E-7	2	0	
2.397429E-7	2	0	
2.480571E-7	2	0	
2.474571E-7	2	0	
2.497714E-7	2	0	
2.516571E-7	2	0	
2.543143E-7	2	0	
2.426571E-7	2	0	
1.338309E-5	3	0	
1.581309E-5	3	0	
1.570149E-5	3	0	
9.947143E-7	1	0	
2.598000E-7	1	0	
2.628857E-7	1	0	
2.611714E-7	1	0	
2.687143E-7	1	0	
2.501143E-7	1	0	
2.607429E-7	1	0	
2.551714E-7	1	0	
2.616857E-7	1	0	
2.545714E-7	1	0	
2.649429E-7	1	0	
2.559429E-7	1	0	
-1.284300E-5	4	0	
-1.527034E-5	4	0	
-1.515454E-5	4	0	
-4.931143E-7	2	0	
2.436857E-7	2	0	
2.368286E-7	2	0	
2.467714E-7	2	0	
2.467714E-7	2	0	
2.437714E-7	2	0	
2.466000E-7	2	0	
2.409429E-7	2	0	
2.457429E-7	2	0	
2.487429E-7	2	0	
2.496857E-7	2	0	
2.464286E-7	2	0	
1.338566E-5	3	0	
1.581566E-5	3	0	
1.570654E-5	3	0	
9.952286E-7	1	0	
2.608286E-7	1	0	
2.575714E-7	1	0	
2.616000E-7	1	0	
2.587714E-7	1	0	
2.651143E-7	1	0	
2.632286E-7	1	0	
2.548286E-7	1	0	
2.584286E-7	1	0	
2.590286E-7	1	0	
2.633143E-7	1	0	
2.651143E-7	1	0	
-1.284951E-5	4	0	
-1.525809E-5	4	0	
-1.516731E-5	4	0	
-4.883143E-7	2	0	
2.373429E-7	2	0	
2.418857E-7	2	0	
2.457429E-7	2	0	
2.394000E-7	2	0	
2.451429E-7	2	0	
2.534571E-7	2	0	
2.590286E-7	2	0	
2.562000E-7	2	0	
2.538000E-7	2	0	
2.505429E-7	2	0	
2.457429E-7	2	0	
1.339063E-5	3	0	
1.580957E-5	3	0	
1.570080E-5	3	0	
9.999429E-7	1	0	
2.682857E-7	1	0	
2.594571E-7	1	0	
2.644286E-7	1	0	
2.634000E-7	1	0	
2.559429E-7	1	0	
2.605714E-7	1	0	
2.664857E-7	1	0	
2.562000E-7	1	0	
2.589429E-7	1	0	
2.615143E-7	1	0	
2.594571E-7	1	0	
-1.284300E-5	4	0	
-1.526829E-5	4	0	
-1.516723E-5	4	0	
-4.926000E-7	2	0	
2.374286E-7	2	0	
2.346857E-7	2	0	
2.433429E-7	2	0	
2.354571E-7	2	0	
2.504571E-7	2	0	
2.462571E-7	2	0	
2.497714E-7	2	0	
2.467714E-7	2	0	
2.487429E-7	2	0	
2.527714E-7	2	0	
2.468571E-7	2	0	
1.338874E-5	3	0	
1.580914E-5	3	0	
1.570303E-5	3	0	
9.980571E-7	1	0	
2.628857E-7	1	0	
2.633143E-7	1	0	
2.658000E-7	1	0	
2.654571E-7	1	0	
2.656286E-7	1	0	
2.637429E-7	1	0	
2.603143E-7	1	0	
2.640857E-7	1	0	
2.614286E-7	1	0	
2.627143E-7	1	0	
2.508857E-7	1	0	
-1.284797E-5	4	0	
-1.526254E-5	4	0	
-1.516826E-5	4	0	
-4.919143E-7	2	0	
2.417143E-7	2	0	
2.463429E-7	2	0	
2.452286E-7	2	0	
2.480571E-7	2	0	
2.555143E-7	2	0	
2.502857E-7	2	0	
2.539714E-7	2	0	
2.532857E-7	2	0	
2.466000E-7	2	0	
2.512286E-7	2	0	
2.542286E-7	2	0	
1.339226E-5	3	0	
1.581403E-5	3	0	
1.571169E-5	3	0	
9.999429E-7	1	0	
2.760857E-7	1	0	
2.665714E-7	1	0	
2.694000E-7	1	0	
2.623714E-7	1	0	
2.689714E-7	1	0	
2.694000E-7	1	0	
2.742000E-7	1	0	
2.647714E-7	1	0	
2.699143E-7	1	0	
2.682000E-7	1	0	
2.774571E-7	1	0	
-1.283666E-5	4	0	
-1.526246E-5	4	0	
-1.516937E-5	4	0	
-4.795714E-7	2	0	
2.503714E-7	2	0	
2.532857E-7	2	0	
2.520857E-7	2	0	
2.590286E-7	2	0	
2.608286E-7	2	0	
2.608286E-7	2	0	
2.590286E-7	2	0	
2.570571E-7	2	0	
2.614286E-7	2	0	
2.577429E-7	2	0	
2.543143E-7	2	0	
1.339251E-5	3	0	
1.582337E-5	3	0	
1.571760E-5	3	0	
1.009371E-6	1	0	
2.830286E-7	1	0	
2.713714E-7	1	0	
2.751429E-7	1	0	
2.766857E-7	1	0	
2.802000E-7	1	0	
2.754000E-7	1	0	
2.767714E-7	1	0	
2.730857E-7	1	0	
2.761714E-7	1	0	
2.758286E-7	1	0	
2.730857E-7	1	0	
-1.284000E-5	4	0	
-1.525517E-5	4	0	
-1.515386E-5	4	0	
-4.777714E-7	2	0	
2.546571E-7	2	0	
2.568857E-7	2	0	
2.585143E-7	2	0	
2.607429E-7	2	0	
2.688857E-7	2	0	
2.659714E-7	2	0	
2.644286E-7	2	0	
2.591143E-7	2	0	
2.645143E-7	2	0	
2.598000E-7	2	0	
2.661429E-7	2	0	
1.340469E-5	3	0	
1.582886E-5	3	0	
1.571649E-5	3	0	
1.013657E-6	1	0	
2.856000E-7	1	0	
2.788286E-7	1	0	
2.760857E-7	1	0	
2.783143E-7	1	0	
2.784857E-7	1	0	
2.755714E-7	1	0	
2.742857E-7	1	0	
2.786571E-7	1	0	
2.779714E-7	1	0	
2.750571E-7	1	0	
2.782286E-7	1	0	
-1.283349E-5	4	0	
-1.525243E-5	4	0	
-1.515206E-5	4	0	
-4.751143E-7	2	0	
2.615143E-7	2	0	
2.652000E-7	2	0	
2.662286E-7	2	0	
2.657143E-7	2	0	
2.728286E-7	2	0	
2.645143E-7	2	0	
2.725714E-7	2	0	
2.645143E-7	2	0	
2.703429E-7	2	0	
2.699143E-7	2	0	
2.754857E-7	2	0	
1.340657E-5	3	0	
1.583503E-5	3	0	
1.572583E-5	3	0	
1.018800E-6	1	0	
2.904000E-7	1	0	
2.899714E-7	1	0	
2.788286E-7	1	0	
2.841429E-7	1	0	
2.814857E-7	1	0	
2.814000E-7	1	0	
2.784000E-7	1	0	
2.838000E-7	1	0	
2.802857E-7	1	0	
2.906571E-7	1	0	
2.814000E-7	1	0	
-1.281711E-5	4	0	
-1.524737E-5	4	0	
-1.514434E-5	4	0	
-4.686857E-7	2	0	
2.579143E-7	2	0	
2.752286E-7	2	0	
2.683714E-7	2	0	
2.744571E-7	2	0	
2.738571E-7	2	0	
2.664000E-7	2	0	
2.693143E-7	2	0	
2.705143E-7	2	0	
2.732571E-7	2	0	
2.694857E-7	2	0	
2.740286E-7	2	0	
1.341806E-5	3	0	
1.584694E-5	3	0	
1.572917E-5	3	0	
1.019314E-6	1	0	
2.887714E-7	1	0	
2.918571E-7	1	0	
2.850857E-7	1	0	
2.916000E-7	1	0	
2.844857E-7	1	0	
2.807143E-7	1	0	
2.821714E-7	1	0	
2.880857E-7	1	0	
2.746286E-7	1	0	
2.843143E-7	1	0	
2.844000E-7	1	0	
-1.283434E-5	4	0	
-1.524840E-5	4	0	
-1.514177E-5	4	0	
-4.707429E-7	2	0	
2.579143E-7	2	0	
2.680286E-7	2	0	
2.730000E-7	2	0	
2.735143E-7	2	0	
2.713714E-7	2	0	
2.633143E-7	2	0	
2.604000E-7	2	0	
2.670857E-7	2	0	
2.671714E-7	2	0	
2.750571E-7	2	0	
2.766000E-7	2	0	
1.340220E-5	3	0	
1.583031E-5	3	0	
1.572514E-5	3	0	
1.014686E-6	1	0	
2.827714E-7	1	0	
2.845714E-7	1	0	
2.836286E-7	1	0	
2.909143E-7	1	0	
2.815714E-7	1	0	
2.772857E-7	1	0	
2.794286E-7	1	0	
2.789143E-7	1	0	
2.825143E-7	1	0	
2.721429E-7	1	0	
2.726571E-7	1	0	
-1.283263E-5	4	0	
-1.524240E-5	4	0	
-1.514863E-5	4	0	
-4.717714E-7	2	0	
2.580857E-7	2	0	
2.652857E-7	2	0	
2.630571E-7	2	0	
2.612571E-7	2	0	
2.551714E-7	2	0	
2.610857E-7	2	0	
2.670857E-7	2	0	
2.658857E-7	2	0	
2.635714E-7	2	0	
2.604857E-7	2	0	
2.680286E-7	2	0	
1.340349E-5	3	0	
1.582423E-5	3	0	
1.571529E-5	3	0	
1.007829E-6	1	0	
2.810571E-7	1	0	
2.799429E-7	1	0	
2.805429E-7	1	0	
2.810571E-7	1	0	
2.763429E-7	1	0	
2.771143E-7	1	0	
2.754857E-7	1	0	
2.766000E-7	1	0	
2.807143E-7	1	0	
2.834571E-7	1	0	
2.720571E-7	1	0	
-1.282860E-5	4	0	
-1.525226E-5	4	0	
-1.514760E-5	4	0	
-4.776000E-7	2	0	
2.562857E-7	2	0	
2.630571E-7	2	0	
2.617714E-7	2	0	
2.625429E-7	2	0	
2.624571E-7	2	0	
2.637429E-7	2	0	
2.663143E-7	2	0	
2.694000E-7	2	0	
2.659714E-7	2	0	
2.680286E-7	2	0	
2.695714E-7	2	0	
1.340117E-5	3	0	
1.582783E-5	3	0	
1.571674E-5	3	0	
1.018029E-6	1	0	
2.862857E-7	1	0	
2.868857E-7	1	0	
2.847429E-7	1	0	
2.867143E-7	1	0	
2.864571E-7	1	0	
2.776286E-7	1	0	
2.750571E-7	1	0	
2.802857E-7	1	0	
2.858571E-7	1	0	
2.775429E-7	1	0	
2.821714E-7	1	0	
-1.282629E-5	4	0	
-1.524926E-5	4	0	
-1.514434E-5	4	0	
-4.725429E-7	2	0	
2.710286E-7	2	0	
2.597143E-7	2	0	
2.664857E-7	2	0	
2.558571E-7	2	0	
2.616857E-7	2	0	
2.622000E-7	2	0	
2.629714E-7	2	0	
2.678571E-7	2	0	
2.730857E-7	2	0	
2.711143E-7	2	0	
2.621143E-7	2	0	
1.340134E-5	3	0	
1.582466E-5	3	0	
1.571520E-5	3	0	
1.014514E-6	1	0	
2.844857E-7	1	0	
2.877429E-7	1	0	
2.801143E-7	1	0	
2.765143E-7	1	0	
2.801143E-7	1	0	
2.832000E-7	1	0	
2.808857E-7	1	0	
2.826000E-7	1	0	
2.718000E-7	1	0	
2.819143E-7	1	0	
2.789143E-7	1	0	
-1.283409E-5	4	0	
-1.525946E-5	4	0	
-1.515000E-5	4	0	
-4.800857E-7	2	0	
2.587714E-7	2	0	
2.602286E-7	2	0	
2.674286E-7	2	0	
2.598000E-7	2	0	
2.640857E-7	2	0	
2.708571E-7	2	0	
2.647714E-7	2	0	
2.685429E-7	2	0	
2.571429E-7	2	0	
2.680286E-7	2	0	
2.648571E-7	2	0	
1.339997E-5	3	0	
1.582320E-5	3	0	
1.572600E-5	3	0	
1.009457E-6	1	0	
2.886000E-7	1	0	
2.827714E-7	1	0	
2.843143E-7	1	0	
2.804571E-7	1	0	
2.815714E-7	1	0	
2.783143E-7	1	0	
2.828571E-7	1	0	
2.782286E-7	1	0	
2.835429E-7	1	0	
2.763429E-7	1	0	
2.820000E-7	1	0	
-1.282826E-5	4	0	
-1.524926E-5	4	0	
-1.515146E-5	4	0	
-4.739143E-7	2	0	
2.618571E-7	2	0	
2.606571E-7	2	0	
2.674286E-7	2	0	
2.691429E-7	2	0	
2.744571E-7	2	0	
2.674286E-7	2	0	
2.684571E-7	2	0	
2.658857E-7	2	0	
2.785714E-7	2	0	
2.671714E-7	2	0	
2.654571E-7	2	0	
1.340409E-5	3	0	
1.582680E-5	3	0	
1.573097E-5	3	0	
1.007400E-6	1	0	
2.910857E-7	1	0	
2.875714E-7	1	0	
2.908286E-7	1	0	
2.848286E-7	1	0	
2.820000E-7	1	0	
2.862000E-7	1	0	
2.838857E-7	1	0	
2.820857E-7	1	0	
2.892857E-7	1	0	
2.803714E-7	1	0	
2.801143E-7	1	0	
-1.282851E-5	4	0	
-1.524231E-5	4	0	
-1.514880E-5	4	0	
-4.708286E-7	2	0	
2.603143E-7	2	0	
2.702571E-7	2	0	
2.696571E-7	2	0	
2.710286E-7	2	0	
2.677714E-7	2	0	
2.721429E-7	2	0	
2.729143E-7	2	0	
2.773714E-7	2	0	
2.661429E-7	2	0	
2.784857E-7	2	0	
2.702571E-7	2	0	
1.342226E-5	3	0	
1.583374E-5	3	0	
1.573346E-5	3	0	
1.019229E-6	1	0	
2.913429E-7	1	0	
2.928857E-7	1	0	
2.852571E-7	1	0	
2.870571E-7	1	0	
2.872286E-7	1	0	
2.922857E-7	1	0	
2.855143E-7	1	0	
2.828571E-7	1	0	
2.831143E-7	1	0	
2.847429E-7	1	0	
2.883429E-7	1	0	
-1.282757E-5	4	0	
-1.523811E-5	4	0	
-1.514683E-5	4	0	
-4.662000E-7	2	0	
2.695714E-7	2	0	
2.649429E-7	2	0	
2.727429E-7	2	0	
2.739429E-7	2	0	
2.687143E-7	2	0	
2.704286E-7	2	0	
2.722286E-7	2	0	
2.684571E-7	2	0	
2.717143E-7	2	0	
2.671714E-7	2	0	
2.756571E-7	2	0	
1.341180E-5	3	0	
1.583726E-5	3	0	
1.572960E-5	3	0	
1.012114E-6	1	0	
2.881714E-7	1	0	
2.919429E-7	1	0	
2.878286E-7	1	0	
2.803714E-7	1	0	
2.826857E-7	1	0	
2.851714E-7	1	0	
2.802857E-7	1	0	
2.857714E-7	1	0	
2.799429E-7	1	0	
2.798571E-7	1	0	
2.813143E-7	1	0	
-1.282594E-5	4	0	
-1.524129E-5	4	0	
-1.514203E-5	4	0	
-4.681714E-7	2	0	
2.678571E-7	2	0	
2.659714E-7	2	0	
2.671714E-7	2	0	
2.753143E-7	2	0	
2.712000E-7	2	0	
2.712857E-7	2	0	
2.681143E-7	2	0	
2.716286E-7	2	0	
2.670857E-7	2	0	
2.759143E-7	2	0	
2.717143E-7	2	0	
1.341840E-5	3	0	
1.583614E-5	3	0	
1.573500E-5	3	0	
1.015971E-6	1	0	
2.841429E-7	1	0	
2.922000E-7	1	0	
2.889429E-7	1	0	
2.832000E-7	1	0	
2.866286E-7	1	0	
2.864571E-7	1	0	
2.828571E-7	1	0	
2.823429E-7	1	0	
2.854286E-7	1	0	
2.852571E-7	1	0	
2.795143E-7	1	0	
-1.282860E-5	4	0	
-1.524651E-5	4	0	
-1.514829E-5	4	0	
-4.681714E-7	2	0	
2.654571E-7	2	0	
2.664857E-7	2	0	
2.638286E-7	2	0	
2.736000E-7	2	0	
2.700857E-7	2	0	
2.731714E-7	2	0	
2.626286E-7	2	0	
2.678571E-7	2	0	
2.675143E-7	2	0	
2.617714E-7	2	0	
2.658857E-7	2	0	
1.340589E-5	3	0	
1.582329E-5	3	0	
1.571614E-5	3	0	
1.010486E-6	1	0	
2.860286E-7	1	0	
2.811429E-7	1	0	
2.842286E-7	1	0	
2.784000E-7	1	0	
2.814857E-7	1	0	
2.800286E-7	1	0	
2.780571E-7	1	0	
2.787429E-7	1	0	
2.776286E-7	1	0	
2.745429E-7	1	0	
2.772000E-7	1	0	
-1.283100E-5	4	0	
-1.524351E-5	4	0	
-1.514537E-5	4	0	
-4.806000E-7	2	0	
2.658857E-7	2	0	
2.608286E-7	2	0	
2.682857E-7	2	0	
2.647714E-7	2	0	
2.635714E-7	2	0	
2.648571E-7	2	0	
2.721429E-7	2	0	
2.678571E-7	2	0	
2.686286E-7	2	0	
2.610857E-7	2	0	
2.652857E-7	2	0	
1.339414E-5	3	0	
1.582894E-5	3	0	
1.572309E-5	3	0	
1.014343E-6	1	0	
2.854286E-7	1	0	
2.856000E-7	1	0	
2.786571E-7	1	0	
2.733429E-7	1	0	
2.748000E-7	1	0	
2.744571E-7	1	0	
2.779714E-7	1	0	
2.790000E-7	1	0	
2.760000E-7	1	0	
2.744571E-7	1	0	
2.742000E-7	1	0	
-1.283383E-5	4	0	
-1.525577E-5	4	0	
-1.514957E-5	4	0	
-4.802571E-7	2	0	
2.574857E-7	2	0	
2.568857E-7	2	0	
2.642571E-7	2	0	
2.554286E-7	2	0	
2.571429E-7	2	0	
2.565429E-7	2	0	
2.705143E-7	2	0	
2.619429E-7	2	0	
2.577429E-7	2	0	
2.584286E-7	2	0	
2.696571E-7	2	0	
1.340734E-5	3	0	
1.582569E-5	3	0	
1.571854E-5	3	0	
1.005600E-6	1	0	
2.836286E-7	1	0	
2.784857E-7	1	0	
2.763429E-7	1	0	
2.814000E-7	1	0	
2.665714E-7	1	0	
2.844857E-7	1	0	
2.785714E-7	1	0	
2.748857E-7	1	0	
2.759143E-7	1	0	
2.772857E-7	1	0	
2.724857E-7	1	0	
-1.283400E-5	4	0	
-1.525877E-5	4	0	
-1.515531E-5	4	0	
-4.730571E-7	2	0	
2.507143E-7	2	0	
2.521714E-7	2	0	
2.573143E-7	2	0	
2.584286E-7	2	0	
2.586000E-7	2	0	
2.638286E-7	2	0	
2.580857E-7	2	0	
2.653714E-7	2	0	
2.614286E-7	2	0	
2.658000E-7	2	0	
2.658000E-7	2	0	
1.340040E-5	3	0	
1.582791E-5	3	0	
1.571546E-5	3	0	
1.007486E-6	1	0	
2.751429E-7	1	0	
2.809714E-7	1	0	
2.814000E-7	1	0	
2.784857E-7	1	0	
2.738571E-7	1	0	
2.736000E-7	1	0	
2.755714E-7	1	0	
2.710286E-7	1	0	
2.751429E-7	1	0	
2.757429E-7	1	0	
2.707714E-7	1	0	
-1.282706E-5	4	0	
-1.525577E-5	4	0	
-1.515814E-5	4	0	
-4.744286E-7	2	0	
2.612571E-7	2	0	
2.617714E-7	2	0	
2.594571E-7	2	0	
2.628857E-7	2	0	
2.592857E-7	2	0	
2.629714E-7	2	0	
2.652000E-7	2	0	
2.628000E-7	2	0	
2.622857E-7	2	0	
2.647714E-7	2	0	
2.666571E-7	2	0	
1.340906E-5	3	0	
1.583040E-5	3	0	
1.572703E-5	3	0	
1.015286E-6	1	0	
2.907429E-7	1	0	
2.887714E-7	1	0	
2.847429E-7	1	0	
2.856857E-7	1	0	
2.875714E-7	1	0	
2.876571E-7	1	0	
2.860286E-7	1	0	
2.913429E-7	1	0	
2.762571E-7	1	0	
2.814857E-7	1	0	
2.848286E-7	1	0	
-1.281934E-5	4	0	
-1.523760E-5	4	0	
-1.513997E-5	4	0	
-4.704000E-7	2	0	
2.718857E-7	2	0	
2.744571E-7	2	0	
2.757429E-7	2	0	
2.815714E-7	2	0	
2.747143E-7	2	0	
2.730857E-7	2	0	
2.671714E-7	2	0	
2.718000E-7	2	0	
2.814000E-7	2	0	
2.782286E-7	2	0	
2.758286E-7	2	0	
1.341360E-5	3	0	
1.584403E-5	3	0	
1.573397E-5	3	0	
1.031743E-6	1	0	
2.970857E-7	1	0	
2.825143E-7	1	0	
3.038571E-7	1	0	
2.994000E-7	1	0	
2.919429E-7	1	0	
2.930571E-7	1	0	
2.840571E-7	1	0	
2.934857E-7	1	0	
2.877429E-7	1	0	
2.911714E-7	1	0	
2.819143E-7	1	0	
-1.281557E-5	4	0	
-1.524086E-5	4	0	
-1.513526E-5	4	0	
-4.673143E-7	2	0	
2.730857E-7	2	0	
2.807143E-7	2	0	
2.844857E-7	2	0	
2.734286E-7	2	0	
2.802857E-7	2	0	
2.767714E-7	2	0	
2.790000E-7	2	0	
2.754857E-7	2	0	
2.781429E-7	2	0	
2.836286E-7	2	0	
2.784857E-7	2	0	
1.342440E-5	3	0	
1.583760E-5	3	0	
1.573637E-5	3	0	
1.024457E-6	1	0	
2.939143E-7	1	0	
2.962286E-7	1	0	
2.898000E-7	1	0	
2.937429E-7	1	0	
2.920286E-7	1	0	
2.970857E-7	1	0	
2.819143E-7	1	0	
2.833714E-7	1	0	
2.891143E-7	1	0	
2.915143E-7	1	0	
2.897143E-7	1	0	
-1.281266E-5	4	0	
-1.524694E-5	4	0	
-1.513474E-5	4	0	
-4.680000E-7	2	0	
2.672571E-7	2	0	
2.655429E-7	2	0	
2.716286E-7	2	0	
2.757429E-7	2	0	
2.795143E-7	2	0	
2.764286E-7	2	0	
2.748000E-7	2	0	
2.763429E-7	2	0	
2.741143E-7	2	0	
2.718857E-7	2	0	
2.704286E-7	2	0	
1.341249E-5	3	0	
1.582954E-5	3	0	
1.573071E-5	3	0	
1.018886E-6	1	0	
2.827714E-7	1	0	
2.873143E-7	1	0	
2.773714E-7	1	0	
2.790857E-7	1	0	
2.767714E-7	1	0	
2.776286E-7	1	0	
2.790857E-7	1	0	
2.821714E-7	1	0	
2.780571E-7	1	0	
2.784857E-7	1	0	
2.707714E-7	1	0	
-1.282809E-5	4	0	
-1.525929E-5	4	0	
-1.515626E-5	4	0	
-4.834286E-7	2	0	
2.536286E-7	2	0	
2.529429E-7	2	0	
2.591143E-7	2	0	
2.596286E-7	2	0	
2.616857E-7	2	0	
2.522571E-7	2	0	
2.577429E-7	2	0	
2.562000E-7	2	0	
2.616000E-7	2	0	
2.610000E-7	2	0	
2.588571E-7	2	0	
1.340109E-5	3	0	
1.581994E-5	3	0	
1.571717E-5	3	0	
1.006200E-6	1	0	
2.757429E-7	1	0	
2.733429E-7	1	0	
2.678571E-7	1	0	
2.652857E-7	1	0	
2.697429E-7	1	0	
2.658000E-7	1	0	
2.630571E-7	1	0	
2.623714E-7	1	0	
2.599714E-7	1	0	
2.699143E-7	1	0	
2.688000E-7	1	0	
-1.284309E-5	4	0	
-1.526803E-5	4	0	
-1.516706E-5	4	0	
-4.916571E-7	2	0	
2.412000E-7	2	0	
2.477143E-7	2	0	
2.446286E-7	2	0	
2.514000E-7	2	0	
2.478857E-7	2	0	
2.450571E-7	2	0	
2.470286E-7	2	0	
2.467714E-7	2	0	
2.477143E-7	2	0	
2.446286E-7	2	0	
2.485714E-7	2	0	
1.338026E-5	3	0	
1.579869E-5	3	0	
1.570577E-5	3	0	
9.950571E-7	1	0	
2.656286E-7	1	0	
2.637429E-7	1	0	
2.670000E-7	1	0	
2.563714E-7	1	0	
2.673429E-7	1	0	
2.574857E-7	1	0	
2.641714E-7	1	0	
2.533714E-7	1	0	
2.581714E-7	1	0	
2.561143E-7	1	0	
2.602286E-7	1	0	
-1.284549E-5	4	0	
-1.526897E-5	4	0	
-1.516937E-5	4	0	
-4.859143E-7	2	0	
2.401714E-7	2	0	
2.499429E-7	2	0	
2.449714E-7	2	0	
2.451429E-7	2	0	
2.484857E-7	2	0	
2.510571E-7	2	0	
2.445429E-7	2	0	
2.423143E-7	2	0	
2.537143E-7	2	0	
2.529429E-7	2	0	
2.550000E-7	2	0	
1.338729E-5	3	0	
1.580931E-5	3	0	
1.570466E-5	3	0	
9.981429E-7	1	0	
2.790000E-7	1	0	
2.658857E-7	1	0	
2.658857E-7	1	0	
2.627143E-7	1	0	
2.610000E-7	1	0	
2.643429E-7	1	0	
2.639143E-7	1	0	
2.663143E-7	1	0	
2.646000E-7	1	0	
2.608286E-7	1	0	
2.604000E-7	1	0	
-1.283777E-5	4	0	
-1.526306E-5	4	0	
-1.516500E-5	4	0	
-4.922571E-7	2	0	
2.397429E-7	2	0	
2.450571E-7	2	0	
2.520857E-7	2	0	
2.475429E-7	2	0	
2.456571E-7	2	0	
2.459143E-7	2	0	
2.475429E-7	2	0	
2.520000E-7	2	0	
2.514857E-7	2	0	
2.459143E-7	2	0	
2.515714E-7	2	0	
1.339183E-5	3	0	
1.581651E-5	3	0	
1.570783E-5	3	0	
1.001143E-6	1	0	
2.689714E-7	1	0	
2.671714E-7	1	0	
2.737714E-7	1	0	
2.610857E-7	1	0	
2.668286E-7	1	0	
2.639143E-7	1	0	
2.665714E-7	1	0	
2.645143E-7	1	0	
2.647714E-7	1	0	
2.658000E-7	1	0	
2.617714E-7	1	0	
-1.283854E-5	4	0	
-1.525989E-5	4	0	
-1.515763E-5	4	0	
-4.894286E-7	2	0	
2.511429E-7	2	0	
2.536286E-7	2	0	
2.568000E-7	2	0	
2.517429E-7	2	0	
2.496857E-7	2	0	
2.557714E-7	2	0	
2.592857E-7	2	0	
2.555143E-7	2	0	
2.556857E-7	2	0	
2.586000E-7	2	0	
2.511429E-7	2	0	
1.339157E-5	3	0	
1.582277E-5	3	0	
1.571469E-5	3	0	
9.988286E-7	1	0	
2.695714E-7	1	0	
2.665714E-7	1	0	
2.718000E-7	1	0	
2.696571E-7	1	0	
2.696571E-7	1	0	
2.706857E-7	1	0	
2.706857E-7	1	0	
2.670857E-7	1	0	
2.717143E-7	1	0	
2.681143E-7	1	0	
2.717143E-7	1	0	
-1.283803E-5	4	0	
-1.525740E-5	4	0	
-1.515900E-5	4	0	
-4.800000E-7	2	0	
2.472857E-7	2	0	
2.514857E-7	2	0	
2.616000E-7	2	0	
2.544000E-7	2	0	
2.615143E-7	2	0	
2.588571E-7	2	0	
2.569714E-7	2	0	
2.617714E-7	2	0	
2.620286E-7	2	0	
2.642571E-7	2	0	
2.591143E-7	2	0	
1.340246E-5	3	0	
1.582260E-5	3	0	
1.571734E-5	3	0	
1.009200E-6	1	0	
2.808000E-7	1	0	
2.791714E-7	1	0	
2.747143E-7	1	0	
2.749714E-7	1	0	
2.762571E-7	1	0	
2.711143E-7	1	0	
2.737714E-7	1	0	
2.673429E-7	1	0	
2.804571E-7	1	0	
2.733429E-7	1	0	
2.810571E-7	1	0	
-1.283143E-5	4	0	
-1.524703E-5	4	0	
-1.514949E-5	4	0	
-4.717714E-7	2	0	
2.566286E-7	2	0	
2.557714E-7	2	0	
2.586000E-7	2	0	
2.645143E-7	2	0	
2.611714E-7	2	0	
2.631429E-7	2	0	
2.639143E-7	2	0	
2.674286E-7	2	0	
2.673429E-7	2	0	
2.720571E-7	2	0	
2.610000E-7	2	0	
1.340091E-5	3	0	
1.582740E-5	3	0	
1.571409E-5	3	0	
1.009543E-6	1	0	
2.829429E-7	1	0	
2.783143E-7	1	0	
2.814000E-7	1	0	
2.773714E-7	1	0	
2.808000E-7	1	0	
2.712857E-7	1	0	
2.709429E-7	1	0	
2.719714E-7	1	0	
2.736857E-7	1	0	
2.671714E-7	1	0	
2.778000E-7	1	0	
-1.283537E-5	4	0	
-1.525791E-5	4	0	
-1.515711E-5	4	0	
-4.759714E-7	2	0	
2.538000E-7	2	0	
2.644286E-7	2	0	
2.570571E-7	2	0	
2.624571E-7	2	0	
2.578286E-7	2	0	
2.616000E-7	2	0	
2.646000E-7	2	0	
2.614286E-7	2	0	
2.598857E-7	2	0	
2.676000E-7	2	0	
2.653714E-7	2	0	
1.339851E-5	3	0	
1.582234E-5	3	0	
1.572617E-5	3	0	
1.007143E-6	1	0	
2.822571E-7	1	0	
2.768571E-7	1	0	
2.785714E-7	1	0	
2.741143E-7	1	0	
2.750571E-7	1	0	
2.764286E-7	1	0	
2.750571E-7	1	0	
2.749714E-7	1	0	
2.804571E-7	1	0	
2.753143E-7	1	0	
2.777143E-7	1	0	
-1.282980E-5	4	0	
-1.524909E-5	4	0	
-1.515686E-5	4	0	
-4.707429E-7	2	0	
2.556857E-7	2	0	
2.671714E-7	2	0	
2.692286E-7	2	0	
2.664000E-7	2	0	
2.671714E-7	2	0	
2.640000E-7	2	0	
2.647714E-7	2	0	
2.628000E-7	2	0	
2.670000E-7	2	0	
2.706000E-7	2	0	
2.668286E-7	2	0	
1.341120E-5	3	0	
1.582654E-5	3	0	
1.572146E-5	3	0	
1.016400E-6	1	0	
2.871429E-7	1	0	
2.871429E-7	1	0	
2.802857E-7	1	0	
2.829429E-7	1	0	
2.788286E-7	1	0	
2.809714E-7	1	0	
2.850857E-7	1	0	
2.868857E-7	1	0	
2.828571E-7	1	0	
2.826857E-7	1	0	
2.772000E-7	1	0	
-1.282260E-5	4	0	
-1.524309E-5	4	0	
-1.514203E-5	4	0	
-4.744286E-7	2	0	
2.599714E-7	2	0	
2.693143E-7	2	0	
2.688000E-7	2	0	
2.712857E-7	2	0	
2.680286E-7	2	0	
2.698286E-7	2	0	
2.695714E-7	2	0	
2.682000E-7	2	0	
2.725714E-7	2	0	
2.695714E-7	2	0	
2.703429E-7	2	0	
1.340211E-5	3	0	
1.583931E-5	3	0	
1.572523E-5	3	0	
1.017600E-6	1	0	
2.919429E-7	1	0	
2.856000E-7	1	0	
2.892857E-7	1	0	
2.826000E-7	1	0	
2.859429E-7	1	0	
2.890286E-7	1	0	
2.884286E-7	1	0	
2.810571E-7	1	0	
2.886857E-7	1	0	
2.858571E-7	1	0	
2.819143E-7	1	0	
-1.281960E-5	4	0	
-1.524017E-5	4	0	
-1.513886E-5	4	0	
-4.635429E-7	2	0	
2.718857E-7	2	0	
2.782286E-7	2	0	
2.772000E-7	2	0	
2.704286E-7	2	0	
2.745429E-7	2	0	
2.754857E-7	2	0	
2.752286E-7	2	0	
2.778000E-7	2	0	
2.827714E-7	2	0	
2.754857E-7	2	0	
2.758286E-7	2	0	
1.341163E-5	3	0	
1.584266E-5	3	0	
1.573363E-5	3	0	
1.023171E-6	1	0	
2.961429E-7	1	0	
2.936571E-7	1	0	
2.877429E-7	1	0	
2.948571E-7	1	0	
2.972571E-7	1	0	
2.909143E-7	1	0	
2.897143E-7	1	0	
3.007714E-7	1	0	
2.888571E-7	1	0	
2.937429E-7	1	0	
2.874857E-7	1	0	
-1.281540E-5	4	0	
-1.523511E-5	4	0	
-1.513054E-5	4	0	
-4.624286E-7	2	0	
2.742857E-7	2	0	
2.738571E-7	2	0	
2.820000E-7	2	0	
2.854286E-7	2	0	
2.792571E-7	2	0	
2.812286E-7	2	0	
2.792571E-7	2	0	
2.789143E-7	2	0	
2.775429E-7	2	0	
2.936571E-7	2	0	
2.814857E-7	2	0	
1.342449E-5	3	0	
1.584386E-5	3	0	
1.574529E-5	3	0	
1.028657E-6	1	0	
3.058286E-7	1	0	
3.039429E-7	1	0	
2.971714E-7	1	0	
2.950286E-7	1	0	
2.898000E-7	1	0	
2.928857E-7	1	0	
2.871429E-7	1	0	
2.904000E-7	1	0	
2.847429E-7	1	0	
2.901429E-7	1	0	
2.879143E-7	1	0	
-1.281360E-5	4	0	
-1.524557E-5	4	0	
-1.512926E-5	4	0	
-4.623429E-7	2	0	
2.832857E-7	2	0	
2.694000E-7	2	0	
2.739429E-7	2	0	
2.775429E-7	2	0	
2.774571E-7	2	0	
2.772857E-7	2	0	
2.717143E-7	2	0	
2.801143E-7	2	0	
2.768571E-7	2	0	
2.733429E-7	2	0	
2.730000E-7	2	0	
1.341943E-5	3	0	
1.583863E-5	3	0	
1.573131E-5	3	0	
1.015543E-6	1	0	
2.930571E-7	1	0	
2.917714E-7	1	0	
2.909143E-7	1	0	
2.880857E-7	1	0	
2.806286E-7	1	0	
2.900571E-7	1	0	
2.872286E-7	1	0	
2.838857E-7	1	0	
2.927143E-7	1	0	
2.885143E-7	1	0	
2.904000E-7	1	0	
-1.281394E-5	4	0	
-1.523820E-5	4	0	
-1.514460E-5	4	0	
-4.656857E-7	2	0	
2.638286E-7	2	0	
2.676000E-7	2	0	
2.691429E-7	2	0	
2.712000E-7	2	0	
2.804571E-7	2	0	
2.773714E-7	2	0	
2.792571E-7	2	0	
2.773714E-7	2	0	
2.756571E-7	2	0	
2.810571E-7	2	0	
2.837143E-7	2	0	
1.342329E-5	3	0	
1.584309E-5	3	0	
1.573646E-5	3	0	
1.028057E-6	1	0	
2.949429E-7	1	0	
3.002571E-7	1	0	
2.993143E-7	1	0	
3.013714E-7	1	0	
2.943429E-7	1	0	
2.998286E-7	1	0	
2.932286E-7	1	0	
2.985429E-7	1	0	
2.998286E-7	1	0	
2.994857E-7	1	0	
2.938286E-7	1	0	
-1.280571E-5	4	0	
-1.523289E-5	4	0	
-1.513560E-5	4	0	
-4.554857E-7	2	0	
2.762571E-7	2	0	
2.804571E-7	2	0	
2.824286E-7	2	0	
2.906571E-7	2	0	
2.895429E-7	2	0	
2.908286E-7	2	0	
2.877429E-7	2	0	
2.963143E-7	2	0	
2.961429E-7	2	0	
2.976000E-7	2	0	
2.895429E-7	2	0	
1.342997E-5	3	0	
1.585286E-5	3	0	
1.574434E-5	3	0	
1.036629E-6	1	0	
3.119143E-7	1	0	
3.122571E-7	1	0	
3.040286E-7	1	0	
3.072000E-7	1	0	
3.071143E-7	1	0	
3.030857E-7	1	0	
3.038571E-7	1	0	
3.036000E-7	1	0	
3.102000E-7	1	0	
2.988857E-7	1	0	
3.012000E-7	1	0	
-1.280100E-5	4	0	
-1.522123E-5	4	0	
-1.512634E-5	4	0	
-4.482000E-7	2	0	
2.887714E-7	2	0	
2.932286E-7	2	0	
2.870571E-7	2	0	
2.927143E-7	2	0	
2.897143E-7	2	0	
2.928000E-7	2	0	
2.916000E-7	2	0	
2.934857E-7	2	0	
2.978571E-7	2	0	
2.922000E-7	2	0	
2.970857E-7	2	0	
1.342757E-5	3	0	
1.585637E-5	3	0	
1.575274E-5	3	0	
1.033714E-6	1	0	
3.081429E-7	1	0	
3.050571E-7	1	0	
3.087429E-7	1	0	
3.048000E-7	1	0	
3.037714E-7	1	0	
3.070286E-7	1	0	
2.998286E-7	1	0	
3.050571E-7	1	0	
3.044571E-7	1	0	
2.991429E-7	1	0	
3.020571E-7	1	0	
-1.279586E-5	4	0	
-1.522286E-5	4	0	
-1.512471E-5	4	0	
-4.588286E-7	2	0	
2.835429E-7	2	0	
2.857714E-7	2	0	
2.820000E-7	2	0	
2.902286E-7	2	0	
2.870571E-7	2	0	
2.900571E-7	2	0	
2.873143E-7	2	0	
2.858571E-7	2	0	
2.913429E-7	2	0	
2.796000E-7	2	0	
2.953714E-7	2	0	
1.341677E-5	3	0	
1.585131E-5	3	0	
1.574066E-5	3	0	
1.036886E-6	1	0	
3.032571E-7	1	0	
3.011143E-7	1	0	
3.015429E-7	1	0	
2.861143E-7	1	0	
2.955429E-7	1	0	
2.989714E-7	1	0	
2.960571E-7	1	0	
2.937429E-7	1	0	
2.849143E-7	1	0	
2.964000E-7	1	0	
2.861143E-7	1	0	
-1.281617E-5	4	0	
-1.523546E-5	4	0	
-1.513620E-5	4	0	
-4.667143E-7	2	0	
2.694000E-7	2	0	
2.694000E-7	2	0	
2.786571E-7	2	0	
2.766000E-7	2	0	
2.828571E-7	2	0	
2.774571E-7	2	0	
2.815714E-7	2	0	
2.774571E-7	2	0	
2.766000E-7	2	0	
2.728286E-7	2	0	
2.754000E-7	2	0	
1.341446E-5	3	0	
1.583743E-5	3	0	
1.572857E-5	3	0	
1.020000E-6	1	0	
2.834571E-7	1	0	
2.874857E-7	1	0	
2.899714E-7	1	0	
2.837143E-7	1	0	
2.831143E-7	1	0	
2.792571E-7	1	0	
2.862857E-7	1	0	
2.761714E-7	1	0	
2.907429E-7	1	0	
2.799429E-7	1	0	
2.888571E-7	1	0	
-1.282269E-5	4	0	
-1.524111E-5	4	0	
-1.514511E-5	4	0	
-4.699714E-7	2	0	
2.640000E-7	2	0	
2.707714E-7	2	0	
2.630571E-7	2	0	
2.755714E-7	2	0	
2.649429E-7	2	0	
2.713714E-7	2	0	
2.738571E-7	2	0	
2.765143E-7	2	0	
2.616000E-7	2	0	
2.652000E-7	2	0	
2.665714E-7	2	0	
1.339843E-5	3	0	
1.582954E-5	3	0	
1.572334E-5	3	0	
1.016143E-6	1	0	
2.807143E-7	1	0	
2.800286E-7	1	0	
2.847429E-7	1	0	
2.790000E-7	1	0	
2.763429E-7	1	0	
2.773714E-7	1	0	
2.776286E-7	1	0	
2.764286E-7	1	0	
2.775429E-7	1	0	
2.856857E-7	1	0	
2.787429E-7	1	0	
-1.282971E-5	4	0	
-1.524746E-5	4	0	
-1.514717E-5	4	0	
-4.738286E-7	2	0	
2.614286E-7	2	0	
2.573143E-7	2	0	
2.670000E-7	2	0	
2.620286E-7	2	0	
2.644286E-7	2	0	
2.670000E-7	2	0	
2.699143E-7	2	0	
2.683714E-7	2	0	
2.652000E-7	2	0	
2.604857E-7	2	0	
2.640857E-7	2	0	
1.340417E-5	3	0	
1.582277E-5	3	0	
1.572069E-5	3	0	
1.010400E-6	1	0	
2.840571E-7	1	0	
2.838000E-7	1	0	
2.761714E-7	1	0	
2.744571E-7	1	0	
2.769429E-7	1	0	
2.755714E-7	1	0	
2.793429E-7	1	0	
2.717143E-7	1	0	
2.754000E-7	1	0	
2.778857E-7	1	0	
2.754000E-7	1	0	
-1.283006E-5	4	0	
-1.525680E-5	4	0	
-1.515626E-5	4	0	
-4.749429E-7	2	0	
2.575714E-7	2	0	
2.614286E-7	2	0	
2.633143E-7	2	0	
2.640000E-7	2	0	
2.591143E-7	2	0	
2.609143E-7	2	0	
2.658000E-7	2	0	
2.719714E-7	2	0	
2.631429E-7	2	0	
2.653714E-7	2	0	
2.655429E-7	2	0	
1.340383E-5	3	0	
1.582757E-5	3	0	
1.572111E-5	3	0	
1.007400E-6	1	0	
2.854286E-7	1	0	
2.802857E-7	1	0	
2.812286E-7	1	0	
2.778857E-7	1	0	
2.829429E-7	1	0	
2.694000E-7	1	0	
2.767714E-7	1	0	
2.712857E-7	1	0	
2.734286E-7	1	0	
2.732571E-7	1	0	
2.850857E-7	1	0	
-1.282157E-5	4	0	
-1.525003E-5	4	0	
-1.514400E-5	4	0	
-4.656000E-7	2	0	
2.630571E-7	2	0	
2.603143E-7	2	0	
2.689714E-7	2	0	
2.682857E-7	2	0	
2.756571E-7	2	0	
2.766000E-7	2	0	
2.736000E-7	2	0	
2.686286E-7	2	0	
2.721429E-7	2	0	
2.669143E-7	2	0	
2.746286E-7	2	0	
1.340940E-5	3	0	
1.583717E-5	3	0	
1.572377E-5	3	0	
1.022571E-6	1	0	
2.886857E-7	1	0	
2.876571E-7	1	0	
2.956286E-7	1	0	
2.884286E-7	1	0	
2.976000E-7	1	0	
2.904000E-7	1	0	
2.876571E-7	1	0	
2.890286E-7	1	0	
2.905714E-7	1	0	
2.907429E-7	1	0	
2.815714E-7	1	0	
-1.281471E-5	4	0	
-1.523871E-5	4	0	
-1.513329E-5	4	0	
-4.600286E-7	2	0	
2.668286E-7	2	0	
2.694000E-7	2	0	
2.710286E-7	2	0	
2.761714E-7	2	0	
2.736000E-7	2	0	
2.820000E-7	2	0	
2.730000E-7	2	0	
2.779714E-7	2	0	
2.749714E-7	2	0	
2.794286E-7	2	0	
2.806286E-7	2	0	
1.341789E-5	3	0	
1.583991E-5	3	0	
1.572797E-5	3	0	
1.024971E-6	1	0	
3.027429E-7	1	0	
2.931429E-7	1	0	
2.916000E-7	1	0	
2.899714E-7	1	0	
2.892000E-7	1	0	
2.925429E-7	1	0	
2.853429E-7	1	0	
2.900571E-7	1	0	
2.864571E-7	1	0	
2.948571E-7	1	0	
2.856857E-7	1	0	
-1.281763E-5	4	0	
-1.524103E-5	4	0	
-1.513611E-5	4	0	
-4.665429E-7	2	0	
2.750571E-7	2	0	
2.750571E-7	2	0	
2.756571E-7	2	0	
2.765143E-7	2	0	
2.810571E-7	2	0	
2.726571E-7	2	0	
2.755714E-7	2	0	
2.752286E-7	2	0	
2.760857E-7	2	0	
2.741143E-7	2	0	
2.712000E-7	2	0	
1.340966E-5	3	0	
1.584077E-5	3	0	
1.573037E-5	3	0	
1.029343E-6	1	0	
2.830286E-7	1	0	
2.981143E-7	1	0	
2.870571E-7	1	0	
2.823429E-7	1	0	
2.832857E-7	1	0	
2.797714E-7	1	0	
2.815714E-7	1	0	
2.894571E-7	1	0	
2.797714E-7	1	0	
2.833714E-7	1	0	
2.864571E-7	1	0	
-1.282774E-5	4	0	
-1.524034E-5	4	0	
-1.514254E-5	4	0	
-4.682571E-7	2	0	
2.660571E-7	2	0	
2.626286E-7	2	0	
2.786571E-7	2	0	
2.693143E-7	2	0	
2.742000E-7	2	0	
2.695714E-7	2	0	
2.777143E-7	2	0	
2.694857E-7	2	0	
2.685429E-7	2	0	
2.754000E-7	2	0	
2.757429E-7	2	0	
1.341274E-5	3	0	
1.583889E-5	3	0	
1.573663E-5	3	0	
1.022829E-6	1	0	
2.898000E-7	1	0	
2.914286E-7	1	0	
2.950286E-7	1	0	
2.916857E-7	1	0	
2.890286E-7	1	0	
2.795143E-7	1	0	
2.937429E-7	1	0	
2.889429E-7	1	0	
2.889429E-7	1	0	
2.876571E-7	1	0	
2.867143E-7	1	0	
-1.282063E-5	4	0	
-1.524009E-5	4	0	
-1.514263E-5	4	0	
-4.577143E-7	2	0	
2.747143E-7	2	0	
2.701714E-7	2	0	
2.749714E-7	2	0	
2.760857E-7	2	0	
2.812286E-7	2	0	
2.809714E-7	2	0	
2.811429E-7	2	0	
2.742000E-7	2	0	
2.779714E-7	2	0	
2.787429E-7	2	0	
2.816571E-7	2	0	
1.342406E-5	3	0	
1.583983E-5	3	0	
1.573131E-5	3	0	
1.023257E-6	1	0	
3.057429E-7	1	0	
2.935714E-7	1	0	
3.009429E-7	1	0	
2.964000E-7	1	0	
2.928857E-7	1	0	
2.958000E-7	1	0	
2.934000E-7	1	0	
2.949429E-7	1	0	
2.990571E-7	1	0	
2.902286E-7	1	0	
2.892000E-7	1	0	
-1.280580E-5	4	0	
-1.523220E-5	4	0	
-1.513329E-5	4	0	
-4.499143E-7	2	0	
2.773714E-7	2	0	
2.830286E-7	2	0	
2.796000E-7	2	0	
2.808857E-7	2	0	
2.825143E-7	2	0	
2.850857E-7	2	0	
2.747143E-7	2	0	
2.836286E-7	2	0	
2.796857E-7	2	0	
2.861143E-7	2	0	
2.823429E-7	2	0	
1.342286E-5	3	0	
1.584283E-5	3	0	
1.573577E-5	3	0	
1.025571E-6	1	0	
3.090000E-7	1	0	
2.999143E-7	1	0	
3.027429E-7	1	0	
2.953714E-7	1	0	
2.979429E-7	1	0	
2.872286E-7	1	0	
2.947714E-7	1	0	
2.854286E-7	1	0	
2.921143E-7	1	0	
2.886000E-7	1	0	
2.917714E-7	1	0	
-1.282140E-5	4	0	
-1.523589E-5	4	0	
-1.513663E-5	4	0	
-4.662000E-7	2	0	
2.675143E-7	2	0	
2.685429E-7	2	0	
2.760857E-7	2	0	
2.724857E-7	2	0	
2.677714E-7	2	0	
2.824286E-7	2	0	
2.683714E-7	2	0	
2.775429E-7	2	0	
2.709429E-7	2	0	
2.706857E-7	2	0	
2.713714E-7	2	0	
1.341129E-5	3	0	
1.583589E-5	3	0	
1.572231E-5	3	0	
1.017343E-6	1	0	
2.933143E-7	1	0	
2.897143E-7	1	0	
2.859429E-7	1	0	
2.863714E-7	1	0	
2.814000E-7	1	0	
2.868857E-7	1	0	
2.812286E-7	1	0	
2.839714E-7	1	0	
2.788286E-7	1	0	
2.848286E-7	1	0	
2.831143E-7	1	0	
-1.282226E-5	4	0	
-1.524266E-5	4	0	
-1.514674E-5	4	0	
-4.632857E-7	2	0	
2.648571E-7	2	0	
2.655429E-7	2	0	
2.674286E-7	2	0	
2.664857E-7	2	0	
2.610857E-7	2	0	
2.626286E-7	2	0	
2.677714E-7	2	0	
2.611714E-7	2	0	
2.673429E-7	2	0	
2.611714E-7	2	0	
2.636571E-7	2	0	
1.340657E-5	3	0	
1.582303E-5	3	0	
1.572206E-5	3	0	
1.005686E-6	1	0	
2.812286E-7	1	0	
2.833714E-7	1	0	
2.841429E-7	1	0	
2.820000E-7	1	0	
2.768571E-7	1	0	
2.764286E-7	1	0	
2.784000E-7	1	0	
2.754000E-7	1	0	
2.763429E-7	1	0	
2.786571E-7	1	0	
2.776286E-7	1	0	
-1.282629E-5	4	0	
-1.524643E-5	4	0	
-1.515497E-5	4	0	
-4.768286E-7	2	0	
2.570571E-7	2	0	
2.549143E-7	2	0	
2.634000E-7	2	0	
2.577429E-7	2	0	
2.656286E-7	2	0	
2.632286E-7	2	0	
2.619429E-7	2	0	
2.634000E-7	2	0	
2.604000E-7	2	0	
2.604857E-7	2	0	
2.664000E-7	2	0	
1.340280E-5	3	0	
1.582243E-5	3	0	
1.571451E-5	3	0	
1.012286E-6	1	0	
2.765143E-7	1	0	
2.870571E-7	1	0	
2.737714E-7	1	0	
2.710286E-7	1	0	
2.757429E-7	1	0	
2.713714E-7	1	0	
2.738571E-7	1	0	
2.674286E-7	1	0	
2.713714E-7	1	0	
2.690571E-7	1	0	
2.623714E-7	1	0	
-1.282920E-5	4	0	
-1.525466E-5	4	0	
-1.515677E-5	4	0	
-4.816286E-7	2	0	
2.482286E-7	2	0	
2.472000E-7	2	0	
2.501143E-7	2	0	
2.510571E-7	2	0	
2.521714E-7	2	0	
2.552571E-7	2	0	
2.516571E-7	2	0	
2.496000E-7	2	0	
2.559429E-7	2	0	
2.612571E-7	2	0	
2.585143E-7	2	0	
1.339483E-5	3	0	
1.581900E-5	3	0	
1.570851E-5	3	0	
1.003971E-6	1	0	
2.739429E-7	1	0	
2.668286E-7	1	0	
2.735143E-7	1	0	
2.672571E-7	1	0	
2.759143E-7	1	0	
2.679429E-7	1	0	
2.730000E-7	1	0	
2.654571E-7	1	0	
2.648571E-7	1	0	
2.628000E-7	1	0	
2.679429E-7	1	0	
-1.284231E-5	4	0	
-1.525509E-5	4	0	
-1.516217E-5	4	0	
-4.878857E-7	2	0	
2.549143E-7	2	0	
2.546571E-7	2	0	
2.609143E-7	2	0	
2.563714E-7	2	0	
2.568000E-7	2	0	
2.558571E-7	2	0	
2.589429E-7	2	0	
2.610000E-7	2	0	
2.631429E-7	2	0	
2.600571E-7	2	0	
2.584286E-7	2	0	
1.340211E-5	3	0	
1.581789E-5	3	0	
1.571931E-5	3	0	
1.013057E-6	1	0	
2.862857E-7	1	0	
2.768571E-7	1	0	
2.748857E-7	1	0	
2.807143E-7	1	0	
2.770286E-7	1	0	
2.699143E-7	1	0	
2.754000E-7	1	0	
2.714571E-7	1	0	
2.741143E-7	1	0	
2.830286E-7	1	0	
2.662286E-7	1	0	
-1.283400E-5	4	0	
-1.525020E-5	4	0	
-1.514829E-5	4	0	
-4.737429E-7	2	0	
2.539714E-7	2	0	
2.574857E-7	2	0	
2.572286E-7	2	0	
2.608286E-7	2	0	
2.587714E-7	2	0	
2.627143E-7	2	0	
2.699143E-7	2	0	
2.695714E-7	2	0	
2.657143E-7	2	0	
2.599714E-7	2	0	
2.640000E-7	2	0	
1.340237E-5	3	0	
1.582191E-5	3	0	
1.571846E-5	3	0	
1.013914E-6	1	0	
2.778000E-7	1	0	
2.803714E-7	1	0	
2.785714E-7	1	0	
2.761714E-7	1	0	
2.798571E-7	1	0	
2.784000E-7	1	0	
2.760000E-7	1	0	
2.715429E-7	1	0	
2.761714E-7	1	0	
2.761714E-7	1	0	
2.761714E-7	1	0	
-1.283374E-5	4	0	
-1.525243E-5	4	0	
-1.515300E-5	4	0	
-4.751143E-7	2	0	
2.579143E-7	2	0	
2.574000E-7	2	0	
2.639143E-7	2	0	
2.651143E-7	2	0	
2.715429E-7	2	0	
2.593714E-7	2	0	
2.678571E-7	2	0	
2.634857E-7	2	0	
2.656286E-7	2	0	
2.658000E-7	2	0	
2.622857E-7	2	0	
1.340863E-5	3	0	
1.583194E-5	3	0	
1.571966E-5	3	0	
1.012114E-6	1	0	
2.845714E-7	1	0	
2.748000E-7	1	0	
2.818286E-7	1	0	
2.832000E-7	1	0	
2.776286E-7	1	0	
2.703429E-7	1	0	
2.775429E-7	1	0	
2.734286E-7	1	0	
2.801143E-7	1	0	
2.766000E-7	1	0	
2.778000E-7	1	0	
-1.283520E-5	4	0	
-1.524711E-5	4	0	
-1.515540E-5	4	0	
-4.752857E-7	2	0	
2.574857E-7	2	0	
2.544000E-7	2	0	
2.641714E-7	2	0	
2.586000E-7	2	0	
2.634000E-7	2	0	
2.687143E-7	2	0	
2.662286E-7	2	0	
2.613429E-7	2	0	
2.664857E-7	2	0	
2.631429E-7	2	0	
2.662286E-7	2	0	
1.339149E-5	3	0	
1.582860E-5	3	0	
1.571417E-5	3	0	
1.014000E-6	1	0	
2.806286E-7	1	0	
2.796000E-7	1	0	
2.803714E-7	1	0	
2.746286E-7	1	0	
2.778000E-7	1	0	
2.807143E-7	1	0	
2.798571E-7	1	0	
2.795143E-7	1	0	
2.741143E-7	1	0	
2.771143E-7	1	0	
2.654571E-7	1	0	
-1.283117E-5	4	0	
-1.525723E-5	4	0	
-1.514966E-5	4	0	
-4.734857E-7	2	0	
2.564571E-7	2	0	
2.613429E-7	2	0	
2.652000E-7	2	0	
2.622000E-7	2	0	
2.541429E-7	2	0	
2.648571E-7	2	0	
2.583429E-7	2	0	
2.592000E-7	2	0	
2.568857E-7	2	0	
2.638286E-7	2	0	
2.574857E-7	2	0	
1.340177E-5	3	0	
1.582560E-5	3	0	
1.571606E-5	3	0	
1.000800E-6	1	0	
2.757429E-7	1	0	
2.745429E-7	1	0	
2.744571E-7	1	0	
2.762571E-7	1	0	
2.709429E-7	1	0	
2.745429E-7	1	0	
2.743714E-7	1	0	
2.647714E-7	1	0	
2.727429E-7	1	0	
2.703429E-7	1	0	
2.704286E-7	1	0	
-1.283734E-5	4	0	
-1.525911E-5	4	0	
-1.515351E-5	4	0	
-4.792286E-7	2	0	
2.528571E-7	2	0	
2.532000E-7	2	0	
2.508000E-7	2	0	
2.610000E-7	2	0	
2.546571E-7	2	0	
2.569714E-7	2	0	
2.585143E-7	2	0	
2.598857E-7	2	0	
2.517429E-7	2	0	
2.544000E-7	2	0	
2.608286E-7	2	0	
1.339320E-5	3	0	
1.581171E-5	3	0	
1.570251E-5	3	0	
9.979714E-7	1	0	
2.708571E-7	1	0	
2.651143E-7	1	0	
2.646000E-7	1	0	
2.667429E-7	1	0	
2.651143E-7	1	0	
2.600571E-7	1	0	
2.599714E-7	1	0	
2.643429E-7	1	0	
2.581714E-7	1	0	
2.681143E-7	1	0	
2.620286E-7	1	0	
-1.284780E-5	4	0	
-1.525997E-5	4	0	
-1.516174E-5	4	0	
-4.920000E-7	2	0	
2.406857E-7	2	0	
2.458286E-7	2	0	
2.447143E-7	2	0	
2.488286E-7	2	0	
2.592000E-7	2	0	
2.508000E-7	2	0	
2.578286E-7	2	0	
2.484857E-7	2	0	
2.574000E-7	2	0	
2.445429E-7	2	0	
2.560286E-7	2	0	
1.338943E-5	3	0	
1.581626E-5	3	0	
1.570937E-5	3	0	
9.995143E-7	1	0	
2.723143E-7	1	0	
2.664000E-7	1	0	
2.670000E-7	1	0	
2.658000E-7	1	0	
2.652000E-7	1	0	
2.652857E-7	1	0	
2.614286E-7	1	0	
2.616857E-7	1	0	
2.625429E-7	1	0	
2.605714E-7	1	0	
2.658857E-7	1	0	
-1.284257E-5	4	0	
-1.526040E-5	4	0	
-1.515917E-5	4	0	
-4.879714E-7	2	0	
2.526857E-7	2	0	
2.478857E-7	2	0	
2.478000E-7	2	0	
2.614286E-7	2	0	
2.582571E-7	2	0	
2.523429E-7	2	0	
2.568000E-7	2	0	
2.541429E-7	2	0	
2.567143E-7	2	0	
2.532000E-7	2	0	
2.534571E-7	2	0	
1.339149E-5	3	0	
1.581489E-5	3	0	
