start date: 	2018-03-09
start time: 	16.04.08
stop date: 	2018-03-09
stop time: 	16.39.36
com rel. humid (%):	33.6
com temp (°C):	28.63
cn temp (°C):	31.59
nv temp (°C):	35.31
remarks: 	QHR Red, Squid Feedin on I1, low resistor on I1, Ramp time = 2.02s
R1 Info: 	1216
R2 Info: 	GaAs 8
data filepath: 	M:\MagniconData\CCCViewerData\cccviewer_measure\2018-03-09_CCC\180309_004_1604.txt
config filepath: 	M:\MagniconData\CCCViewerData\cccviewer_measure\2018-03-09_CCC\180309_004_1604_cccdrive.cfg
time base (Hz): 	60
integration time (time base multiples):	42
number of samples per half cycle: 	15
ignored first samples: 	7
ignored last samples: 	0
amplifier gain: 	100000
delta N1/NA (mTurns): 	0.157356262
delta (I2*R2) (V): 	2.0001

data(V)	phase	error
1.373829E-6	1	0	
1.369457E-6	1	0	
1.362429E-6	1	0	
1.372971E-6	1	0	
1.360543E-6	1	0	
1.369800E-6	1	0	
1.368171E-6	1	0	
1.373571E-6	1	0	
1.364571E-6	1	0	
1.359771E-6	1	0	
1.367914E-6	1	0	
1.362171E-6	1	0	
1.359086E-6	1	0	
-2.487206E-5	4	0	
-2.970189E-5	4	0	
-2.950200E-5	4	0	
-1.170857E-7	2	0	
1.351543E-6	2	0	
1.361143E-6	2	0	
1.362600E-6	2	0	
1.358143E-6	2	0	
1.366629E-6	2	0	
1.360286E-6	2	0	
1.369286E-6	2	0	
1.368771E-6	2	0	
1.370486E-6	2	0	
1.362000E-6	2	0	
1.366629E-6	2	0	
2.765503E-5	3	0	
3.249060E-5	3	8	
3.228034E-5	3	8	
2.848114E-6	1	0	
1.386343E-6	1	0	
1.386600E-6	1	0	
1.378371E-6	1	0	
1.377943E-6	1	0	
1.376314E-6	1	0	
1.379400E-6	1	0	
1.376743E-6	1	0	
1.375114E-6	1	0	
1.370229E-6	1	0	
1.379486E-6	1	0	
1.378371E-6	1	0	
-2.485817E-5	4	0	
-2.968457E-5	4	0	
-2.948889E-5	4	0	
-1.132286E-7	2	0	
1.366714E-6	2	0	
1.364657E-6	2	0	
1.365429E-6	2	0	
1.368086E-6	2	0	
1.375457E-6	2	0	
1.375543E-6	2	0	
1.372800E-6	2	0	
1.376657E-6	2	0	
1.380514E-6	2	0	
1.373143E-6	2	0	
1.379486E-6	2	0	
2.766360E-5	3	0	
3.250071E-5	3	8	
3.229209E-5	3	8	
2.865857E-6	1	0	
1.404686E-6	1	0	
1.401000E-6	1	0	
1.392771E-6	1	0	
1.392429E-6	1	0	
1.394229E-6	1	0	
1.393371E-6	1	0	
1.393200E-6	1	0	
1.383600E-6	1	0	
1.390714E-6	1	0	
1.396200E-6	1	0	
1.389171E-6	1	0	
-2.484309E-5	4	0	
-2.966571E-5	4	0	
-2.947389E-5	4	0	
-9.077143E-8	2	0	
1.380600E-6	2	0	
1.383000E-6	2	0	
1.385743E-6	2	0	
1.395171E-6	2	0	
1.395514E-6	2	0	
1.395857E-6	2	0	
1.392771E-6	2	0	
1.392343E-6	2	0	
1.391914E-6	2	0	
1.399629E-6	2	0	
1.402886E-6	2	0	
2.768040E-5	3	0	
3.252994E-5	3	8	
3.230777E-5	3	8	
2.879057E-6	1	0	
1.423886E-6	1	0	
1.415657E-6	1	0	
1.410000E-6	1	0	
1.406057E-6	1	0	
1.399714E-6	1	0	
1.412143E-6	1	0	
1.412571E-6	1	0	
1.407514E-6	1	0	
1.407771E-6	1	0	
1.411543E-6	1	0	
1.407086E-6	1	0	
-2.482234E-5	4	0	
-2.965371E-5	4	0	
-2.945949E-5	4	0	
-7.285714E-8	2	0	
1.387629E-6	2	0	
1.402800E-6	2	0	
1.407257E-6	2	0	
1.403400E-6	2	0	
1.395000E-6	2	0	
1.415914E-6	2	0	
1.408371E-6	2	0	
1.412400E-6	2	0	
1.409143E-6	2	0	
1.415486E-6	2	0	
1.415914E-6	2	0	
2.769651E-5	3	0	
3.253431E-5	3	8	
3.232877E-5	3	8	
2.890371E-6	1	0	
1.428686E-6	1	0	
1.421486E-6	1	0	
1.423200E-6	1	0	
1.428943E-6	1	0	
1.416857E-6	1	0	
1.423714E-6	1	0	
1.418314E-6	1	0	
1.421057E-6	1	0	
1.417457E-6	1	0	
1.423457E-6	1	0	
1.420800E-6	1	0	
-2.482251E-5	4	0	
-2.964729E-5	4	0	
-2.945537E-5	4	0	
-6.068571E-8	2	0	
1.394571E-6	2	0	
1.411114E-6	2	0	
1.410686E-6	2	0	
1.418743E-6	2	0	
1.408029E-6	2	0	
1.421057E-6	2	0	
1.413257E-6	2	0	
1.418314E-6	2	0	
1.417800E-6	2	0	
1.425343E-6	2	0	
1.428771E-6	2	0	
2.770697E-5	3	0	
3.255051E-5	3	8	
3.233306E-5	3	8	
2.889943E-6	1	0	
1.437514E-6	1	0	
1.426543E-6	1	0	
1.421229E-6	1	0	
1.426286E-6	1	0	
1.419429E-6	1	0	
1.418400E-6	1	0	
1.420629E-6	1	0	
1.418314E-6	1	0	
1.420029E-6	1	0	
1.425600E-6	1	0	
1.426029E-6	1	0	
-2.481223E-5	4	0	
-2.964369E-5	4	0	
-2.944697E-5	4	0	
-5.802857E-8	2	0	
1.406143E-6	2	0	
1.412657E-6	2	0	
1.411371E-6	2	0	
1.407343E-6	2	0	
1.410857E-6	2	0	
1.410429E-6	2	0	
1.416343E-6	2	0	
1.421914E-6	2	0	
1.410771E-6	2	0	
1.426286E-6	2	0	
1.417800E-6	2	0	
2.770791E-5	3	0	
3.254049E-5	3	8	
3.232963E-5	3	8	
2.896029E-6	1	0	
1.434514E-6	1	0	
1.429114E-6	1	0	
1.426286E-6	1	0	
1.426029E-6	1	0	
1.428943E-6	1	0	
1.426971E-6	1	0	
1.429371E-6	1	0	
1.422000E-6	1	0	
1.432800E-6	1	0	
1.425514E-6	1	0	
1.429029E-6	1	0	
-2.481009E-5	4	0	
-2.962826E-5	4	0	
-2.943960E-5	4	0	
-5.665714E-8	2	0	
1.420457E-6	2	0	
1.424143E-6	2	0	
1.425086E-6	2	0	
1.417543E-6	2	0	
1.434171E-6	2	0	
1.429114E-6	2	0	
1.422857E-6	2	0	
1.425943E-6	2	0	
1.431171E-6	2	0	
1.436229E-6	2	0	
1.433829E-6	2	0	
2.772197E-5	3	0	
3.256423E-5	3	8	
3.234506E-5	3	8	
2.909571E-6	1	0	
1.448143E-6	1	0	
1.446514E-6	1	0	
1.439143E-6	1	0	
1.439400E-6	1	0	
1.441029E-6	1	0	
1.438714E-6	1	0	
1.444371E-6	1	0	
1.439571E-6	1	0	
1.438971E-6	1	0	
1.438200E-6	1	0	
1.435114E-6	1	0	
-2.479440E-5	4	0	
-2.962920E-5	4	0	
-2.942220E-5	4	0	
-4.242857E-8	2	0	
1.419857E-6	2	0	
1.419771E-6	2	0	
1.431171E-6	2	0	
1.429714E-6	2	0	
1.434943E-6	2	0	
1.436143E-6	2	0	
1.442571E-6	2	0	
1.440171E-6	2	0	
1.442229E-6	2	0	
1.443171E-6	2	0	
1.440171E-6	2	0	
2.772643E-5	3	0	
3.256997E-5	3	8	
3.235474E-5	3	8	
2.919429E-6	1	0	
1.455086E-6	1	0	
1.455000E-6	1	0	
1.453800E-6	1	0	
1.449600E-6	1	0	
1.460314E-6	1	0	
1.449429E-6	1	0	
1.451229E-6	1	0	
1.447886E-6	1	0	
1.446086E-6	1	0	
1.445057E-6	1	0	
1.454314E-6	1	0	
-2.478789E-5	4	0	
-2.960931E-5	4	0	
-2.942211E-5	4	0	
-3.205714E-8	2	0	
1.433486E-6	2	0	
1.435200E-6	2	0	
1.434686E-6	2	0	
1.448829E-6	2	0	
1.443600E-6	2	0	
1.447029E-6	2	0	
1.451400E-6	2	0	
1.452257E-6	2	0	
1.450457E-6	2	0	
1.450286E-6	2	0	
1.452514E-6	2	0	
2.772471E-5	3	0	
3.257983E-5	3	8	
3.236194E-5	3	8	
2.923543E-6	1	0	
1.464086E-6	1	0	
1.456371E-6	1	0	
1.451914E-6	1	0	
1.449343E-6	1	0	
1.448486E-6	1	0	
1.445314E-6	1	0	
1.449686E-6	1	0	
1.455257E-6	1	0	
1.447286E-6	1	0	
1.448314E-6	1	0	
1.453971E-6	1	0	
-2.478831E-5	4	0	
-2.961317E-5	4	0	
-2.941234E-5	4	0	
-3.548571E-8	2	0	
1.435800E-6	2	0	
1.435457E-6	2	0	
1.436743E-6	2	0	
1.440429E-6	2	0	
1.444286E-6	2	0	
1.443257E-6	2	0	
1.443257E-6	2	0	
1.450371E-6	2	0	
1.445829E-6	2	0	
1.446600E-6	2	0	
1.447886E-6	2	0	
2.773757E-5	3	0	
3.257271E-5	3	8	
3.235834E-5	3	8	
2.930914E-6	1	0	
1.469057E-6	1	0	
1.460229E-6	1	0	
1.455086E-6	1	0	
1.458771E-6	1	0	
1.451057E-6	1	0	
1.453457E-6	1	0	
1.447714E-6	1	0	
1.442829E-6	1	0	
1.452600E-6	1	0	
1.438200E-6	1	0	
1.449257E-6	1	0	
-2.480357E-5	4	0	
-2.961943E-5	4	0	
-2.942289E-5	4	0	
-2.982857E-8	2	0	
1.428343E-6	2	0	
1.443771E-6	2	0	
1.441886E-6	2	0	
1.445571E-6	2	0	
1.441114E-6	2	0	
1.443429E-6	2	0	
1.449429E-6	2	0	
1.451486E-6	2	0	
1.444886E-6	2	0	
1.448143E-6	2	0	
1.456457E-6	2	0	
2.773714E-5	3	0	
3.257443E-5	3	8	
3.235963E-5	3	8	
2.925686E-6	1	0	
1.462200E-6	1	0	
1.455771E-6	1	0	
1.459286E-6	1	0	
1.454314E-6	1	0	
1.449943E-6	1	0	
1.455000E-6	1	0	
1.458086E-6	1	0	
1.448571E-6	1	0	
1.454057E-6	1	0	
1.452600E-6	1	0	
1.452086E-6	1	0	
-2.478129E-5	4	0	
-2.961257E-5	4	0	
-2.941560E-5	4	0	
-2.477143E-8	2	0	
1.441286E-6	2	0	
1.448057E-6	2	0	
1.443686E-6	2	0	
1.450200E-6	2	0	
1.449343E-6	2	0	
1.457914E-6	2	0	
1.446600E-6	2	0	
1.452771E-6	2	0	
1.446943E-6	2	0	
1.457229E-6	2	0	
1.455000E-6	2	0	
2.773097E-5	3	0	
3.257486E-5	3	8	
3.236683E-5	3	8	
2.925343E-6	1	0	
1.466400E-6	1	0	
1.457657E-6	1	0	
1.460829E-6	1	0	
1.450029E-6	1	0	
1.449086E-6	1	0	
1.449171E-6	1	0	
1.446514E-6	1	0	
1.454571E-6	1	0	
1.455429E-6	1	0	
1.452000E-6	1	0	
1.455429E-6	1	0	
-2.478283E-5	4	0	
-2.960906E-5	4	0	
-2.941680E-5	4	0	
-2.631429E-8	2	0	
1.435629E-6	2	0	
1.444629E-6	2	0	
1.445057E-6	2	0	
1.454486E-6	2	0	
1.453371E-6	2	0	
1.456543E-6	2	0	
1.455857E-6	2	0	
1.453800E-6	2	0	
1.455257E-6	2	0	
1.456286E-6	2	0	
1.451229E-6	2	0	
2.773603E-5	3	0	
3.257820E-5	3	8	
3.235346E-5	3	8	
2.935200E-6	1	0	
1.462114E-6	1	0	
1.470343E-6	1	0	
1.453286E-6	1	0	
1.461343E-6	1	0	
1.459457E-6	1	0	
1.458771E-6	1	0	
1.452514E-6	1	0	
1.457657E-6	1	0	
1.456971E-6	1	0	
1.459714E-6	1	0	
1.457486E-6	1	0	
-2.477211E-5	4	0	
-2.960786E-5	4	0	
-2.940686E-5	4	0	
-1.560000E-8	2	0	
1.442400E-6	2	0	
1.453629E-6	2	0	
1.456629E-6	2	0	
1.456200E-6	2	0	
1.456886E-6	2	0	
1.458943E-6	2	0	
1.458086E-6	2	0	
1.458086E-6	2	0	
1.460314E-6	2	0	
1.462114E-6	2	0	
1.461600E-6	2	0	
2.774829E-5	3	0	
3.257871E-5	3	8	
3.236760E-5	3	8	
2.931857E-6	1	0	
1.465029E-6	1	0	
1.463914E-6	1	0	
1.460143E-6	1	0	
1.454229E-6	1	0	
1.452857E-6	1	0	
1.457571E-6	1	0	
1.460057E-6	1	0	
1.463829E-6	1	0	
1.449000E-6	1	0	
1.452086E-6	1	0	
1.455257E-6	1	0	
-2.478206E-5	4	0	
-2.960511E-5	4	0	
-2.940643E-5	4	0	
-2.297143E-8	2	0	
1.437086E-6	2	0	
1.450886E-6	2	0	
1.450029E-6	2	0	
1.446086E-6	2	0	
1.457314E-6	2	0	
1.468200E-6	2	0	
1.456029E-6	2	0	
1.457314E-6	2	0	
1.460829E-6	2	0	
1.454743E-6	2	0	
1.461257E-6	2	0	
2.773594E-5	3	0	
3.258146E-5	3	8	
3.237171E-5	3	8	
2.923629E-6	1	0	
1.478229E-6	1	0	
1.458771E-6	1	0	
1.462629E-6	1	0	
1.469743E-6	1	0	
1.459800E-6	1	0	
1.456457E-6	1	0	
1.456114E-6	1	0	
1.463743E-6	1	0	
1.455771E-6	1	0	
1.469143E-6	1	0	
1.453971E-6	1	0	
-2.477443E-5	4	0	
-2.959509E-5	4	0	
-2.939863E-5	4	0	
-1.594286E-8	2	0	
1.452000E-6	2	0	
1.457057E-6	2	0	
1.455600E-6	2	0	
1.464686E-6	2	0	
1.468971E-6	2	0	
1.464171E-6	2	0	
1.462200E-6	2	0	
1.465029E-6	2	0	
1.464857E-6	2	0	
1.459886E-6	2	0	
1.470257E-6	2	0	
2.774563E-5	3	0	
3.258771E-5	3	8	
3.236897E-5	3	8	
2.940771E-6	1	0	
1.479000E-6	1	0	
1.478914E-6	1	0	
1.474114E-6	1	0	
1.466143E-6	1	0	
1.470000E-6	1	0	
1.466743E-6	1	0	
1.471629E-6	1	0	
1.462629E-6	1	0	
1.461943E-6	1	0	
1.465371E-6	1	0	
1.466314E-6	1	0	
-2.477477E-5	4	0	
-2.959560E-5	4	0	
-2.939503E-5	4	0	
-1.200000E-8	2	0	
1.450457E-6	2	0	
1.455686E-6	2	0	
1.459029E-6	2	0	
1.458257E-6	2	0	
1.461686E-6	2	0	
1.468800E-6	2	0	
1.476000E-6	2	0	
1.464857E-6	2	0	
1.467000E-6	2	0	
1.468029E-6	2	0	
1.471714E-6	2	0	
2.775291E-5	3	0	
3.259011E-5	3	8	
3.237471E-5	3	8	
2.942400E-6	1	0	
1.486029E-6	1	0	
1.475657E-6	1	0	
1.474971E-6	1	0	
1.472229E-6	1	0	
1.472571E-6	1	0	
1.471714E-6	1	0	
1.475657E-6	1	0	
1.476514E-6	1	0	
1.475229E-6	1	0	
1.467429E-6	1	0	
1.469914E-6	1	0	
-2.476791E-5	4	0	
-2.958891E-5	4	0	
-2.938980E-5	4	0	
-3.514286E-9	2	0	
1.451057E-6	2	0	
1.470171E-6	2	0	
1.470857E-6	2	0	
1.466400E-6	2	0	
1.465714E-6	2	0	
1.467943E-6	2	0	
1.476086E-6	2	0	
1.479000E-6	2	0	
1.473257E-6	2	0	
1.472486E-6	2	0	
1.478914E-6	2	0	
2.776089E-5	3	0	
3.259294E-5	3	8	
3.238269E-5	3	8	
2.944200E-6	1	0	
1.489200E-6	1	0	
1.487571E-6	1	0	
1.472914E-6	1	0	
1.466314E-6	1	0	
1.484143E-6	1	0	
1.473429E-6	1	0	
1.475143E-6	1	0	
1.472057E-6	1	0	
1.480800E-6	1	0	
1.470857E-6	1	0	
1.475571E-6	1	0	
-2.476234E-5	4	0	
-2.958849E-5	4	0	
-2.938826E-5	4	0	
-7.800000E-9	2	0	
1.461857E-6	2	0	
1.473429E-6	2	0	
1.472486E-6	2	0	
1.470857E-6	2	0	
1.471200E-6	2	0	
1.477029E-6	2	0	
1.470771E-6	2	0	
1.476171E-6	2	0	
1.476257E-6	2	0	
1.485600E-6	2	0	
1.480886E-6	2	0	
2.776371E-5	3	0	
3.260391E-5	3	8	
3.239169E-5	3	8	
2.955429E-6	1	0	
1.490829E-6	1	0	
1.488343E-6	1	0	
1.485429E-6	1	0	
1.480543E-6	1	0	
1.486543E-6	1	0	
1.482600E-6	1	0	
1.481400E-6	1	0	
1.480457E-6	1	0	
1.477629E-6	1	0	
1.479429E-6	1	0	
1.487229E-6	1	0	
-2.475874E-5	4	0	
-2.958557E-5	4	0	
-2.938731E-5	4	0	
-7.285714E-9	2	0	
1.454486E-6	2	0	
1.461857E-6	2	0	
1.472571E-6	2	0	
1.462971E-6	2	0	
1.462886E-6	2	0	
1.471886E-6	2	0	
1.473086E-6	2	0	
1.474200E-6	2	0	
1.472743E-6	2	0	
1.473000E-6	2	0	
1.473600E-6	2	0	
2.774914E-5	3	0	
3.259654E-5	3	8	
3.238500E-5	3	8	
2.946343E-6	1	0	
1.493743E-6	1	0	
1.474371E-6	1	0	
1.478486E-6	1	0	
1.473086E-6	1	0	
1.476514E-6	1	0	
1.473686E-6	1	0	
1.476514E-6	1	0	
1.478057E-6	1	0	
1.479429E-6	1	0	
1.471629E-6	1	0	
1.470171E-6	1	0	
-2.476474E-5	4	0	
-2.958317E-5	4	0	
-2.939254E-5	4	0	
-3.085714E-9	2	0	
1.459457E-6	2	0	
1.468800E-6	2	0	
1.478314E-6	2	0	
1.474114E-6	2	0	
1.475657E-6	2	0	
1.473600E-6	2	0	
1.473086E-6	2	0	
1.472829E-6	2	0	
1.477543E-6	2	0	
1.485943E-6	2	0	
1.479600E-6	2	0	
2.776234E-5	3	0	
3.260100E-5	3	8	
3.238903E-5	3	8	
2.946686E-6	1	0	
1.480029E-6	1	0	
1.485257E-6	1	0	
1.482514E-6	1	0	
1.483114E-6	1	0	
1.478657E-6	1	0	
1.469400E-6	1	0	
1.477029E-6	1	0	
1.476686E-6	1	0	
1.471200E-6	1	0	
1.469829E-6	1	0	
1.467429E-6	1	0	
-2.476483E-5	4	0	
-2.958789E-5	4	0	
-2.938569E-5	4	0	
-1.405714E-8	2	0	
1.456543E-6	2	0	
1.454914E-6	2	0	
1.467171E-6	2	0	
1.467171E-6	2	0	
1.465371E-6	2	0	
1.465971E-6	2	0	
1.465629E-6	2	0	
1.461600E-6	2	0	
1.471457E-6	2	0	
1.465200E-6	2	0	
1.465886E-6	2	0	
2.775197E-5	3	0	
3.259183E-5	3	8	
3.236957E-5	3	8	
2.940943E-6	1	0	
1.482857E-6	1	0	
1.473171E-6	1	0	
1.473943E-6	1	0	
1.468800E-6	1	0	
1.464429E-6	1	0	
1.471714E-6	1	0	
1.469914E-6	1	0	
1.468200E-6	1	0	
1.460657E-6	1	0	
1.469829E-6	1	0	
1.464171E-6	1	0	
-2.477546E-5	4	0	
-2.960263E-5	4	0	
-2.940626E-5	4	0	
-2.280000E-8	2	0	
1.450200E-6	2	0	
1.452514E-6	2	0	
1.466229E-6	2	0	
1.461257E-6	2	0	
1.453543E-6	2	0	
1.454914E-6	2	0	
1.460743E-6	2	0	
1.458429E-6	2	0	
1.454486E-6	2	0	
1.459200E-6	2	0	
1.456629E-6	2	0	
2.774571E-5	3	0	
3.258969E-5	3	8	
3.236923E-5	3	8	
2.930571E-6	1	0	
1.469743E-6	1	0	
1.462029E-6	1	0	
1.462629E-6	1	0	
1.467600E-6	1	0	
1.460143E-6	1	0	
1.460400E-6	1	0	
1.455857E-6	1	0	
1.461000E-6	1	0	
1.457143E-6	1	0	
1.456886E-6	1	0	
1.458686E-6	1	0	
-2.478129E-5	4	0	
-2.960280E-5	4	0	
-2.940309E-5	4	0	
-2.391429E-8	2	0	
1.445657E-6	2	0	
1.451657E-6	2	0	
1.453286E-6	2	0	
1.457057E-6	2	0	
1.463914E-6	2	0	
1.469314E-6	2	0	
1.467086E-6	2	0	
1.459371E-6	2	0	
1.461686E-6	2	0	
1.463829E-6	2	0	
1.459371E-6	2	0	
2.774229E-5	3	0	
3.258446E-5	3	8	
3.237711E-5	3	8	
2.936657E-6	1	0	
1.477714E-6	1	0	
1.478314E-6	1	0	
1.472914E-6	1	0	
1.471457E-6	1	0	
1.459629E-6	1	0	
1.461171E-6	1	0	
1.468971E-6	1	0	
1.461429E-6	1	0	
1.470171E-6	1	0	
1.461257E-6	1	0	
1.468714E-6	1	0	
-2.477683E-5	4	0	
-2.959251E-5	4	0	
-2.940386E-5	4	0	
-1.217143E-8	2	0	
1.440257E-6	2	0	
1.459971E-6	2	0	
1.458857E-6	2	0	
1.465886E-6	2	0	
1.460400E-6	2	0	
1.466057E-6	2	0	
1.465114E-6	2	0	
1.460229E-6	2	0	
1.468543E-6	2	0	
1.459114E-6	2	0	
1.462029E-6	2	0	
2.774649E-5	3	0	
3.258446E-5	3	8	
3.237617E-5	3	8	
2.938629E-6	1	0	
1.477371E-6	1	0	
1.474543E-6	1	0	
1.466829E-6	1	0	
1.461429E-6	1	0	
1.466486E-6	1	0	
1.466400E-6	1	0	
1.463400E-6	1	0	
1.453971E-6	1	0	
1.465286E-6	1	0	
1.462200E-6	1	0	
1.461514E-6	1	0	
-2.477177E-5	4	0	
-2.960177E-5	4	0	
-2.939357E-5	4	0	
-1.337143E-8	2	0	
1.458429E-6	2	0	
1.457400E-6	2	0	
1.457143E-6	2	0	
1.468629E-6	2	0	
1.463829E-6	2	0	
1.468457E-6	2	0	
1.465543E-6	2	0	
1.467000E-6	2	0	
1.459457E-6	2	0	
1.471114E-6	2	0	
1.475486E-6	2	0	
2.775369E-5	3	0	
3.259080E-5	3	8	
3.238697E-5	3	8	
2.944286E-6	1	0	
1.483543E-6	1	0	
1.472057E-6	1	0	
1.474971E-6	1	0	
1.475143E-6	1	0	
1.473000E-6	1	0	
1.474286E-6	1	0	
1.468714E-6	1	0	
1.469400E-6	1	0	
1.474457E-6	1	0	
1.471886E-6	1	0	
1.472229E-6	1	0	
-2.477949E-5	4	0	
-2.958909E-5	4	0	
-2.940154E-5	4	0	
-1.431429E-8	2	0	
1.445486E-6	2	0	
1.459286E-6	2	0	
1.460657E-6	2	0	
1.462457E-6	2	0	
1.455943E-6	2	0	
1.463314E-6	2	0	
1.458429E-6	2	0	
1.471800E-6	2	0	
1.464514E-6	2	0	
1.471800E-6	2	0	
1.463486E-6	2	0	
2.775103E-5	3	0	
3.259243E-5	3	8	
3.237737E-5	3	8	
2.939486E-6	1	0	
1.471114E-6	1	0	
1.471971E-6	1	0	
1.469829E-6	1	0	
1.461943E-6	1	0	
1.460914E-6	1	0	
1.462714E-6	1	0	
1.463743E-6	1	0	
1.463657E-6	1	0	
1.465114E-6	1	0	
1.460143E-6	1	0	
1.462971E-6	1	0	
-2.477143E-5	4	0	
-2.960091E-5	4	0	
-2.939143E-5	4	0	
-1.722857E-8	2	0	
1.448143E-6	2	0	
1.452171E-6	2	0	
1.463486E-6	2	0	
1.459543E-6	2	0	
1.469657E-6	2	0	
1.461343E-6	2	0	
1.469743E-6	2	0	
1.466229E-6	2	0	
1.466143E-6	2	0	
1.473600E-6	2	0	
1.469400E-6	2	0	
2.774880E-5	3	0	
3.258531E-5	3	8	
3.238020E-5	3	8	
2.940600E-6	1	0	
1.484829E-6	1	0	
1.480886E-6	1	0	
1.483371E-6	1	0	
1.471971E-6	1	0	
1.470171E-6	1	0	
1.470429E-6	1	0	
1.474371E-6	1	0	
1.473000E-6	1	0	
1.477714E-6	1	0	
1.473600E-6	1	0	
1.470771E-6	1	0	
-2.476663E-5	4	0	
-2.958129E-5	4	0	
-2.938989E-5	4	0	
-7.542857E-9	2	0	
1.462200E-6	2	0	
1.472743E-6	2	0	
1.470686E-6	2	0	
1.471457E-6	2	0	
1.478400E-6	2	0	
1.475571E-6	2	0	
1.476943E-6	2	0	
1.477371E-6	2	0	
1.481486E-6	2	0	
1.483029E-6	2	0	
1.481057E-6	2	0	
2.777169E-5	3	0	
3.260880E-5	3	8	
3.239211E-5	3	8	
2.956629E-6	1	0	
1.501543E-6	1	0	
1.488000E-6	1	0	
1.486114E-6	1	0	
1.489286E-6	1	0	
1.486886E-6	1	0	
1.484657E-6	1	0	
1.490914E-6	1	0	
1.481314E-6	1	0	
1.482257E-6	1	0	
1.484314E-6	1	0	
1.478057E-6	1	0	
-2.475591E-5	4	0	
-2.957974E-5	4	0	
-2.938269E-5	4	0	
-1.714286E-10	2	0	
1.463400E-6	2	0	
1.467086E-6	2	0	
1.477200E-6	2	0	
1.476257E-6	2	0	
1.475057E-6	2	0	
1.476171E-6	2	0	
1.478571E-6	2	0	
1.477114E-6	2	0	
1.487229E-6	2	0	
1.477543E-6	2	0	
1.487829E-6	2	0	
2.776826E-5	3	0	
3.260734E-5	3	8	
3.239091E-5	3	8	
2.958429E-6	1	0	
1.489971E-6	1	0	
1.487657E-6	1	0	
1.491429E-6	1	0	
1.483543E-6	1	0	
1.486114E-6	1	0	
1.480886E-6	1	0	
1.477371E-6	1	0	
1.487657E-6	1	0	
1.483714E-6	1	0	
1.481743E-6	1	0	
1.483543E-6	1	0	
-2.475051E-5	4	0	
-2.957777E-5	4	0	
-2.938466E-5	4	0	
1.971429E-9	2	0	
1.470857E-6	2	0	
1.482257E-6	2	0	
1.478314E-6	2	0	
1.483200E-6	2	0	
1.484657E-6	2	0	
1.487657E-6	2	0	
1.488000E-6	2	0	
1.488600E-6	2	0	
1.491171E-6	2	0	
1.486371E-6	2	0	
1.483543E-6	2	0	
2.777734E-5	3	0	
3.260940E-5	3	8	
3.239606E-5	3	8	
2.960914E-6	1	0	
1.502829E-6	1	0	
1.491429E-6	1	0	
1.492200E-6	1	0	
1.490829E-6	1	0	
1.487829E-6	1	0	
1.491257E-6	1	0	
1.485686E-6	1	0	
1.488343E-6	1	0	
1.489286E-6	1	0	
1.489286E-6	1	0	
1.492629E-6	1	0	
-2.475531E-5	4	0	
-2.957083E-5	4	0	
-2.937823E-5	4	0	
1.277143E-8	2	0	
1.474029E-6	2	0	
1.477714E-6	2	0	
1.488514E-6	2	0	
1.482600E-6	2	0	
1.486800E-6	2	0	
1.488514E-6	2	0	
1.495029E-6	2	0	
1.499057E-6	2	0	
1.488000E-6	2	0	
1.487314E-6	2	0	
1.485771E-6	2	0	
2.777666E-5	3	0	
3.261334E-5	3	8	
3.239914E-5	3	8	
2.965371E-6	1	0	
1.499657E-6	1	0	
1.491943E-6	1	0	
1.495543E-6	1	0	
1.491257E-6	1	0	
1.491257E-6	1	0	
1.488000E-6	1	0	
1.495714E-6	1	0	
1.489200E-6	1	0	
1.485686E-6	1	0	
1.487314E-6	1	0	
1.479171E-6	1	0	
-2.475549E-5	4	0	
-2.957846E-5	4	0	
-2.937549E-5	4	0	
-1.371429E-9	2	0	
1.471886E-6	2	0	
1.474457E-6	2	0	
1.476686E-6	2	0	
1.479000E-6	2	0	
1.484314E-6	2	0	
1.488857E-6	2	0	
1.480114E-6	2	0	
1.484914E-6	2	0	
1.483971E-6	2	0	
1.487914E-6	2	0	
1.491943E-6	2	0	
2.777134E-5	3	0	
3.261154E-5	3	8	
3.239066E-5	3	8	
2.962886E-6	1	0	
1.506686E-6	1	0	
1.489800E-6	1	0	
1.492714E-6	1	0	
1.486457E-6	1	0	
1.486800E-6	1	0	
1.480286E-6	1	0	
1.485857E-6	1	0	
1.489457E-6	1	0	
1.480200E-6	1	0	
1.485943E-6	1	0	
1.484571E-6	1	0	
-2.474606E-5	4	0	
-2.958197E-5	4	0	
-2.937960E-5	4	0	
-5.142857E-10	2	0	
1.463400E-6	2	0	
1.477114E-6	2	0	
1.473686E-6	2	0	
1.482086E-6	2	0	
1.481400E-6	2	0	
1.483286E-6	2	0	
1.486286E-6	2	0	
1.485600E-6	2	0	
1.476771E-6	2	0	
1.484400E-6	2	0	
1.486286E-6	2	0	
2.776611E-5	3	0	
3.261343E-5	3	8	
3.239263E-5	3	8	
2.954914E-6	1	0	
1.501286E-6	1	0	
1.494686E-6	1	0	
1.487143E-6	1	0	
1.489543E-6	1	0	
1.482343E-6	1	0	
1.487057E-6	1	0	
1.480200E-6	1	0	
1.486886E-6	1	0	
1.485343E-6	1	0	
1.484400E-6	1	0	
1.476600E-6	1	0	
-2.475729E-5	4	0	
-2.958206E-5	4	0	
-2.938774E-5	4	0	
-6.000000E-9	2	0	
1.463486E-6	2	0	
1.467600E-6	2	0	
1.472486E-6	2	0	
1.478743E-6	2	0	
1.479429E-6	2	0	
1.475314E-6	2	0	
1.481914E-6	2	0	
1.475400E-6	2	0	
1.479429E-6	2	0	
1.482257E-6	2	0	
1.481914E-6	2	0	
2.776020E-5	3	0	
3.260014E-5	3	8	
3.238303E-5	3	8	
2.944629E-6	1	0	
1.488000E-6	1	0	
1.484743E-6	1	0	
1.481314E-6	1	0	
1.483971E-6	1	0	
1.475229E-6	1	0	
1.481143E-6	1	0	
1.485857E-6	1	0	
1.471971E-6	1	0	
1.476086E-6	1	0	
1.473343E-6	1	0	
1.477029E-6	1	0	
-2.476671E-5	4	0	
-2.958694E-5	4	0	
-2.938380E-5	4	0	
-9.257143E-9	2	0	
1.467600E-6	2	0	
1.467857E-6	2	0	
1.475657E-6	2	0	
1.479686E-6	2	0	
1.473600E-6	2	0	
1.480886E-6	2	0	
1.479943E-6	2	0	
1.483543E-6	2	0	
1.480114E-6	2	0	
1.479257E-6	2	0	
1.479686E-6	2	0	
2.777194E-5	3	0	
3.260511E-5	3	8	
3.240017E-5	3	8	
2.953800E-6	1	0	
1.491943E-6	1	0	
1.495371E-6	1	0	
1.492286E-6	1	0	
1.485857E-6	1	0	
1.491429E-6	1	0	
1.484657E-6	1	0	
1.491771E-6	1	0	
1.490143E-6	1	0	
1.490314E-6	1	0	
1.486886E-6	1	0	
1.485257E-6	1	0	
-2.475489E-5	4	0	
-2.957717E-5	4	0	
-2.937874E-5	4	0	
1.088571E-8	2	0	
1.465543E-6	2	0	
1.473171E-6	2	0	
1.479857E-6	2	0	
1.472057E-6	2	0	
1.487743E-6	2	0	
1.483371E-6	2	0	
1.486200E-6	2	0	
1.480800E-6	2	0	
1.485257E-6	2	0	
1.481057E-6	2	0	
1.482343E-6	2	0	
2.776183E-5	3	0	
3.260529E-5	3	8	
3.239263E-5	3	8	
2.948229E-6	1	0	
1.486029E-6	1	0	
1.484314E-6	1	0	
1.486029E-6	1	0	
1.485429E-6	1	0	
1.476857E-6	1	0	
1.477200E-6	1	0	
1.482429E-6	1	0	
1.479429E-6	1	0	
1.480629E-6	1	0	
1.472229E-6	1	0	
1.467429E-6	1	0	
-2.476329E-5	4	0	
-2.959311E-5	4	0	
-2.939717E-5	4	0	
-3.171429E-9	2	0	
1.452600E-6	2	0	
1.464600E-6	2	0	
1.465114E-6	2	0	
1.467857E-6	2	0	
1.473171E-6	2	0	
1.474029E-6	2	0	
1.471200E-6	2	0	
1.470771E-6	2	0	
1.472400E-6	2	0	
1.469486E-6	2	0	
1.473086E-6	2	0	
2.775823E-5	3	0	
3.259809E-5	3	8	
3.238080E-5	3	8	
2.941286E-6	1	0	
1.485343E-6	1	0	
1.470514E-6	1	0	
1.473857E-6	1	0	
1.471800E-6	1	0	
1.470171E-6	1	0	
1.472829E-6	1	0	
1.467429E-6	1	0	
1.466400E-6	1	0	
1.469229E-6	1	0	
1.471286E-6	1	0	
1.472400E-6	1	0	
-2.476200E-5	4	0	
-2.959114E-5	4	0	
-2.939306E-5	4	0	
-8.571429E-9	2	0	
1.458086E-6	2	0	
1.465543E-6	2	0	
1.464857E-6	2	0	
1.466143E-6	2	0	
1.469914E-6	2	0	
1.467514E-6	2	0	
1.469486E-6	2	0	
1.468800E-6	2	0	
1.469314E-6	2	0	
1.462629E-6	2	0	
1.468886E-6	2	0	
2.775086E-5	3	0	
3.258926E-5	3	8	
3.237420E-5	3	8	
2.939657E-6	1	0	
1.474800E-6	1	0	
1.480029E-6	1	0	
1.475314E-6	1	0	
1.467686E-6	1	0	
1.467686E-6	1	0	
1.467771E-6	1	0	
1.469314E-6	1	0	
1.470943E-6	1	0	
1.473086E-6	1	0	
1.467514E-6	1	0	
1.466229E-6	1	0	
-2.477117E-5	4	0	
-2.959714E-5	4	0	
-2.939829E-5	4	0	
-8.400000E-9	2	0	
1.456286E-6	2	0	
1.453457E-6	2	0	
1.461257E-6	2	0	
1.466486E-6	2	0	
1.464257E-6	2	0	
1.466400E-6	2	0	
1.464600E-6	2	0	
1.471543E-6	2	0	
1.471114E-6	2	0	
1.464257E-6	2	0	
1.465114E-6	2	0	
2.775394E-5	3	0	
3.260031E-5	3	8	
3.237000E-5	3	8	
2.933143E-6	1	0	
1.473857E-6	1	0	
1.468886E-6	1	0	
1.464086E-6	1	0	
1.468543E-6	1	0	
1.471457E-6	1	0	
1.462200E-6	1	0	
1.458600E-6	1	0	
1.453714E-6	1	0	
1.466229E-6	1	0	
1.467171E-6	1	0	
1.453286E-6	1	0	
-2.477854E-5	4	0	
-2.960709E-5	4	0	
-2.940763E-5	4	0	
-2.185714E-8	2	0	
1.445400E-6	2	0	
1.445400E-6	2	0	
1.449857E-6	2	0	
1.455686E-6	2	0	
1.456286E-6	2	0	
1.456286E-6	2	0	
1.459543E-6	2	0	
1.453029E-6	2	0	
1.450629E-6	2	0	
1.455514E-6	2	0	
1.449600E-6	2	0	
2.774117E-5	3	0	
3.256860E-5	3	8	
3.235843E-5	3	8	
2.918143E-6	1	0	
1.466571E-6	1	0	
1.451143E-6	1	0	
1.452257E-6	1	0	
1.453971E-6	1	0	
1.447714E-6	1	0	
1.450114E-6	1	0	
1.449257E-6	1	0	
1.449000E-6	1	0	
1.451057E-6	1	0	
1.440429E-6	1	0	
1.450371E-6	1	0	
-2.479354E-5	4	0	
-2.961343E-5	4	0	
-2.941731E-5	4	0	
-2.777143E-8	2	0	
1.432800E-6	2	0	
1.437857E-6	2	0	
1.439400E-6	2	0	
1.448400E-6	2	0	
1.449000E-6	2	0	
1.444629E-6	2	0	
1.446257E-6	2	0	
1.448400E-6	2	0	
1.450286E-6	2	0	
1.442486E-6	2	0	
1.449771E-6	2	0	
2.772711E-5	3	0	
3.256603E-5	3	8	
3.235046E-5	3	8	
2.912914E-6	1	0	
1.453714E-6	1	0	
1.451400E-6	1	0	
1.443600E-6	1	0	
1.437771E-6	1	0	
1.446686E-6	1	0	
1.442400E-6	1	0	
1.451743E-6	1	0	
1.442743E-6	1	0	
1.439229E-6	1	0	
1.446257E-6	1	0	
1.446857E-6	1	0	
-2.479543E-5	4	0	
-2.962723E-5	4	0	
-2.942340E-5	4	0	
-3.882857E-8	2	0	
1.430143E-6	2	0	
1.422943E-6	2	0	
1.430486E-6	2	0	
1.434343E-6	2	0	
1.438714E-6	2	0	
1.437857E-6	2	0	
1.442057E-6	2	0	
1.436829E-6	2	0	
1.446686E-6	2	0	
1.445829E-6	2	0	
1.443857E-6	2	0	
2.771820E-5	3	0	
3.256423E-5	3	8	
3.235226E-5	3	8	
2.913943E-6	1	0	
1.450114E-6	1	0	
1.440600E-6	1	0	
1.438800E-6	1	0	
1.440514E-6	1	0	
1.427657E-6	1	0	
1.436143E-6	1	0	
1.431514E-6	1	0	
1.428514E-6	1	0	
1.433400E-6	1	0	
1.430057E-6	1	0	
1.429029E-6	1	0	
-2.481943E-5	4	0	
-2.963083E-5	4	0	
-2.942623E-5	4	0	
-5.160000E-8	2	0	
1.420457E-6	2	0	
1.424057E-6	2	0	
1.429371E-6	2	0	
1.425686E-6	2	0	
1.435800E-6	2	0	
1.429971E-6	2	0	
1.440257E-6	2	0	
1.434514E-6	2	0	
1.440343E-6	2	0	
1.437600E-6	2	0	
1.434000E-6	2	0	
2.772111E-5	3	0	
3.256226E-5	3	8	
3.234634E-5	3	8	
2.911971E-6	1	0	
1.449857E-6	1	0	
1.441114E-6	1	0	
1.437600E-6	1	0	
1.424914E-6	1	0	
1.436486E-6	1	0	
1.439057E-6	1	0	
1.439657E-6	1	0	
1.436314E-6	1	0	
1.442571E-6	1	0	
1.437600E-6	1	0	
1.434171E-6	1	0	
-2.480691E-5	4	0	
-2.962809E-5	4	0	
-2.942743E-5	4	0	
-4.208571E-8	2	0	
1.421743E-6	2	0	
1.431171E-6	2	0	
1.436057E-6	2	0	
1.436829E-6	2	0	
1.434514E-6	2	0	
1.437257E-6	2	0	
1.433829E-6	2	0	
1.438371E-6	2	0	
1.441714E-6	2	0	
1.438886E-6	2	0	
1.443086E-6	2	0	
2.772334E-5	3	0	
3.256363E-5	3	8	
3.235380E-5	3	8	
2.915486E-6	1	0	
1.460400E-6	1	0	
1.458343E-6	1	0	
1.450371E-6	1	0	
1.449171E-6	1	0	
1.441029E-6	1	0	
1.449600E-6	1	0	
1.441200E-6	1	0	
1.438971E-6	1	0	
1.440857E-6	1	0	
1.445400E-6	1	0	
1.443257E-6	1	0	
-2.478986E-5	4	0	
-2.961926E-5	4	0	
-2.942057E-5	4	0	
-3.934286E-8	2	0	
1.437343E-6	2	0	
1.434600E-6	2	0	
1.444971E-6	2	0	
1.449686E-6	2	0	
1.450029E-6	2	0	
1.450800E-6	2	0	
1.450200E-6	2	0	
1.450629E-6	2	0	
1.457914E-6	2	0	
1.449600E-6	2	0	
1.455600E-6	2	0	
2.774263E-5	3	0	
3.257863E-5	3	8	
3.236066E-5	3	8	
2.926371E-6	1	0	
1.466914E-6	1	0	
1.459886E-6	1	0	
1.458514E-6	1	0	
1.453371E-6	1	0	
1.449514E-6	1	0	
1.459286E-6	1	0	
1.449000E-6	1	0	
1.449857E-6	1	0	
1.448486E-6	1	0	
1.456286E-6	1	0	
1.459629E-6	1	0	
-2.477957E-5	4	0	
-2.961231E-5	4	0	
-2.941457E-5	4	0	
-2.640000E-8	2	0	
1.436486E-6	2	0	
1.444629E-6	2	0	
1.449857E-6	2	0	
1.451314E-6	2	0	
1.452857E-6	2	0	
1.455343E-6	2	0	
1.452257E-6	2	0	
1.454829E-6	2	0	
1.458857E-6	2	0	
1.457400E-6	2	0	
1.466657E-6	2	0	
2.774400E-5	3	0	
3.257074E-5	3	8	
3.236486E-5	3	8	
2.925429E-6	1	0	
1.463314E-6	1	0	
1.454314E-6	1	0	
1.457743E-6	1	0	
1.458943E-6	1	0	
1.454229E-6	1	0	
1.450629E-6	1	0	
1.455600E-6	1	0	
1.455343E-6	1	0	
1.454400E-6	1	0	
1.452429E-6	1	0	
1.455514E-6	1	0	
-2.478309E-5	4	0	
-2.959886E-5	4	0	
-2.940763E-5	4	0	
-2.322857E-8	2	0	
1.453629E-6	2	0	
1.454571E-6	2	0	
1.453371E-6	2	0	
1.458257E-6	2	0	
1.453629E-6	2	0	
1.461343E-6	2	0	
1.458343E-6	2	0	
1.456800E-6	2	0	
1.455171E-6	2	0	
1.462114E-6	2	0	
1.458086E-6	2	0	
2.774006E-5	3	0	
3.258463E-5	3	8	
3.236889E-5	3	8	
2.930657E-6	1	0	
1.465886E-6	1	0	
1.464771E-6	1	0	
1.466400E-6	1	0	
1.463571E-6	1	0	
1.458600E-6	1	0	
1.452086E-6	1	0	
1.458171E-6	1	0	
1.456371E-6	1	0	
1.459543E-6	1	0	
1.461857E-6	1	0	
1.454486E-6	1	0	
-2.478463E-5	4	0	
-2.960417E-5	4	0	
-2.940746E-5	4	0	
-2.777143E-8	2	0	
1.441543E-6	2	0	
1.449771E-6	2	0	
1.453543E-6	2	0	
1.458686E-6	2	0	
1.451314E-6	2	0	
1.456629E-6	2	0	
1.446343E-6	2	0	
1.455514E-6	2	0	
1.455771E-6	2	0	
1.460143E-6	2	0	
1.455771E-6	2	0	
2.774897E-5	3	0	
3.257854E-5	3	8	
3.236700E-5	3	8	
2.926371E-6	1	0	
1.466400E-6	1	0	
1.469829E-6	1	0	
1.459714E-6	1	0	
1.461857E-6	1	0	
1.455686E-6	1	0	
1.453114E-6	1	0	
1.456543E-6	1	0	
1.456200E-6	1	0	
1.459371E-6	1	0	
1.449771E-6	1	0	
1.448571E-6	1	0	
-2.479097E-5	4	0	
-2.960443E-5	4	0	
-2.940754E-5	4	0	
-2.760000E-8	2	0	
1.443600E-6	2	0	
1.449429E-6	2	0	
1.447886E-6	2	0	
1.449686E-6	2	0	
1.448657E-6	2	0	
1.456371E-6	2	0	
1.460571E-6	2	0	
1.459971E-6	2	0	
1.457400E-6	2	0	
1.451057E-6	2	0	
1.455343E-6	2	0	
2.773800E-5	3	0	
3.258214E-5	3	8	
3.236271E-5	3	8	
2.926457E-6	1	0	
1.469143E-6	1	0	
1.460486E-6	1	0	
1.457314E-6	1	0	
1.459029E-6	1	0	
1.456886E-6	1	0	
1.453800E-6	1	0	
1.462200E-6	1	0	
1.459543E-6	1	0	
1.458000E-6	1	0	
1.457486E-6	1	0	
1.453286E-6	1	0	
-2.478463E-5	4	0	
-2.960589E-5	4	0	
-2.940000E-5	4	0	
-2.417143E-8	2	0	
1.452000E-6	2	0	
1.454314E-6	2	0	
1.460914E-6	2	0	
1.459457E-6	2	0	
1.459543E-6	2	0	
1.465200E-6	2	0	
1.468714E-6	2	0	
1.462543E-6	2	0	
1.466486E-6	2	0	
1.470257E-6	2	0	
1.466657E-6	2	0	
2.774726E-5	3	0	
3.258814E-5	3	8	
3.237257E-5	3	8	
2.940943E-6	1	0	
1.482171E-6	1	0	
1.477543E-6	1	0	
1.477457E-6	1	0	
1.475571E-6	1	0	
1.470343E-6	1	0	
1.473771E-6	1	0	
1.466057E-6	1	0	
1.461429E-6	1	0	
1.460400E-6	1	0	
1.457314E-6	1	0	
1.468886E-6	1	0	
-2.477811E-5	4	0	
-2.959277E-5	4	0	
-2.939486E-5	4	0	
-1.260000E-8	2	0	
1.452429E-6	2	0	
1.466143E-6	2	0	
1.468029E-6	2	0	
1.470086E-6	2	0	
1.468371E-6	2	0	
1.469571E-6	2	0	
1.473086E-6	2	0	
1.472486E-6	2	0	
1.476686E-6	2	0	
1.475314E-6	2	0	
1.475571E-6	2	0	
2.776029E-5	3	0	
3.259646E-5	3	8	
3.238937E-5	3	8	
2.949257E-6	1	0	
1.491600E-6	1	0	
1.488257E-6	1	0	
1.483029E-6	1	0	
1.483286E-6	1	0	
1.472143E-6	1	0	
1.473343E-6	1	0	
1.479943E-6	1	0	
1.484057E-6	1	0	
1.479429E-6	1	0	
1.472829E-6	1	0	
1.475486E-6	1	0	
-2.475780E-5	4	0	
-2.958454E-5	4	0	
-2.938440E-5	4	0	
1.285714E-9	2	0	
1.469743E-6	2	0	
1.480200E-6	2	0	
1.484571E-6	2	0	
1.477457E-6	2	0	
1.484143E-6	2	0	
1.488943E-6	2	0	
1.483543E-6	2	0	
1.490229E-6	2	0	
1.480286E-6	2	0	
1.488257E-6	2	0	
1.492714E-6	2	0	
2.777854E-5	3	0	
3.260357E-5	3	8	
3.239649E-5	3	8	
2.964086E-6	1	0	
1.498971E-6	1	0	
1.491514E-6	1	0	
1.499143E-6	1	0	
1.490057E-6	1	0	
1.490914E-6	1	0	
1.487657E-6	1	0	
1.497000E-6	1	0	
1.488857E-6	1	0	
1.494171E-6	1	0	
1.493914E-6	1	0	
1.497257E-6	1	0	
-2.474623E-5	4	0	
-2.956826E-5	4	0	
-2.936614E-5	4	0	
1.054286E-8	2	0	
1.490314E-6	2	0	
1.487486E-6	2	0	
1.496400E-6	2	0	
1.500000E-6	2	0	
1.496486E-6	2	0	
1.492543E-6	2	0	
1.506600E-6	2	0	
1.500514E-6	2	0	
1.496571E-6	2	0	
1.496486E-6	2	0	
1.494086E-6	2	0	
2.778831E-5	3	0	
3.262903E-5	3	8	
3.241140E-5	3	8	
2.967257E-6	1	0	
1.515000E-6	1	0	
1.503086E-6	1	0	
1.505314E-6	1	0	
1.502400E-6	1	0	
1.499743E-6	1	0	
1.503171E-6	1	0	
1.496743E-6	1	0	
1.500000E-6	1	0	
1.502314E-6	1	0	
1.497429E-6	1	0	
1.502657E-6	1	0	
-2.473886E-5	4	0	
-2.956071E-5	4	0	
-2.936743E-5	4	0	
2.340000E-8	2	0	
1.488000E-6	2	0	
1.484743E-6	2	0	
1.495029E-6	2	0	
1.499400E-6	2	0	
1.501286E-6	2	0	
1.502914E-6	2	0	
1.507457E-6	2	0	
1.508314E-6	2	0	
1.509600E-6	2	0	
1.507200E-6	2	0	
1.501543E-6	2	0	
2.779243E-5	3	0	
3.262826E-5	3	8	
3.241449E-5	3	8	
2.977800E-6	1	0	
1.514057E-6	1	0	
1.503514E-6	1	0	
1.506343E-6	1	0	
1.505914E-6	1	0	
1.500686E-6	1	0	
1.497257E-6	1	0	
1.507371E-6	1	0	
1.502400E-6	1	0	
1.501029E-6	1	0	
1.499400E-6	1	0	
1.495543E-6	1	0	
-2.473251E-5	4	0	
-2.955977E-5	4	0	
-2.935594E-5	4	0	
2.768571E-8	2	0	
1.500171E-6	2	0	
1.497171E-6	2	0	
1.497257E-6	2	0	
1.502400E-6	2	0	
1.505229E-6	2	0	
1.507114E-6	2	0	
1.503429E-6	2	0	
1.501029E-6	2	0	
1.507286E-6	2	0	
1.504629E-6	2	0	
1.505314E-6	2	0	
2.778763E-5	3	0	
3.263074E-5	3	8	
3.241826E-5	3	8	
2.975229E-6	1	0	
1.515257E-6	1	0	
1.516971E-6	1	0	
1.508229E-6	1	0	
1.508486E-6	1	0	
1.507286E-6	1	0	
1.509686E-6	1	0	
1.509514E-6	1	0	
1.515943E-6	1	0	
1.510371E-6	1	0	
1.507629E-6	1	0	
1.503000E-6	1	0	
-2.473286E-5	4	0	
-2.955154E-5	4	0	
-2.935851E-5	4	0	
2.314286E-8	2	0	
1.498714E-6	2	0	
1.504971E-6	2	0	
1.503686E-6	2	0	
1.503514E-6	2	0	
1.502743E-6	2	0	
1.507286E-6	2	0	
1.512600E-6	2	0	
1.509086E-6	2	0	
1.514057E-6	2	0	
1.506943E-6	2	0	
1.512514E-6	2	0	
2.779543E-5	3	0	
3.263031E-5	3	8	
3.241894E-5	3	8	
2.978143E-6	1	0	
1.517314E-6	1	0	
1.514486E-6	1	0	
1.506857E-6	1	0	
1.507457E-6	1	0	
1.500086E-6	1	0	
1.509514E-6	1	0	
1.511400E-6	1	0	
1.511571E-6	1	0	
1.510029E-6	1	0	
1.506257E-6	1	0	
1.502657E-6	1	0	
-2.472934E-5	4	0	
-2.955926E-5	4	0	
-2.935534E-5	4	0	
3.197143E-8	2	0	
1.497943E-6	2	0	
1.502914E-6	2	0	
1.501886E-6	2	0	
1.512257E-6	2	0	
1.514057E-6	2	0	
1.513029E-6	2	0	
1.510457E-6	2	0	
1.519714E-6	2	0	
1.516200E-6	2	0	
1.512171E-6	2	0	
1.515000E-6	2	0	
2.779414E-5	3	0	
3.263443E-5	3	8	
3.242237E-5	3	8	
2.986457E-6	1	0	
1.518771E-6	1	0	
1.518943E-6	1	0	
1.513286E-6	1	0	
1.512600E-6	1	0	
1.516714E-6	1	0	
1.509171E-6	1	0	
1.521600E-6	1	0	
1.513714E-6	1	0	
1.515943E-6	1	0	
1.513457E-6	1	0	
1.509686E-6	1	0	
-2.472403E-5	4	0	
-2.955103E-5	4	0	
-2.934771E-5	4	0	
2.940000E-8	2	0	
1.504371E-6	2	0	
1.506429E-6	2	0	
1.510543E-6	2	0	
1.505914E-6	2	0	
1.511314E-6	2	0	
1.515086E-6	2	0	
1.516371E-6	2	0	
1.509686E-6	2	0	
1.512171E-6	2	0	
1.515086E-6	2	0	
1.518343E-6	2	0	
2.779440E-5	3	0	
3.263854E-5	3	8	
3.242571E-5	3	8	
2.986114E-6	1	0	
1.527857E-6	1	0	
1.522886E-6	1	0	
1.516714E-6	1	0	
1.516543E-6	1	0	
1.516800E-6	1	0	
1.513114E-6	1	0	
1.512086E-6	1	0	
1.510371E-6	1	0	
1.509086E-6	1	0	
1.511314E-6	1	0	
1.509171E-6	1	0	
-2.472969E-5	4	0	
-2.955146E-5	4	0	
-2.934069E-5	4	0	
4.011429E-8	2	0	
1.493914E-6	2	0	
1.502914E-6	2	0	
1.510029E-6	2	0	
1.519457E-6	2	0	
1.511314E-6	2	0	
1.514229E-6	2	0	
1.516029E-6	2	0	
1.519714E-6	2	0	
1.519800E-6	2	0	
1.524343E-6	2	0	
1.520743E-6	2	0	
2.780794E-5	3	0	
3.264960E-5	3	8	
3.242709E-5	3	8	
2.985171E-6	1	0	
1.525714E-6	1	0	
1.519800E-6	1	0	
1.524086E-6	1	0	
1.518771E-6	1	0	
1.522886E-6	1	0	
1.522114E-6	1	0	
1.529657E-6	1	0	
1.521943E-6	1	0	
1.528200E-6	1	0	
1.522371E-6	1	0	
1.514486E-6	1	0	
-2.472531E-5	4	0	
-2.954666E-5	4	0	
-2.934206E-5	4	0	
4.234286E-8	2	0	
1.509343E-6	2	0	
1.508229E-6	2	0	
1.512343E-6	2	0	
1.515343E-6	2	0	
1.505486E-6	2	0	
1.517914E-6	2	0	
1.513800E-6	2	0	
1.514743E-6	2	0	
1.517657E-6	2	0	
1.517143E-6	2	0	
1.513371E-6	2	0	
2.779929E-5	3	0	
3.263254E-5	3	8	
3.242991E-5	3	8	
2.984571E-6	1	0	
1.524429E-6	1	0	
1.524429E-6	1	0	
1.513457E-6	1	0	
1.515771E-6	1	0	
1.515000E-6	1	0	
1.510543E-6	1	0	
1.504886E-6	1	0	
1.509171E-6	1	0	
1.504371E-6	1	0	
1.501029E-6	1	0	
1.509343E-6	1	0	
-2.472814E-5	4	0	
-2.955129E-5	4	0	
-2.935774E-5	4	0	
4.028571E-8	2	0	
1.491771E-6	2	0	
1.505914E-6	2	0	
1.505400E-6	2	0	
1.504800E-6	2	0	
1.503343E-6	2	0	
1.505486E-6	2	0	
1.507886E-6	2	0	
1.509600E-6	2	0	
1.500943E-6	2	0	
1.500600E-6	2	0	
1.511743E-6	2	0	
2.779029E-5	3	0	
3.262783E-5	3	8	
3.241089E-5	3	8	
2.980286E-6	1	0	
1.517657E-6	1	0	
1.515600E-6	1	0	
1.512343E-6	1	0	
1.510371E-6	1	0	
1.512171E-6	1	0	
1.504543E-6	1	0	
1.510114E-6	1	0	
1.498371E-6	1	0	
1.507286E-6	1	0	
1.509600E-6	1	0	
1.504714E-6	1	0	
-2.473260E-5	4	0	
-2.955609E-5	4	0	
-2.936057E-5	4	0	
2.845714E-8	2	0	
1.490400E-6	2	0	
1.502143E-6	2	0	
1.497857E-6	2	0	
1.498114E-6	2	0	
1.497857E-6	2	0	
1.499743E-6	2	0	
1.507200E-6	2	0	
1.499571E-6	2	0	
1.495800E-6	2	0	
1.500000E-6	2	0	
1.506600E-6	2	0	
2.778626E-5	3	0	
3.262586E-5	3	8	
3.240831E-5	3	8	
2.974286E-6	1	0	
1.509514E-6	1	0	
1.501800E-6	1	0	
1.497943E-6	1	0	
1.495200E-6	1	0	
1.498371E-6	1	0	
1.497086E-6	1	0	
1.499314E-6	1	0	
1.494857E-6	1	0	
1.492286E-6	1	0	
1.489800E-6	1	0	
1.491600E-6	1	0	
-2.475300E-5	4	0	
-2.957314E-5	4	0	
-2.937206E-5	4	0	
1.457143E-8	2	0	
1.474029E-6	2	0	
1.478486E-6	2	0	
1.485943E-6	2	0	
1.487486E-6	2	0	
1.489543E-6	2	0	
1.481571E-6	2	0	
1.488857E-6	2	0	
1.482171E-6	2	0	
1.484829E-6	2	0	
1.494171E-6	2	0	
1.493229E-6	2	0	
2.777409E-5	3	0	
3.261797E-5	3	8	
3.238869E-5	3	8	
2.955686E-6	1	0	
1.498886E-6	1	0	
1.492457E-6	1	0	
1.487143E-6	1	0	
1.483371E-6	1	0	
1.485257E-6	1	0	
1.486371E-6	1	0	
1.492114E-6	1	0	
1.488686E-6	1	0	
1.490486E-6	1	0	
1.483371E-6	1	0	
1.484914E-6	1	0	
-2.474786E-5	4	0	
-2.958094E-5	4	0	
-2.937729E-5	4	0	
5.057143E-9	2	0	
1.471114E-6	2	0	
1.474543E-6	2	0	
1.474629E-6	2	0	
1.477286E-6	2	0	
1.480629E-6	2	0	
1.475400E-6	2	0	
1.477457E-6	2	0	
1.486714E-6	2	0	
1.484314E-6	2	0	
1.480371E-6	2	0	
1.485686E-6	2	0	
2.776346E-5	3	0	
3.260220E-5	3	8	
3.238817E-5	3	8	
2.953714E-6	1	0	
1.489286E-6	1	0	
1.483200E-6	1	0	
1.489971E-6	1	0	
1.481143E-6	1	0	
1.477286E-6	1	0	
1.484400E-6	1	0	
1.472400E-6	1	0	
1.475829E-6	1	0	
1.482514E-6	1	0	
1.472571E-6	1	0	
1.471286E-6	1	0	
-2.476680E-5	4	0	
-2.959260E-5	4	0	
-2.938526E-5	4	0	
-2.657143E-9	2	0	
1.461171E-6	2	0	
1.470514E-6	2	0	
1.471543E-6	2	0	
1.471286E-6	2	0	
1.468714E-6	2	0	
1.477457E-6	2	0	
1.473429E-6	2	0	
1.470171E-6	2	0	
1.478571E-6	2	0	
1.470771E-6	2	0	
1.476000E-6	2	0	
2.775797E-5	3	0	
3.259671E-5	3	8	
3.237977E-5	3	8	
2.938200E-6	1	0	
1.479257E-6	1	0	
1.480286E-6	1	0	
1.470171E-6	1	0	
1.468629E-6	1	0	
1.473429E-6	1	0	
1.470171E-6	1	0	
1.466400E-6	1	0	
1.470257E-6	1	0	
1.470600E-6	1	0	
1.467086E-6	1	0	
1.459971E-6	1	0	
-2.477194E-5	4	0	
-2.958446E-5	4	0	
-2.938620E-5	4	0	
-1.474286E-8	2	0	
1.462543E-6	2	0	
1.464514E-6	2	0	
1.466743E-6	2	0	
1.470086E-6	2	0	
1.468371E-6	2	0	
1.471286E-6	2	0	
1.472229E-6	2	0	
1.471200E-6	2	0	
1.474886E-6	2	0	
1.472314E-6	2	0	
1.475229E-6	2	0	
2.775849E-5	3	0	
3.259911E-5	3	8	
3.238354E-5	3	8	
2.943686E-6	1	0	
1.482257E-6	1	0	
1.476686E-6	1	0	
1.474543E-6	1	0	
1.479086E-6	1	0	
1.467429E-6	1	0	
1.474114E-6	1	0	
1.464343E-6	1	0	
1.467343E-6	1	0	
1.468629E-6	1	0	
1.464771E-6	1	0	
1.472914E-6	1	0	
-2.476680E-5	4	0	
-2.960331E-5	4	0	
-2.940146E-5	4	0	
-1.242857E-8	2	0	
1.456886E-6	2	0	
1.467857E-6	2	0	
1.470771E-6	2	0	
1.469571E-6	2	0	
1.472657E-6	2	0	
1.468200E-6	2	0	
1.471543E-6	2	0	
1.476857E-6	2	0	
1.477371E-6	2	0	
1.479514E-6	2	0	
1.485857E-6	2	0	
2.775729E-5	3	0	
3.259646E-5	3	8	
3.238234E-5	3	8	
2.951143E-6	1	0	
1.496571E-6	1	0	
1.480886E-6	1	0	
1.478400E-6	1	0	
1.469314E-6	1	0	
1.474029E-6	1	0	
1.471371E-6	1	0	
1.472143E-6	1	0	
1.470257E-6	1	0	
1.474200E-6	1	0	
1.471629E-6	1	0	
1.472229E-6	1	0	
-2.476869E-5	4	0	
-2.958823E-5	4	0	
-2.939023E-5	4	0	
-5.657143E-9	2	0	
1.464171E-6	2	0	
1.468114E-6	2	0	
1.475057E-6	2	0	
1.473343E-6	2	0	
1.480114E-6	2	0	
1.473943E-6	2	0	
1.480200E-6	2	0	
1.481914E-6	2	0	
1.480029E-6	2	0	
1.477886E-6	2	0	
1.481314E-6	2	0	
2.776080E-5	3	0	
3.260743E-5	3	8	
3.238697E-5	3	8	
2.956457E-6	1	0	
1.493400E-6	1	0	
1.488771E-6	1	0	
1.491771E-6	1	0	
1.482857E-6	1	0	
1.478743E-6	1	0	
1.480029E-6	1	0	
1.483629E-6	1	0	
1.484057E-6	1	0	
1.479000E-6	1	0	
1.483543E-6	1	0	
1.486629E-6	1	0	
-2.475189E-5	4	0	
-2.957837E-5	4	0	
-2.937309E-5	4	0	
6.257143E-9	2	0	
1.474886E-6	2	0	
1.475571E-6	2	0	
1.475314E-6	2	0	
1.483971E-6	2	0	
1.490914E-6	2	0	
1.488000E-6	2	0	
1.485686E-6	2	0	
1.493229E-6	2	0	
1.490914E-6	2	0	
1.486457E-6	2	0	
1.489200E-6	2	0	
2.777417E-5	3	0	
3.261171E-5	3	8	
3.240146E-5	3	8	
2.955514E-6	1	0	
1.495286E-6	1	0	
1.490829E-6	1	0	
1.486543E-6	1	0	
1.492714E-6	1	0	
1.492629E-6	1	0	
1.487914E-6	1	0	
1.489714E-6	1	0	
1.484057E-6	1	0	
1.490657E-6	1	0	
1.481057E-6	1	0	
1.479600E-6	1	0	
-2.475514E-5	4	0	
-2.957511E-5	4	0	
-2.937420E-5	4	0	
3.514286E-9	2	0	
1.470429E-6	2	0	
1.483457E-6	2	0	
1.484143E-6	2	0	
1.482000E-6	2	0	
1.486800E-6	2	0	
1.493229E-6	2	0	
1.487229E-6	2	0	
1.484571E-6	2	0	
1.491686E-6	2	0	
1.492286E-6	2	0	
1.492886E-6	2	0	
2.777066E-5	3	0	
3.261574E-5	3	8	
3.239486E-5	3	8	
2.957829E-6	1	0	
1.499229E-6	1	0	
1.492114E-6	1	0	
1.484400E-6	1	0	
1.493571E-6	1	0	
1.490571E-6	1	0	
1.485857E-6	1	0	
1.488000E-6	1	0	
1.483200E-6	1	0	
1.480457E-6	1	0	
1.486371E-6	1	0	
1.481914E-6	1	0	
-2.475326E-5	4	0	
-2.958171E-5	4	0	
-2.937206E-5	4	0	
1.491429E-8	2	0	
1.475829E-6	2	0	
1.477543E-6	2	0	
1.483029E-6	2	0	
1.484057E-6	2	0	
1.488257E-6	2	0	
1.490571E-6	2	0	
1.492800E-6	2	0	
1.491943E-6	2	0	
1.491086E-6	2	0	
1.492457E-6	2	0	
1.492114E-6	2	0	
2.777049E-5	3	0	
3.261771E-5	3	8	
3.240197E-5	3	8	
2.955771E-6	1	0	
1.501971E-6	1	0	
1.498200E-6	1	0	
1.494857E-6	1	0	
1.499229E-6	1	0	
1.488514E-6	1	0	
1.490486E-6	1	0	
1.491857E-6	1	0	
1.489200E-6	1	0	
1.485857E-6	1	0	
1.496400E-6	1	0	
1.494171E-6	1	0	
-2.474820E-5	4	0	
-2.957263E-5	4	0	
-2.936794E-5	4	0	
1.671429E-8	2	0	
1.480457E-6	2	0	
1.487571E-6	2	0	
1.487743E-6	2	0	
1.497514E-6	2	0	
1.492286E-6	2	0	
1.489971E-6	2	0	
1.494429E-6	2	0	
1.498457E-6	2	0	
1.498714E-6	2	0	
1.502486E-6	2	0	
1.502057E-6	2	0	
2.778549E-5	3	0	
3.261994E-5	3	8	
3.240900E-5	3	8	
2.972314E-6	1	0	
1.513029E-6	1	0	
1.505743E-6	1	0	
1.508400E-6	1	0	
1.507200E-6	1	0	
1.504886E-6	1	0	
1.504543E-6	1	0	
1.505229E-6	1	0	
1.503686E-6	1	0	
1.502571E-6	1	0	
1.498457E-6	1	0	
1.498371E-6	1	0	
-2.473466E-5	4	0	
-2.956089E-5	4	0	
-2.935689E-5	4	0	
1.945714E-8	2	0	
1.497429E-6	2	0	
1.496229E-6	2	0	
1.502743E-6	2	0	
1.502057E-6	2	0	
1.504286E-6	2	0	
1.503943E-6	2	0	
1.502743E-6	2	0	
1.504114E-6	2	0	
1.507800E-6	2	0	
1.515000E-6	2	0	
1.518171E-6	2	0	
2.779783E-5	3	0	
3.263460E-5	3	8	
3.241749E-5	3	8	
2.981743E-6	1	0	
1.527171E-6	1	0	
1.519800E-6	1	0	
1.518514E-6	1	0	
1.509857E-6	1	0	
1.511743E-6	1	0	
1.507886E-6	1	0	
1.513200E-6	1	0	
1.508057E-6	1	0	
1.510543E-6	1	0	
1.507286E-6	1	0	
1.504543E-6	1	0	
-2.472874E-5	4	0	
-2.955351E-5	4	0	
-2.935191E-5	4	0	
3.720000E-8	2	0	
1.500857E-6	2	0	
1.506686E-6	2	0	
1.508829E-6	2	0	
1.506943E-6	2	0	
1.515000E-6	2	0	
1.510800E-6	2	0	
1.510714E-6	2	0	
1.516971E-6	2	0	
1.516543E-6	2	0	
1.515171E-6	2	0	
1.517657E-6	2	0	
2.779989E-5	3	0	
3.263657E-5	3	8	
3.242563E-5	3	8	
2.982600E-6	1	0	
1.524514E-6	1	0	
1.515000E-6	1	0	
1.512600E-6	1	0	
1.510114E-6	1	0	
1.515514E-6	1	0	
1.513029E-6	1	0	
1.513714E-6	1	0	
1.506600E-6	1	0	
1.505314E-6	1	0	
1.507286E-6	1	0	
1.507286E-6	1	0	
-2.473577E-5	4	0	
-2.955986E-5	4	0	
-2.935997E-5	4	0	
2.022857E-8	2	0	
1.492371E-6	2	0	
1.492543E-6	2	0	
1.505829E-6	2	0	
1.503343E-6	2	0	
1.506686E-6	2	0	
1.505743E-6	2	0	
1.510029E-6	2	0	
1.506171E-6	2	0	
1.506257E-6	2	0	
1.514143E-6	2	0	
1.509429E-6	2	0	
2.779363E-5	3	0	
3.262886E-5	3	8	
3.241560E-5	3	8	
2.977543E-6	1	0	
1.516200E-6	1	0	
1.511400E-6	1	0	
1.501457E-6	1	0	
1.504800E-6	1	0	
1.499486E-6	1	0	
1.502314E-6	1	0	
1.499143E-6	1	0	
1.498200E-6	1	0	
1.498200E-6	1	0	
1.497429E-6	1	0	
1.499657E-6	1	0	
-2.473363E-5	4	0	
-2.955660E-5	4	0	
-2.936297E-5	4	0	
2.271429E-8	2	0	
1.484143E-6	2	0	
1.488943E-6	2	0	
1.499143E-6	2	0	
1.492371E-6	2	0	
1.496914E-6	2	0	
1.502829E-6	2	0	
1.504886E-6	2	0	
1.502829E-6	2	0	
1.498543E-6	2	0	
1.498371E-6	2	0	
1.507371E-6	2	0	
2.778634E-5	3	0	
3.261900E-5	3	8	
3.240994E-5	3	8	
2.966571E-6	1	0	
1.509771E-6	1	0	
1.504114E-6	1	0	
1.500857E-6	1	0	
1.500686E-6	1	0	
1.492886E-6	1	0	
1.496571E-6	1	0	
1.497429E-6	1	0	
1.496143E-6	1	0	
1.492371E-6	1	0	
1.489886E-6	1	0	
1.488343E-6	1	0	
-2.473791E-5	4	0	
-2.956354E-5	4	0	
-2.936606E-5	4	0	
1.491429E-8	2	0	
1.481314E-6	2	0	
1.485429E-6	2	0	
1.486371E-6	2	0	
1.494514E-6	2	0	
1.496914E-6	2	0	
1.491857E-6	2	0	
1.494429E-6	2	0	
1.501371E-6	2	0	
1.495800E-6	2	0	
1.500171E-6	2	0	
1.499743E-6	2	0	
2.778094E-5	3	0	
3.262800E-5	3	8	
3.240309E-5	3	8	
2.968543E-6	1	0	
1.513371E-6	1	0	
1.502657E-6	1	0	
1.500686E-6	1	0	
1.502143E-6	1	0	
1.503257E-6	1	0	
1.502486E-6	1	0	
1.499486E-6	1	0	
1.498629E-6	1	0	
1.493057E-6	1	0	
1.497086E-6	1	0	
1.494257E-6	1	0	
-2.474640E-5	4	0	
-2.956311E-5	4	0	
-2.936340E-5	4	0	
1.911429E-8	2	0	
1.483971E-6	2	0	
1.481914E-6	2	0	
1.495543E-6	2	0	
1.498029E-6	2	0	
1.492457E-6	2	0	
1.498971E-6	2	0	
1.497514E-6	2	0	
1.492457E-6	2	0	
1.498800E-6	2	0	
1.492200E-6	2	0	
1.501286E-6	2	0	
2.777657E-5	3	0	
3.261180E-5	3	8	
3.239786E-5	3	8	
2.965200E-6	1	0	
1.509943E-6	1	0	
1.498457E-6	1	0	
1.495629E-6	1	0	
1.493143E-6	1	0	
1.488429E-6	1	0	
1.486543E-6	1	0	
1.485600E-6	1	0	
1.485943E-6	1	0	
1.484571E-6	1	0	
1.489714E-6	1	0	
1.488000E-6	1	0	
-2.474889E-5	4	0	
-2.957194E-5	4	0	
-2.936794E-5	4	0	
3.000000E-9	2	0	
1.477371E-6	2	0	
1.490486E-6	2	0	
1.489629E-6	2	0	
1.482514E-6	2	0	
1.487829E-6	2	0	
1.487486E-6	2	0	
1.491086E-6	2	0	
1.489971E-6	2	0	
1.487057E-6	2	0	
1.495971E-6	2	0	
1.500343E-6	2	0	
2.778446E-5	3	0	
3.261789E-5	3	8	
3.239554E-5	3	8	
2.958771E-6	1	0	
1.518857E-6	1	0	
1.498971E-6	1	0	
1.498029E-6	1	0	
1.498114E-6	1	0	
1.493143E-6	1	0	
1.499057E-6	1	0	
1.491171E-6	1	0	
1.489800E-6	1	0	
1.487571E-6	1	0	
1.494857E-6	1	0	
1.492714E-6	1	0	
-2.474203E-5	4	0	
-2.956449E-5	4	0	
-2.936854E-5	4	0	
1.688571E-8	2	0	
1.482343E-6	2	0	
1.495886E-6	2	0	
1.488686E-6	2	0	
1.493486E-6	2	0	
1.497171E-6	2	0	
1.492286E-6	2	0	
1.494514E-6	2	0	
1.500343E-6	2	0	
1.493571E-6	2	0	
1.503771E-6	2	0	
1.500943E-6	2	0	
2.778231E-5	3	0	
3.261900E-5	3	8	
3.240523E-5	3	8	
2.969057E-6	1	0	
1.505143E-6	1	0	
1.503686E-6	1	0	
1.499571E-6	1	0	
1.498200E-6	1	0	
1.494514E-6	1	0	
1.491429E-6	1	0	
1.496314E-6	1	0	
1.489286E-6	1	0	
1.495286E-6	1	0	
1.494429E-6	1	0	
1.495286E-6	1	0	
-2.473989E-5	4	0	
-2.956671E-5	4	0	
-2.936271E-5	4	0	
2.202857E-8	2	0	
1.486971E-6	2	0	
1.483714E-6	2	0	
1.491171E-6	2	0	
1.490314E-6	2	0	
1.492800E-6	2	0	
1.505229E-6	2	0	
1.505914E-6	2	0	
1.498286E-6	2	0	
1.497514E-6	2	0	
1.512171E-6	2	0	
1.500429E-6	2	0	
2.778180E-5	3	0	
3.263263E-5	3	8	
3.241714E-5	3	8	
2.970257E-6	1	0	
1.506857E-6	1	0	
1.505229E-6	1	0	
1.503771E-6	1	0	
1.494771E-6	1	0	
1.501971E-6	1	0	
1.500514E-6	1	0	
1.501200E-6	1	0	
1.490143E-6	1	0	
1.490743E-6	1	0	
1.497257E-6	1	0	
1.502486E-6	1	0	
-2.474040E-5	4	0	
-2.956277E-5	4	0	
-2.936289E-5	4	0	
1.362857E-8	2	0	
1.487743E-6	2	0	
1.494429E-6	2	0	
1.501114E-6	2	0	
1.503257E-6	2	0	
1.503686E-6	2	0	
1.500857E-6	2	0	
1.500429E-6	2	0	
1.499914E-6	2	0	
1.500257E-6	2	0	
1.502400E-6	2	0	
1.504114E-6	2	0	
2.779414E-5	3	0	
3.262671E-5	3	8	
3.241089E-5	3	8	
2.969571E-6	1	0	
1.506514E-6	1	0	
1.514057E-6	1	0	
1.505229E-6	1	0	
1.497086E-6	1	0	
1.495200E-6	1	0	
1.488514E-6	1	0	
1.490914E-6	1	0	
1.484571E-6	1	0	
1.498800E-6	1	0	
1.493657E-6	1	0	
1.498286E-6	1	0	
-2.474794E-5	4	0	
-2.957349E-5	4	0	
-2.937326E-5	4	0	
1.860000E-8	2	0	
1.477800E-6	2	0	
1.487486E-6	2	0	
1.482600E-6	2	0	
1.488343E-6	2	0	
1.482343E-6	2	0	
1.494086E-6	2	0	
1.484314E-6	2	0	
1.492200E-6	2	0	
1.493486E-6	2	0	
1.499914E-6	2	0	
1.492200E-6	2	0	
2.777666E-5	3	0	
3.260803E-5	3	8	
3.238920E-5	3	8	
2.963314E-6	1	0	
1.496057E-6	1	0	
1.495029E-6	1	0	
1.487743E-6	1	0	
1.490914E-6	1	0	
1.484743E-6	1	0	
1.482943E-6	1	0	
1.483457E-6	1	0	
1.482600E-6	1	0	
1.480200E-6	1	0	
1.478571E-6	1	0	
1.482686E-6	1	0	
-2.475686E-5	4	0	
-2.957143E-5	4	0	
-2.937626E-5	4	0	
9.514286E-9	2	0	
1.475400E-6	2	0	
1.477714E-6	2	0	
1.482171E-6	2	0	
1.482771E-6	2	0	
1.484314E-6	2	0	
1.492200E-6	2	0	
1.480029E-6	2	0	
1.478657E-6	2	0	
1.488171E-6	2	0	
1.483886E-6	2	0	
1.486543E-6	2	0	
2.777066E-5	3	0	
3.260863E-5	3	8	
3.238989E-5	3	8	
2.953971E-6	1	0	
1.490743E-6	1	0	
1.488857E-6	1	0	
1.488857E-6	1	0	
1.490743E-6	1	0	
1.494171E-6	1	0	
1.488686E-6	1	0	
1.489629E-6	1	0	
1.487057E-6	1	0	
1.491514E-6	1	0	
1.487657E-6	1	0	
1.482686E-6	1	0	
-2.475163E-5	4	0	
-2.957700E-5	4	0	
-2.937017E-5	4	0	
7.542857E-9	2	0	
1.471286E-6	2	0	
1.475743E-6	2	0	
1.482514E-6	2	0	
1.485686E-6	2	0	
1.488171E-6	2	0	
1.484314E-6	2	0	
1.483886E-6	2	0	
1.484486E-6	2	0	
1.485771E-6	2	0	
1.492286E-6	2	0	
1.492886E-6	2	0	
2.777211E-5	3	0	
3.261283E-5	3	8	
3.239709E-5	3	8	
2.956971E-6	1	0	
1.499143E-6	1	0	
1.487143E-6	1	0	
1.499229E-6	1	0	
1.484829E-6	1	0	
1.496657E-6	1	0	
1.484829E-6	1	0	
1.486971E-6	1	0	
1.489971E-6	1	0	
1.488171E-6	1	0	
1.480543E-6	1	0	
1.486200E-6	1	0	
-2.475111E-5	4	0	
-2.957323E-5	4	0	
-2.937506E-5	4	0	
5.057143E-9	2	0	
1.475829E-6	2	0	
1.486371E-6	2	0	
1.494429E-6	2	0	
1.485771E-6	2	0	
1.495629E-6	2	0	
1.488000E-6	2	0	
1.491771E-6	2	0	
1.489543E-6	2	0	
1.494257E-6	2	0	
1.491257E-6	2	0	
1.492371E-6	2	0	
2.778300E-5	3	0	
3.261497E-5	3	8	
3.240471E-5	3	8	
2.953800E-6	1	0	
1.509857E-6	1	0	
1.499400E-6	1	0	
1.489886E-6	1	0	
1.489371E-6	1	0	
1.489286E-6	1	0	
1.494514E-6	1	0	
1.494343E-6	1	0	
1.493486E-6	1	0	
1.494514E-6	1	0	
1.487829E-6	1	0	
1.491429E-6	1	0	
-2.474554E-5	4	0	
-2.956860E-5	4	0	
-2.936923E-5	4	0	
1.114286E-8	2	0	
1.475400E-6	2	0	
1.484914E-6	2	0	
1.484486E-6	2	0	
1.482771E-6	2	0	
1.492543E-6	2	0	
1.494000E-6	2	0	
1.487743E-6	2	0	
1.487571E-6	2	0	
1.490743E-6	2	0	
1.487314E-6	2	0	
1.497771E-6	2	0	
2.778523E-5	3	0	
3.262337E-5	3	8	
3.240369E-5	3	8	
2.956543E-6	1	0	
1.496400E-6	1	0	
1.492286E-6	1	0	
1.487486E-6	1	0	
1.484229E-6	1	0	
1.482514E-6	1	0	
1.486457E-6	1	0	
1.487143E-6	1	0	
1.489286E-6	1	0	
1.485086E-6	1	0	
1.485000E-6	1	0	
1.481143E-6	1	0	
-2.475951E-5	4	0	
-2.957666E-5	4	0	
-2.938157E-5	4	0	
6.514286E-9	2	0	
1.473600E-6	2	0	
1.478571E-6	2	0	
1.481400E-6	2	0	
1.485857E-6	2	0	
1.480543E-6	2	0	
1.488000E-6	2	0	
1.480371E-6	2	0	
1.482429E-6	2	0	
1.481486E-6	2	0	
1.480971E-6	2	0	
1.479086E-6	2	0	
2.777417E-5	3	0	
3.260194E-5	3	8	
3.238937E-5	3	8	
2.955171E-6	1	0	
1.496914E-6	1	0	
1.481829E-6	1	0	
1.484400E-6	1	0	
1.482771E-6	1	0	
1.485257E-6	1	0	
1.482600E-6	1	0	
1.482857E-6	1	0	
1.484743E-6	1	0	
1.477371E-6	1	0	
1.477200E-6	1	0	
1.480457E-6	1	0	
-2.476337E-5	4	0	
-2.957443E-5	4	0	
-2.938080E-5	4	0	
6.428571E-9	2	0	
1.474029E-6	2	0	
1.482686E-6	2	0	
1.480114E-6	2	0	
1.484571E-6	2	0	
1.488943E-6	2	0	
1.485171E-6	2	0	
1.487314E-6	2	0	
1.490229E-6	2	0	
1.487829E-6	2	0	
1.490743E-6	2	0	
1.492971E-6	2	0	
2.777657E-5	3	0	
3.260820E-5	3	8	
3.239417E-5	3	8	
2.954743E-6	1	0	
1.497514E-6	1	0	
1.494943E-6	1	0	
1.488343E-6	1	0	
1.489971E-6	1	0	
1.484400E-6	1	0	
1.487057E-6	1	0	
1.482257E-6	1	0	
1.487657E-6	1	0	
1.477543E-6	1	0	
1.484571E-6	1	0	
1.483800E-6	1	0	
-2.475369E-5	4	0	
-2.956980E-5	4	0	
-2.937171E-5	4	0	
5.057143E-9	2	0	
1.478657E-6	2	0	
1.481571E-6	2	0	
1.481057E-6	2	0	
1.486800E-6	2	0	
1.486543E-6	2	0	
1.490571E-6	2	0	
1.489371E-6	2	0	
1.498029E-6	2	0	
1.499229E-6	2	0	
1.488943E-6	2	0	
1.487486E-6	2	0	
2.777803E-5	3	0	
3.262080E-5	3	8	
3.239837E-5	3	8	
2.964857E-6	1	0	
1.505057E-6	1	0	
1.501800E-6	1	0	
1.495029E-6	1	0	
1.486200E-6	1	0	
1.487571E-6	1	0	
1.490229E-6	1	0	
1.491857E-6	1	0	
1.485171E-6	1	0	
1.485343E-6	1	0	
1.490400E-6	1	0	
1.482514E-6	1	0	
-2.475043E-5	4	0	
-2.956731E-5	4	0	
-2.936597E-5	4	0	
9.000000E-9	2	0	
1.484057E-6	2	0	
1.491171E-6	2	0	
1.490571E-6	2	0	
1.496400E-6	2	0	
1.490314E-6	2	0	
1.494943E-6	2	0	
1.497600E-6	2	0	
1.497257E-6	2	0	
1.496143E-6	2	0	
1.490914E-6	2	0	
1.494086E-6	2	0	
2.778086E-5	3	0	
3.262251E-5	3	8	
3.240086E-5	3	8	
2.967943E-6	1	0	
1.507629E-6	1	0	
1.501971E-6	1	0	
1.493914E-6	1	0	
1.502829E-6	1	0	
1.497257E-6	1	0	
1.492371E-6	1	0	
1.493657E-6	1	0	
1.500686E-6	1	0	
1.492371E-6	1	0	
1.501629E-6	1	0	
1.497257E-6	1	0	
-2.474494E-5	4	0	
-2.956226E-5	4	0	
-2.936349E-5	4	0	
2.802857E-8	2	0	
1.481829E-6	2	0	
1.498457E-6	2	0	
1.496829E-6	2	0	
1.497943E-6	2	0	
1.502486E-6	2	0	
1.494686E-6	2	0	
1.489286E-6	2	0	
1.496229E-6	2	0	
1.502143E-6	2	0	
1.507371E-6	2	0	
1.505829E-6	2	0	
2.778823E-5	3	0	
3.262706E-5	3	8	
3.240857E-5	3	8	
2.977200E-6	1	0	
1.508657E-6	1	0	
1.505057E-6	1	0	
1.499486E-6	1	0	
1.504714E-6	1	0	
1.495286E-6	1	0	
1.508743E-6	1	0	
1.493229E-6	1	0	
1.501543E-6	1	0	
1.492886E-6	1	0	
1.497600E-6	1	0	
1.497000E-6	1	0	
-2.474657E-5	4	0	
-2.956174E-5	4	0	
-2.936614E-5	4	0	
2.005714E-8	2	0	
1.488857E-6	2	0	
1.486800E-6	2	0	
1.494257E-6	2	0	
1.493229E-6	2	0	
1.488600E-6	2	0	
1.485000E-6	2	0	
1.490829E-6	2	0	
1.494429E-6	2	0	
1.500429E-6	2	0	
1.499057E-6	2	0	
1.494429E-6	2	0	
2.777451E-5	3	0	
3.261369E-5	3	8	
3.240257E-5	3	8	
2.966229E-6	1	0	
1.503686E-6	1	0	
1.497857E-6	1	0	
1.496829E-6	1	0	
1.493829E-6	1	0	
1.498286E-6	1	0	
1.492200E-6	1	0	
1.499057E-6	1	0	
1.494429E-6	1	0	
1.495029E-6	1	0	
1.489457E-6	1	0	
1.494086E-6	1	0	
-2.474229E-5	4	0	
-2.956286E-5	4	0	
-2.936623E-5	4	0	
2.348571E-8	2	0	
1.488771E-6	2	0	
1.504029E-6	2	0	
1.497943E-6	2	0	
1.493057E-6	2	0	
1.495629E-6	2	0	
1.493400E-6	2	0	
1.499914E-6	2	0	
1.501971E-6	2	0	
1.507114E-6	2	0	
1.500086E-6	2	0	
1.506343E-6	2	0	
2.779149E-5	3	0	
3.262723E-5	3	8	
3.241577E-5	3	8	
2.968629E-6	1	0	
1.514829E-6	1	0	
1.509429E-6	1	0	
1.504286E-6	1	0	
1.499743E-6	1	0	
1.494000E-6	1	0	
1.502571E-6	1	0	
1.505486E-6	1	0	
1.492971E-6	1	0	
1.500771E-6	1	0	
1.499829E-6	1	0	
1.497257E-6	1	0	
-2.474451E-5	4	0	
-2.955471E-5	4	0	
-2.936357E-5	4	0	
1.731429E-8	2	0	
1.496057E-6	2	0	
1.494771E-6	2	0	
1.499657E-6	2	0	
1.501286E-6	2	0	
1.502914E-6	2	0	
1.504029E-6	2	0	
1.504029E-6	2	0	
1.509600E-6	2	0	
1.507714E-6	2	0	
1.508914E-6	2	0	
1.504714E-6	2	0	
2.779217E-5	3	0	
3.263477E-5	3	8	
3.241517E-5	3	8	
2.978914E-6	1	0	
1.516371E-6	1	0	
1.521086E-6	1	0	
1.515771E-6	1	0	
1.509514E-6	1	0	
1.510457E-6	1	0	
1.507886E-6	1	0	
1.517400E-6	1	0	
1.513457E-6	1	0	
1.511657E-6	1	0	
1.512857E-6	1	0	
1.507200E-6	1	0	
-2.472574E-5	4	0	
-2.954889E-5	4	0	
-2.934343E-5	4	0	
3.874286E-8	2	0	
1.509000E-6	2	0	
1.502571E-6	2	0	
1.515686E-6	2	0	
1.512171E-6	2	0	
1.516457E-6	2	0	
1.513800E-6	2	0	
1.519029E-6	2	0	
1.521171E-6	2	0	
1.518943E-6	2	0	
1.518429E-6	2	0	
1.523914E-6	2	0	
2.781000E-5	3	0	
3.264334E-5	3	8	
3.243146E-5	3	8	
2.998886E-6	1	0	
1.529743E-6	1	0	
1.527857E-6	1	0	
1.523057E-6	1	0	
1.521686E-6	1	0	
1.523657E-6	1	0	
1.531629E-6	1	0	
1.518857E-6	1	0	
1.518429E-6	1	0	
1.519200E-6	1	0	
1.522714E-6	1	0	
1.522886E-6	1	0	
-2.471400E-5	4	0	
-2.953320E-5	4	0	
-2.934206E-5	4	0	
4.474286E-8	2	0	
1.514229E-6	2	0	
1.525800E-6	2	0	
1.522971E-6	2	0	
1.530600E-6	2	0	
1.528543E-6	2	0	
1.530514E-6	2	0	
1.531371E-6	2	0	
1.530343E-6	2	0	
1.533686E-6	2	0	
1.533943E-6	2	0	
1.529400E-6	2	0	
2.781754E-5	3	0	
3.265303E-5	3	8	
3.243831E-5	3	8	
3.008400E-6	1	0	
1.535571E-6	1	0	
1.534286E-6	1	0	
1.538657E-6	1	0	
1.542086E-6	1	0	
1.536429E-6	1	0	
1.530943E-6	1	0	
1.536257E-6	1	0	
1.533000E-6	1	0	
1.531114E-6	1	0	
1.531371E-6	1	0	
1.531714E-6	1	0	
-2.470509E-5	4	0	
-2.952480E-5	4	0	
-2.933049E-5	4	0	
5.622857E-8	2	0	
1.522886E-6	2	0	
1.523314E-6	2	0	
1.531371E-6	2	0	
1.535143E-6	2	0	
1.536000E-6	2	0	
1.536343E-6	2	0	
1.527600E-6	2	0	
1.535143E-6	2	0	
1.539771E-6	2	0	
1.542257E-6	2	0	
1.545686E-6	2	0	
2.782860E-5	3	0	
3.266666E-5	3	8	
3.245083E-5	3	8	
3.007371E-6	1	0	
1.552971E-6	1	0	
1.537457E-6	1	0	
1.543200E-6	1	0	
1.537971E-6	1	0	
1.535914E-6	1	0	
1.531971E-6	1	0	
1.531457E-6	1	0	
1.535829E-6	1	0	
1.528543E-6	1	0	
1.530686E-6	1	0	
1.528371E-6	1	0	
-2.470817E-5	4	0	
-2.953389E-5	4	0	
-2.933014E-5	4	0	
5.314286E-8	2	0	
1.521686E-6	2	0	
1.527257E-6	2	0	
1.530771E-6	2	0	
1.527857E-6	2	0	
1.532743E-6	2	0	
1.531800E-6	2	0	
1.527514E-6	2	0	
1.532914E-6	2	0	
1.529143E-6	2	0	
1.534029E-6	2	0	
1.536771E-6	2	0	
2.781694E-5	3	0	
3.265774E-5	3	8	
3.243866E-5	3	8	
2.995971E-6	1	0	
1.548600E-6	1	0	
1.531029E-6	1	0	
1.532743E-6	1	0	
1.534800E-6	1	0	
1.529400E-6	1	0	
1.525629E-6	1	0	
1.535486E-6	1	0	
1.526571E-6	1	0	
1.534800E-6	1	0	
1.521000E-6	1	0	
1.526571E-6	1	0	
-2.471863E-5	4	0	
-2.953894E-5	4	0	
-2.933734E-5	4	0	
5.425714E-8	2	0	
1.517400E-6	2	0	
1.517057E-6	2	0	
1.518000E-6	2	0	
1.523143E-6	2	0	
1.522714E-6	2	0	
1.522629E-6	2	0	
1.524686E-6	2	0	
1.526057E-6	2	0	
1.528457E-6	2	0	
1.526829E-6	2	0	
1.528971E-6	2	0	
2.780683E-5	3	0	
3.265654E-5	3	8	
