start date: 	2023-08-07
start time: 	15.11.08
stop date: 	2023-08-07
stop time: 	15.32.17
com rel. humid (%):	34.7
com temp (°C):	29.02
cn temp (°C):	31.19
nv temp (°C):	35.69
bvd averages: 	     20
remarks: 	CCC probe connected to GaAs probe, GaAs Yellow  set, B = 11.56 T (84.4 A), Psample = 6.2e-3 mbar
R1 Info: 	NIST-QHRGaAs13k-8
R2 Info: 	1214
data filepath: 	M:\MagniconData\CCCViewerData\cccviewer_measure\2023-08-07_CCC\230807_001_1511.txt
config filepath: 	M:\MagniconData\CCCViewerData\cccviewer_measure\2023-08-07_CCC\230807_001_1511_cccdrive.cfg
time base (Hz): 	60
integration time (time base multiples):	60
number of samples per half cycle: 	30
ignored first samples: 	14
ignored last samples: 	0
amplifier gain: 	1000000
delta N1/NA (mTurns): 	19.675921183
delta (I2*R2) (V): 	1.000030519
N1 (Turns):	2065
N2 (Turns):	16
NA (Turns):	1
R1 (Ohm): 	12906.404000
R2 (Ohm): 	100.000000

data(V)	phase	error
+2.738100E-07	1	0	
+2.813460E-07	1	0	
+2.785620E-07	1	0	
+2.935380E-07	1	0	
+2.715720E-07	1	0	
+2.728140E-07	1	0	
+2.558940E-07	1	0	
+2.667360E-07	1	0	
+2.929140E-07	1	0	
+2.785800E-07	1	0	
+2.935800E-07	1	0	
+2.847840E-07	1	0	
+2.906580E-07	1	0	
+2.757780E-07	1	0	
+2.743920E-07	1	0	
+3.365880E-07	1	0	
+2.926140E-07	1	0	
+3.073860E-07	1	0	
+2.885340E-07	1	0	
+2.870220E-07	1	0	
+2.821200E-07	1	0	
+2.962980E-07	1	0	
+3.064140E-07	1	0	
+2.970300E-07	1	0	
+2.805300E-07	1	0	
+2.819820E-07	1	0	
+2.992020E-07	1	0	
+2.880900E-07	1	0	
-1.056162E-06	4	0	
-1.673772E-06	4	0	
-3.463920E-07	4	0	
+2.960640E-07	2	0	
+2.856960E-07	2	0	
+3.080760E-07	2	0	
+3.073380E-07	2	0	
+2.946300E-07	2	0	
+2.875980E-07	2	0	
+2.999100E-07	2	0	
+2.931120E-07	2	0	
+2.905020E-07	2	0	
+2.811120E-07	2	0	
+3.351720E-07	2	0	
+3.038280E-07	2	0	
+2.826360E-07	2	0	
+2.942520E-07	2	0	
+3.129240E-07	2	0	
+3.100860E-07	2	0	
+3.000420E-07	2	0	
+2.924100E-07	2	0	
+2.990520E-07	2	0	
+2.999340E-07	2	0	
+3.023340E-07	2	0	
+3.011640E-07	2	0	
+2.899740E-07	2	0	
+3.054300E-07	2	0	
+3.050100E-07	2	0	
+3.065880E-07	2	0	
+3.125040E-07	2	0	
+1.663620E-06	3	0	
+2.308296E-06	3	0	
+9.655380E-07	3	0	
+3.022200E-07	1	0	
+2.998200E-07	1	0	
+2.975880E-07	1	0	
+2.914560E-07	1	0	
+3.087660E-07	1	0	
+3.061260E-07	1	0	
+3.020100E-07	1	0	
+3.187080E-07	1	0	
+3.108840E-07	1	0	
+2.944860E-07	1	0	
+2.811180E-07	1	0	
+2.832240E-07	1	0	
+2.906100E-07	1	0	
+2.724420E-07	1	0	
+2.846460E-07	1	0	
+2.896620E-07	1	0	
+2.861520E-07	1	0	
+3.010680E-07	1	0	
+2.859900E-07	1	0	
+3.036060E-07	1	0	
+2.927160E-07	1	0	
+2.911440E-07	1	0	
+2.873400E-07	1	0	
+3.184740E-07	1	0	
+3.045600E-07	1	0	
+3.061560E-07	1	0	
+2.957280E-07	1	0	
-1.053432E-06	4	0	
-1.653906E-06	4	0	
-3.351300E-07	4	0	
+3.133500E-07	2	0	
+3.142980E-07	2	0	
+3.257640E-07	2	0	
+3.444420E-07	2	0	
+3.421560E-07	2	0	
+3.356220E-07	2	0	
+3.346140E-07	2	0	
+3.326640E-07	2	0	
+3.307680E-07	2	0	
+3.564600E-07	2	0	
+3.326940E-07	2	0	
+3.331080E-07	2	0	
+3.211200E-07	2	0	
+3.493440E-07	2	0	
+3.381360E-07	2	0	
+3.433500E-07	2	0	
+3.380880E-07	2	0	
+3.303240E-07	2	0	
+3.478440E-07	2	0	
+3.250020E-07	2	0	
+3.449040E-07	2	0	
+3.469740E-07	2	0	
+3.390720E-07	2	0	
+3.229920E-07	2	0	
+3.451140E-07	2	0	
+3.620820E-07	2	0	
+3.571380E-07	2	0	
+1.721946E-06	3	0	
+2.366232E-06	3	0	
+1.002438E-06	3	0	
+3.332640E-07	1	0	
+3.073440E-07	1	0	
+2.609040E-07	1	0	
+2.532240E-07	1	0	
+2.663760E-07	1	0	
+2.891280E-07	1	0	
+2.697000E-07	1	0	
+2.645340E-07	1	0	
+2.668980E-07	1	0	
+2.665500E-07	1	0	
+2.669640E-07	1	0	
+2.723700E-07	1	0	
+2.681400E-07	1	0	
+2.807700E-07	1	0	
+2.480520E-07	1	0	
+2.479140E-07	1	0	
+2.715180E-07	1	0	
+2.612340E-07	1	0	
+2.650680E-07	1	0	
+2.699340E-07	1	0	
+2.686560E-07	1	0	
+2.711400E-07	1	0	
+2.647560E-07	1	0	
+2.721900E-07	1	0	
+2.815920E-07	1	0	
+2.824200E-07	1	0	
+2.685840E-07	1	0	
-1.090014E-06	4	0	
-1.702338E-06	4	0	
-3.901980E-07	4	0	
+2.843040E-07	2	0	
+2.682060E-07	2	0	
+2.753640E-07	2	0	
+2.817420E-07	2	0	
+2.932260E-07	2	0	
+2.755620E-07	2	0	
+2.796420E-07	2	0	
+2.920200E-07	2	0	
+2.613780E-07	2	0	
+2.837040E-07	2	0	
+2.869260E-07	2	0	
+2.960700E-07	2	0	
+2.723580E-07	2	0	
+2.728920E-07	2	0	
+2.980920E-07	2	0	
+3.009660E-07	2	0	
+3.023820E-07	2	0	
+3.110520E-07	2	0	
+3.003840E-07	2	0	
+2.832180E-07	2	0	
+2.838840E-07	2	0	
+2.820120E-07	2	0	
+2.884740E-07	2	0	
+2.973420E-07	2	0	
+2.847720E-07	2	0	
+2.881860E-07	2	0	
+2.919180E-07	2	0	
+1.665510E-06	3	0	
+2.296386E-06	3	0	
+9.745500E-07	3	0	
+3.342300E-07	1	0	
+3.274440E-07	1	0	
+3.218040E-07	1	0	
+3.161460E-07	1	0	
+2.895660E-07	1	0	
+2.998860E-07	1	0	
+2.830920E-07	1	0	
+2.795040E-07	1	0	
+2.987100E-07	1	0	
+3.062280E-07	1	0	
+2.976120E-07	1	0	
+3.085680E-07	1	0	
+3.326820E-07	1	0	
+3.315540E-07	1	0	
+3.334260E-07	1	0	
+3.594540E-07	1	0	
+3.599820E-07	1	0	
+3.488580E-07	1	0	
+3.513360E-07	1	0	
+3.597840E-07	1	0	
+3.507840E-07	1	0	
+3.374460E-07	1	0	
+3.385980E-07	1	0	
+3.432180E-07	1	0	
+3.482520E-07	1	0	
+3.636720E-07	1	0	
+3.561000E-07	1	0	
-1.003218E-06	4	0	
-1.622664E-06	4	0	
-3.033720E-07	4	0	
+3.428160E-07	2	0	
+3.633240E-07	2	0	
+3.679020E-07	2	0	
+3.543660E-07	2	0	
+3.434400E-07	2	0	
+3.557100E-07	2	0	
+3.744540E-07	2	0	
+3.782100E-07	2	0	
+3.856440E-07	2	0	
+3.754320E-07	2	0	
+3.763740E-07	2	0	
+3.742260E-07	2	0	
+3.849540E-07	2	0	
+3.846900E-07	2	0	
+3.664080E-07	2	0	
+3.769380E-07	2	0	
+3.843540E-07	2	0	
+3.524880E-07	2	0	
+3.074100E-07	2	0	
+3.004020E-07	2	0	
+3.162600E-07	2	0	
+3.815100E-07	2	0	
+3.810240E-07	2	0	
+3.765720E-07	2	0	
+3.835260E-07	2	0	
+3.861300E-07	2	0	
+3.962400E-07	2	0	
+1.741530E-06	3	0	
+2.321412E-06	3	0	
+9.768960E-07	3	0	
+2.995920E-07	1	0	
+2.882640E-07	1	0	
+3.005340E-07	1	0	
+3.001200E-07	1	0	
+2.889540E-07	1	0	
+2.973120E-07	1	0	
+2.940960E-07	1	0	
+3.095400E-07	1	0	
+3.148860E-07	1	0	
+3.411480E-07	1	0	
+3.283080E-07	1	0	
+3.216780E-07	1	0	
+3.161940E-07	1	0	
+3.377400E-07	1	0	
+3.362400E-07	1	0	
+3.389820E-07	1	0	
+3.189540E-07	1	0	
+3.446640E-07	1	0	
+3.383820E-07	1	0	
+3.161880E-07	1	0	
+3.173340E-07	1	0	
+3.329580E-07	1	0	
+3.293460E-07	1	0	
+3.362940E-07	1	0	
+3.357720E-07	1	0	
+3.342180E-07	1	0	
+3.555900E-07	1	0	
-9.821940E-07	4	0	
-1.588788E-06	4	0	
-2.825460E-07	4	0	
+3.947820E-07	2	0	
+3.975300E-07	2	0	
+3.881820E-07	2	0	
+3.997080E-07	2	0	
+3.861600E-07	2	0	
+4.053960E-07	2	0	
+4.156200E-07	2	0	
+4.044000E-07	2	0	
+4.158240E-07	2	0	
+4.063380E-07	2	0	
+4.073400E-07	2	0	
+4.120620E-07	2	0	
+4.171020E-07	2	0	
+4.286460E-07	2	0	
+4.380000E-07	2	0	
+4.316580E-07	2	0	
+4.191540E-07	2	0	
+4.233180E-07	2	0	
+4.299660E-07	2	0	
+4.262520E-07	2	0	
+4.262700E-07	2	0	
+4.196160E-07	2	0	
+4.206540E-07	2	0	
+4.416900E-07	2	0	
+3.811320E-07	2	0	
+3.336000E-07	2	0	
+3.322440E-07	2	0	
+1.717614E-06	3	0	
+2.348340E-06	3	0	
+1.000290E-06	3	0	
+3.379500E-07	1	0	
+3.558180E-07	1	0	
+3.540360E-07	1	0	
+3.242160E-07	1	0	
+3.522360E-07	1	0	
+3.611400E-07	1	0	
+3.577680E-07	1	0	
+3.385020E-07	1	0	
+3.443820E-07	1	0	
+3.513360E-07	1	0	
+3.113160E-07	1	0	
+3.250200E-07	1	0	
+3.380040E-07	1	0	
+3.718140E-07	1	0	
+3.811800E-07	1	0	
+4.179060E-07	1	0	
+4.261260E-07	1	0	
+4.279980E-07	1	0	
+4.236000E-07	1	0	
+4.174200E-07	1	0	
+4.161960E-07	1	0	
+4.221780E-07	1	0	
+4.022460E-07	1	0	
+4.142760E-07	1	0	
+4.156140E-07	1	0	
+4.298700E-07	1	0	
+4.136100E-07	1	0	
-9.507240E-07	4	0	
-1.563402E-06	4	0	
-2.551920E-07	4	0	
+4.096440E-07	2	0	
+4.006740E-07	2	0	
+4.000560E-07	2	0	
+3.945240E-07	2	0	
+4.143180E-07	2	0	
+4.150860E-07	2	0	
+4.107000E-07	2	0	
+4.043340E-07	2	0	
+4.058400E-07	2	0	
+4.062120E-07	2	0	
+4.084320E-07	2	0	
+4.332060E-07	2	0	
+4.212900E-07	2	0	
+4.115220E-07	2	0	
+4.052160E-07	2	0	
+4.173720E-07	2	0	
+3.936240E-07	2	0	
+3.666180E-07	2	0	
+3.578340E-07	2	0	
+3.618480E-07	2	0	
+3.779160E-07	2	0	
+3.777960E-07	2	0	
+3.793380E-07	2	0	
+4.139100E-07	2	0	
+4.169400E-07	2	0	
+4.066920E-07	2	0	
+3.995940E-07	2	0	
+1.773738E-06	3	0	
+2.413134E-06	3	0	
+1.079088E-06	3	0	
+3.997020E-07	1	0	
+4.035000E-07	1	0	
+3.847800E-07	1	0	
+3.155880E-07	1	0	
+3.355560E-07	1	0	
+3.269460E-07	1	0	
+3.516000E-07	1	0	
+3.554880E-07	1	0	
+3.358140E-07	1	0	
+3.320460E-07	1	0	
+3.156960E-07	1	0	
+3.319020E-07	1	0	
+3.496620E-07	1	0	
+3.397920E-07	1	0	
+3.450660E-07	1	0	
+3.528420E-07	1	0	
+3.499320E-07	1	0	
+3.628380E-07	1	0	
+3.499680E-07	1	0	
+3.517800E-07	1	0	
+3.472800E-07	1	0	
+3.582840E-07	1	0	
+3.376500E-07	1	0	
+3.651780E-07	1	0	
+3.525000E-07	1	0	
+3.622020E-07	1	0	
+3.495300E-07	1	0	
-9.904380E-07	4	0	
-1.615320E-06	4	0	
-2.839680E-07	4	0	
+3.785340E-07	2	0	
+3.823260E-07	2	0	
+3.728820E-07	2	0	
+4.019520E-07	2	0	
+4.162440E-07	2	0	
+3.640020E-07	2	0	
+3.726360E-07	2	0	
+3.822000E-07	2	0	
+3.887580E-07	2	0	
+3.947220E-07	2	0	
+3.798420E-07	2	0	
+3.970560E-07	2	0	
+3.846240E-07	2	0	
+3.796980E-07	2	0	
+4.152720E-07	2	0	
+4.404900E-07	2	0	
+4.341000E-07	2	0	
+4.452600E-07	2	0	
+4.495140E-07	2	0	
+4.210080E-07	2	0	
+4.030020E-07	2	0	
+3.861480E-07	2	0	
+3.868500E-07	2	0	
+4.049640E-07	2	0	
+4.000020E-07	2	0	
+4.030380E-07	2	0	
+4.078320E-07	2	0	
+1.762572E-06	3	0	
+2.389344E-06	3	0	
+1.073712E-06	3	0	
+4.102320E-07	1	0	
+4.283280E-07	1	0	
+4.397400E-07	1	0	
+4.456680E-07	1	0	
+4.534320E-07	1	0	
+4.529700E-07	1	0	
+4.589760E-07	1	0	
+4.427340E-07	1	0	
+4.530540E-07	1	0	
+4.512660E-07	1	0	
+4.424400E-07	1	0	
+4.528860E-07	1	0	
+4.278540E-07	1	0	
+4.452420E-07	1	0	
+4.203900E-07	1	0	
+4.289820E-07	1	0	
+4.193640E-07	1	0	
+4.286700E-07	1	0	
+4.304580E-07	1	0	
+4.299420E-07	1	0	
+4.039020E-07	1	0	
+4.344000E-07	1	0	
+4.387740E-07	1	0	
+4.257180E-07	1	0	
+4.379340E-07	1	0	
+4.405380E-07	1	0	
+4.207320E-07	1	0	
-9.277860E-07	4	0	
-1.543446E-06	4	0	
-2.019780E-07	4	0	
+4.351680E-07	2	0	
+4.411860E-07	2	0	
+4.299780E-07	2	0	
+4.110420E-07	2	0	
+4.258680E-07	2	0	
+4.374180E-07	2	0	
+4.209900E-07	2	0	
+4.256280E-07	2	0	
+4.286580E-07	2	0	
+4.159320E-07	2	0	
+4.392120E-07	2	0	
+4.204080E-07	2	0	
+4.179960E-07	2	0	
+4.035660E-07	2	0	
+4.202460E-07	2	0	
+4.140960E-07	2	0	
+4.169760E-07	2	0	
+3.990000E-07	2	0	
+4.334460E-07	2	0	
+4.187160E-07	2	0	
+4.049760E-07	2	0	
+4.140540E-07	2	0	
+4.012440E-07	2	0	
+4.020840E-07	2	0	
+4.077480E-07	2	0	
+4.199220E-07	2	0	
+4.371540E-07	2	0	
+1.816524E-06	3	0	
+2.431614E-06	3	0	
+1.082868E-06	3	0	
+4.294080E-07	1	0	
+4.333620E-07	1	0	
+4.503900E-07	1	0	
+4.521360E-07	1	0	
+4.564920E-07	1	0	
+4.428060E-07	1	0	
+4.465440E-07	1	0	
+4.483020E-07	1	0	
+4.610760E-07	1	0	
+4.656300E-07	1	0	
+4.695840E-07	1	0	
+4.560180E-07	1	0	
+4.562520E-07	1	0	
+4.509960E-07	1	0	
+4.537560E-07	1	0	
+4.593120E-07	1	0	
+4.563900E-07	1	0	
+4.570380E-07	1	0	
+4.362300E-07	1	0	
+3.810060E-07	1	0	
+3.833040E-07	1	0	
+3.845220E-07	1	0	
+3.755880E-07	1	0	
+3.660900E-07	1	0	
+3.695340E-07	1	0	
+3.796260E-07	1	0	
+3.627960E-07	1	0	
-9.809640E-07	4	0	
-1.619958E-06	4	0	
-2.838480E-07	4	0	
+3.494580E-07	2	0	
+3.430740E-07	2	0	
+3.519540E-07	2	0	
+3.405900E-07	2	0	
+3.521340E-07	2	0	
+3.621900E-07	2	0	
+3.840960E-07	2	0	
+3.958620E-07	2	0	
+4.071540E-07	2	0	
+4.041120E-07	2	0	
+3.902100E-07	2	0	
+4.062000E-07	2	0	
+4.136520E-07	2	0	
+4.160820E-07	2	0	
+3.839400E-07	2	0	
+3.999600E-07	2	0	
+4.490040E-07	2	0	
+4.537980E-07	2	0	
+4.562400E-07	2	0	
+4.600440E-07	2	0	
+4.565940E-07	2	0	
+4.564200E-07	2	0	
+4.637640E-07	2	0	
+4.698960E-07	2	0	
+4.554720E-07	2	0	
+4.719360E-07	2	0	
+4.540560E-07	2	0	
+1.806102E-06	3	0	
+2.455788E-06	3	0	
+1.103082E-06	3	0	
+4.407360E-07	1	0	
+4.442400E-07	1	0	
+4.356960E-07	1	0	
+4.309560E-07	1	0	
+4.357920E-07	1	0	
+4.339500E-07	1	0	
+4.423080E-07	1	0	
+4.360380E-07	1	0	
+4.351560E-07	1	0	
+4.493520E-07	1	0	
+4.535340E-07	1	0	
+4.512060E-07	1	0	
+4.421640E-07	1	0	
+4.395420E-07	1	0	
+4.467000E-07	1	0	
+4.442100E-07	1	0	
+4.307760E-07	1	0	
+4.411500E-07	1	0	
+4.530540E-07	1	0	
+4.626300E-07	1	0	
+4.497420E-07	1	0	
+4.485000E-07	1	0	
+4.527120E-07	1	0	
+4.499880E-07	1	0	
+4.505760E-07	1	0	
+4.358460E-07	1	0	
+4.480440E-07	1	0	
-9.068700E-07	4	0	
-1.523514E-06	4	0	
-2.054940E-07	4	0	
+4.398180E-07	2	0	
+4.693980E-07	2	0	
+4.626060E-07	2	0	
+4.581480E-07	2	0	
+4.619940E-07	2	0	
+4.636920E-07	2	0	
+4.845540E-07	2	0	
+4.786440E-07	2	0	
+4.718100E-07	2	0	
+4.714500E-07	2	0	
+4.674840E-07	2	0	
+4.741440E-07	2	0	
+4.871820E-07	2	0	
+4.724700E-07	2	0	
+4.731360E-07	2	0	
+4.861080E-07	2	0	
+4.734060E-07	2	0	
+4.663500E-07	2	0	
+4.766520E-07	2	0	
+4.747140E-07	2	0	
+4.746660E-07	2	0	
+5.039340E-07	2	0	
+4.962720E-07	2	0	
+4.985940E-07	2	0	
+4.994040E-07	2	0	
+4.889940E-07	2	0	
+5.225880E-07	2	0	
+1.880658E-06	3	0	
+2.507706E-06	3	0	
+1.177950E-06	3	0	
+5.033760E-07	1	0	
+4.949160E-07	1	0	
+5.048760E-07	1	0	
+5.197020E-07	1	0	
+5.050800E-07	1	0	
+5.023920E-07	1	0	
+5.059440E-07	1	0	
+5.220420E-07	1	0	
+5.211120E-07	1	0	
+5.200200E-07	1	0	
+5.049060E-07	1	0	
+5.058300E-07	1	0	
+5.111760E-07	1	0	
+5.043240E-07	1	0	
+4.961340E-07	1	0	
+5.282280E-07	1	0	
+5.055660E-07	1	0	
+5.116620E-07	1	0	
+5.034600E-07	1	0	
+5.109720E-07	1	0	
+5.002560E-07	1	0	
+4.977120E-07	1	0	
+4.868040E-07	1	0	
+4.992360E-07	1	0	
+5.094960E-07	1	0	
+5.098980E-07	1	0	
+5.069940E-07	1	0	
-8.426880E-07	4	0	
-1.450584E-06	4	0	
-1.597500E-07	4	0	
+4.438980E-07	2	0	
+4.546440E-07	2	0	
+4.612860E-07	2	0	
+4.521900E-07	2	0	
+4.775460E-07	2	0	
+4.637040E-07	2	0	
+4.740660E-07	2	0	
+4.624860E-07	2	0	
+4.717020E-07	2	0	
+5.336760E-07	2	0	
+5.494980E-07	2	0	
+5.289480E-07	2	0	
+4.585140E-07	2	0	
+4.673880E-07	2	0	
+4.981800E-07	2	0	
+5.387640E-07	2	0	
+5.492400E-07	2	0	
+5.353080E-07	2	0	
+5.694780E-07	2	0	
+5.537580E-07	2	0	
+5.648520E-07	2	0	
+5.468040E-07	2	0	
+5.437740E-07	2	0	
+5.450220E-07	2	0	
+5.578200E-07	2	0	
+5.648820E-07	2	0	
+5.417880E-07	2	0	
+1.915722E-06	3	0	
+2.575188E-06	3	0	
+1.206030E-06	3	0	
+5.594460E-07	1	0	
+5.615640E-07	1	0	
+5.541300E-07	1	0	
+5.656140E-07	1	0	
+5.385300E-07	1	0	
+5.409660E-07	1	0	
+5.562060E-07	1	0	
+5.492340E-07	1	0	
+5.538300E-07	1	0	
+5.600940E-07	1	0	
+5.638980E-07	1	0	
+5.603820E-07	1	0	
+5.588520E-07	1	0	
+5.632200E-07	1	0	
+5.676960E-07	1	0	
+5.518080E-07	1	0	
+5.687400E-07	1	0	
+5.713200E-07	1	0	
+5.778360E-07	1	0	
+5.833500E-07	1	0	
+5.629260E-07	1	0	
+5.619420E-07	1	0	
+5.697900E-07	1	0	
+5.938140E-07	1	0	
+5.730300E-07	1	0	
+5.690580E-07	1	0	
+5.577840E-07	1	0	
-8.158380E-07	4	0	
-1.424070E-06	4	0	
-9.046200E-08	4	0	
+5.772060E-07	2	0	
+5.765220E-07	2	0	
+5.446980E-07	2	0	
+5.624400E-07	2	0	
+5.619720E-07	2	0	
+5.480220E-07	2	0	
+5.484060E-07	2	0	
+5.577000E-07	2	0	
+5.543280E-07	2	0	
+5.557320E-07	2	0	
+5.396700E-07	2	0	
+5.468040E-07	2	0	
+5.580480E-07	2	0	
+5.494260E-07	2	0	
+5.441220E-07	2	0	
+5.441340E-07	2	0	
+5.375820E-07	2	0	
+5.492820E-07	2	0	
+5.456640E-07	2	0	
+5.476260E-07	2	0	
+5.589360E-07	2	0	
+5.433120E-07	2	0	
+5.520900E-07	2	0	
+5.395680E-07	2	0	
+5.274720E-07	2	0	
+5.232060E-07	2	0	
+5.254620E-07	2	0	
+1.898292E-06	3	0	
+2.534520E-06	3	0	
+1.192050E-06	3	0	
+5.369040E-07	1	0	
+5.365080E-07	1	0	
+5.429160E-07	1	0	
+5.247600E-07	1	0	
+5.281680E-07	1	0	
+5.193840E-07	1	0	
+5.302020E-07	1	0	
+5.254020E-07	1	0	
+5.127240E-07	1	0	
+5.316600E-07	1	0	
+5.233680E-07	1	0	
+5.161680E-07	1	0	
+5.112000E-07	1	0	
+5.079600E-07	1	0	
+5.257800E-07	1	0	
+5.208900E-07	1	0	
+5.161380E-07	1	0	
+5.019960E-07	1	0	
+5.114520E-07	1	0	
+4.964340E-07	1	0	
+4.989000E-07	1	0	
+5.184180E-07	1	0	
+4.883280E-07	1	0	
+5.043120E-07	1	0	
+5.294160E-07	1	0	
+5.136060E-07	1	0	
+5.033640E-07	1	0	
-8.539920E-07	4	0	
-1.477254E-06	4	0	
-1.619280E-07	4	0	
+4.879380E-07	2	0	
+5.238360E-07	2	0	
+5.201040E-07	2	0	
+5.110980E-07	2	0	
+5.131080E-07	2	0	
+5.076000E-07	2	0	
+5.193120E-07	2	0	
+5.056500E-07	2	0	
+5.157300E-07	2	0	
+5.152680E-07	2	0	
+4.957860E-07	2	0	
+5.035260E-07	2	0	
+5.041980E-07	2	0	
+4.891920E-07	2	0	
+5.058660E-07	2	0	
+4.864860E-07	2	0	
+4.892640E-07	2	0	
+5.031480E-07	2	0	
+4.940400E-07	2	0	
+5.034720E-07	2	0	
+4.873500E-07	2	0	
+4.975620E-07	2	0	
+4.876020E-07	2	0	
+4.992600E-07	2	0	
+5.154900E-07	2	0	
+4.862820E-07	2	0	
+5.094480E-07	2	0	
+1.879194E-06	3	0	
+2.495508E-06	3	0	
+1.182534E-06	3	0	
+5.079360E-07	1	0	
+5.159220E-07	1	0	
+5.328360E-07	1	0	
+5.163360E-07	1	0	
+5.185680E-07	1	0	
+5.321040E-07	1	0	
+5.331240E-07	1	0	
+5.374440E-07	1	0	
+5.183040E-07	1	0	
+5.251020E-07	1	0	
+5.386560E-07	1	0	
+5.172120E-07	1	0	
+5.009400E-07	1	0	
+4.802940E-07	1	0	
+4.886580E-07	1	0	
+5.019360E-07	1	0	
+5.085660E-07	1	0	
+5.275140E-07	1	0	
+5.230260E-07	1	0	
+5.058120E-07	1	0	
+4.866180E-07	1	0	
+4.818120E-07	1	0	
+4.887180E-07	1	0	
+4.852500E-07	1	0	
+4.828560E-07	1	0	
+4.979580E-07	1	0	
+5.007120E-07	1	0	
-8.633760E-07	4	0	
-1.470834E-06	4	0	
-1.367880E-07	4	0	
+5.151180E-07	2	0	
+5.008500E-07	2	0	
+5.186940E-07	2	0	
+5.540760E-07	2	0	
+5.596800E-07	2	0	
+5.283420E-07	2	0	
+5.311680E-07	2	0	
+5.181240E-07	2	0	
+5.039040E-07	2	0	
+4.944060E-07	2	0	
+5.007780E-07	2	0	
+5.103480E-07	2	0	
+5.018280E-07	2	0	
+4.890780E-07	2	0	
+5.083980E-07	2	0	
+5.143500E-07	2	0	
+4.837560E-07	2	0	
+4.815000E-07	2	0	
+4.965060E-07	2	0	
+4.972440E-07	2	0	
+4.836660E-07	2	0	
+4.979820E-07	2	0	
+5.046000E-07	2	0	
+4.967520E-07	2	0	
+5.225100E-07	2	0	
+4.912560E-07	2	0	
+4.896540E-07	2	0	
+1.852206E-06	3	0	
+2.481318E-06	3	0	
+1.147482E-06	3	0	
+4.757940E-07	1	0	
+4.667220E-07	1	0	
+4.776120E-07	1	0	
+4.802460E-07	1	0	
+4.495800E-07	1	0	
+4.703820E-07	1	0	
+4.698780E-07	1	0	
+4.830360E-07	1	0	
+4.628220E-07	1	0	
+4.577460E-07	1	0	
+4.673100E-07	1	0	
+4.702200E-07	1	0	
+4.732860E-07	1	0	
+4.744020E-07	1	0	
+4.655040E-07	1	0	
+4.760940E-07	1	0	
+4.707480E-07	1	0	
+4.736640E-07	1	0	
+4.656060E-07	1	0	
+4.742040E-07	1	0	
+4.864680E-07	1	0	
+4.790880E-07	1	0	
+4.756620E-07	1	0	
+4.964940E-07	1	0	
+4.859160E-07	1	0	
+4.901280E-07	1	0	
+4.928100E-07	1	0	
-8.713800E-07	4	0	
-1.504326E-06	4	0	
-1.749060E-07	4	0	
+4.910280E-07	2	0	
+4.775940E-07	2	0	
+4.951920E-07	2	0	
+4.960620E-07	2	0	
+4.911720E-07	2	0	
+5.115780E-07	2	0	
+5.186280E-07	2	0	
+5.251980E-07	2	0	
+5.087700E-07	2	0	
+5.193360E-07	2	0	
+5.139120E-07	2	0	
+5.221440E-07	2	0	
+5.224080E-07	2	0	
+5.254260E-07	2	0	
+5.319540E-07	2	0	
+5.117820E-07	2	0	
+5.164800E-07	2	0	
+5.101860E-07	2	0	
+5.341800E-07	2	0	
+5.326020E-07	2	0	
+5.235360E-07	2	0	
+5.299920E-07	2	0	
+5.225280E-07	2	0	
+5.412120E-07	2	0	
+5.867880E-07	2	0	
+5.547180E-07	2	0	
+5.139720E-07	2	0	
+1.889652E-06	3	0	
+2.532900E-06	3	0	
+1.181256E-06	3	0	
+5.349420E-07	1	0	
+5.660760E-07	1	0	
+5.677980E-07	1	0	
+5.753100E-07	1	0	
+5.413320E-07	1	0	
+5.299800E-07	1	0	
+5.385000E-07	1	0	
+5.374500E-07	1	0	
+5.631300E-07	1	0	
+5.495340E-07	1	0	
+5.705100E-07	1	0	
+5.580960E-07	1	0	
+6.055620E-07	1	0	
+5.841480E-07	1	0	
+5.456100E-07	1	0	
+5.723220E-07	1	0	
+6.101280E-07	1	0	
+6.106080E-07	1	0	
+6.037800E-07	1	0	
+5.960880E-07	1	0	
+5.337000E-07	1	0	
+5.333220E-07	1	0	
+5.155440E-07	1	0	
+5.167380E-07	1	0	
+5.369880E-07	1	0	
+5.316840E-07	1	0	
+5.307300E-07	1	0	
-8.108940E-07	4	0	
-1.394028E-06	4	0	
-5.559000E-08	4	0	
+6.029460E-07	2	0	
+6.274200E-07	2	0	
+6.118140E-07	2	0	
+6.222900E-07	2	0	
+6.043320E-07	2	0	
+5.900640E-07	2	0	
+6.086700E-07	2	0	
+6.363360E-07	2	0	
+6.147060E-07	2	0	
+6.141480E-07	2	0	
+6.299160E-07	2	0	
+6.409500E-07	2	0	
+6.198540E-07	2	0	
+6.267840E-07	2	0	
+6.195780E-07	2	0	
+6.342420E-07	2	0	
+6.316620E-07	2	0	
+6.440400E-07	2	0	
+6.322620E-07	2	0	
+6.301440E-07	2	0	
+6.536220E-07	2	0	
+6.353640E-07	2	0	
+6.485340E-07	2	0	
+6.465900E-07	2	0	
+6.396300E-07	2	0	
+6.446640E-07	2	0	
+6.381840E-07	2	0	
+2.007582E-06	3	0	
+2.650998E-06	3	0	
+1.300470E-06	3	0	
+6.545100E-07	1	0	
+6.378780E-07	1	0	
+6.415560E-07	1	0	
+6.463440E-07	1	0	
+6.424440E-07	1	0	
+6.396420E-07	1	0	
+6.387780E-07	1	0	
+6.499440E-07	1	0	
+6.468900E-07	1	0	
+6.508440E-07	1	0	
+6.609720E-07	1	0	
+6.561960E-07	1	0	
+6.479100E-07	1	0	
+6.474420E-07	1	0	
+6.629280E-07	1	0	
+6.637800E-07	1	0	
+6.559620E-07	1	0	
+6.624480E-07	1	0	
+6.680160E-07	1	0	
+6.673020E-07	1	0	
+6.545640E-07	1	0	
+6.574740E-07	1	0	
+6.594060E-07	1	0	
+6.816300E-07	1	0	
+6.692280E-07	1	0	
+6.801780E-07	1	0	
+6.824280E-07	1	0	
-6.811500E-07	4	0	
-1.314258E-06	4	0	
+3.161400E-08	4	0	
+6.825900E-07	2	0	
+6.919080E-07	2	0	
+6.858120E-07	2	0	
+6.717540E-07	2	0	
+6.784500E-07	2	0	
+6.849660E-07	2	0	
+6.683760E-07	2	0	
+6.801060E-07	2	0	
+6.717540E-07	2	0	
+6.671580E-07	2	0	
+6.750300E-07	2	0	
+6.746340E-07	2	0	
+6.865380E-07	2	0	
+6.891300E-07	2	0	
+6.781560E-07	2	0	
+6.740340E-07	2	0	
+6.799680E-07	2	0	
+6.701580E-07	2	0	
+6.621480E-07	2	0	
+6.782100E-07	2	0	
+6.991980E-07	2	0	
+6.712980E-07	2	0	
+6.804780E-07	2	0	
+6.817260E-07	2	0	
+6.737820E-07	2	0	
+6.749460E-07	2	0	
+6.711180E-07	2	0	
+2.040762E-06	3	0	
+2.666478E-06	3	0	
+1.350552E-06	3	0	
+6.524640E-07	1	0	
+6.715440E-07	1	0	
+6.722520E-07	1	0	
+6.630180E-07	1	0	
+6.653220E-07	1	0	
+6.627360E-07	1	0	
+6.625500E-07	1	0	
+6.798480E-07	1	0	
+6.626940E-07	1	0	
+6.630720E-07	1	0	
+6.591960E-07	1	0	
+6.761340E-07	1	0	
+6.712920E-07	1	0	
+6.650400E-07	1	0	
+6.636720E-07	1	0	
+6.793140E-07	1	0	
+6.637620E-07	1	0	
+6.781980E-07	1	0	
+6.664920E-07	1	0	
+6.693480E-07	1	0	
+6.736500E-07	1	0	
+6.710640E-07	1	0	
+6.824160E-07	1	0	
+6.874740E-07	1	0	
+6.785340E-07	1	0	
+6.653040E-07	1	0	
+6.607500E-07	1	0	
-6.983100E-07	4	0	
-1.310658E-06	4	0	
+1.335000E-08	4	0	
+6.732240E-07	2	0	
+6.838260E-07	2	0	
+6.789780E-07	2	0	
+6.927120E-07	2	0	
+6.701220E-07	2	0	
+6.660660E-07	2	0	
+6.705000E-07	2	0	
+6.613500E-07	2	0	
+6.685500E-07	2	0	
+6.652380E-07	2	0	
+6.499740E-07	2	0	
+6.541920E-07	2	0	
+6.399720E-07	2	0	
+6.612540E-07	2	0	
+6.496140E-07	2	0	
+6.697200E-07	2	0	
+6.606480E-07	2	0	
+6.672960E-07	2	0	
+6.910860E-07	2	0	
+6.697260E-07	2	0	
+6.608160E-07	2	0	
+6.823140E-07	2	0	
+6.800460E-07	2	0	
+6.781560E-07	2	0	
+6.551040E-07	2	0	
+6.864540E-07	2	0	
+6.693720E-07	2	0	
+2.033472E-06	3	0	
+2.665008E-06	3	0	
+1.333878E-06	3	0	
+6.501120E-07	1	0	
+6.763020E-07	1	0	
+6.600000E-07	1	0	
+6.603780E-07	1	0	
+6.681960E-07	1	0	
+6.678600E-07	1	0	
+6.667500E-07	1	0	
+6.772500E-07	1	0	
+6.817260E-07	1	0	
+6.649140E-07	1	0	
+6.659640E-07	1	0	
+6.553440E-07	1	0	
+6.853200E-07	1	0	
+6.556320E-07	1	0	
+6.845700E-07	1	0	
+6.848520E-07	1	0	
+6.713580E-07	1	0	
+6.778620E-07	1	0	
+6.856200E-07	1	0	
+6.859860E-07	1	0	
+6.674640E-07	1	0	
+6.740640E-07	1	0	
+6.797040E-07	1	0	
+6.792060E-07	1	0	
+6.900480E-07	1	0	
+6.854160E-07	1	0	
+6.927480E-07	1	0	
-6.868920E-07	4	0	
-1.292442E-06	4	0	
+1.878600E-08	4	0	
+6.729240E-07	2	0	
+6.655380E-07	2	0	
+6.619980E-07	2	0	
+6.693540E-07	2	0	
+6.669960E-07	2	0	
+6.499980E-07	2	0	
+6.660960E-07	2	0	
+6.729000E-07	2	0	
+6.801180E-07	2	0	
+6.741360E-07	2	0	
+6.712500E-07	2	0	
+6.694800E-07	2	0	
+6.648060E-07	2	0	
+6.789900E-07	2	0	
+6.848580E-07	2	0	
+6.914460E-07	2	0	
+6.799740E-07	2	0	
+6.929220E-07	2	0	
+6.831180E-07	2	0	
+6.866880E-07	2	0	
+7.059000E-07	2	0	
+6.875940E-07	2	0	
+6.776520E-07	2	0	
+6.745200E-07	2	0	
+6.800580E-07	2	0	
+6.660720E-07	2	0	
+6.700800E-07	2	0	
+2.034564E-06	3	0	
+2.683368E-06	3	0	
+1.363716E-06	3	0	
+7.108500E-07	1	0	
+7.016880E-07	1	0	
+6.829260E-07	1	0	
+6.873120E-07	1	0	
+6.903180E-07	1	0	
+6.926940E-07	1	0	
+6.918000E-07	1	0	
+6.866940E-07	1	0	
+6.992160E-07	1	0	
+6.852120E-07	1	0	
+6.823680E-07	1	0	
+7.013700E-07	1	0	
+7.099680E-07	1	0	
+7.158420E-07	1	0	
+6.877920E-07	1	0	
+7.069740E-07	1	0	
+6.923880E-07	1	0	
+6.956700E-07	1	0	
+6.840900E-07	1	0	
+6.928680E-07	1	0	
+6.931560E-07	1	0	
+6.974940E-07	1	0	
+6.972180E-07	1	0	
+6.955380E-07	1	0	
+6.935520E-07	1	0	
+6.933540E-07	1	0	
+7.015260E-07	1	0	
-6.591120E-07	4	0	
-1.290570E-06	4	0	
+2.818800E-08	4	0	
+7.075020E-07	2	0	
+7.109100E-07	2	0	
+6.989820E-07	2	0	
+6.875940E-07	2	0	
+7.135440E-07	2	0	
+7.314360E-07	2	0	
+7.124040E-07	2	0	
+7.181340E-07	2	0	
+7.062780E-07	2	0	
+7.046580E-07	2	0	
+7.204080E-07	2	0	
+7.178160E-07	2	0	
+7.096560E-07	2	0	
+7.204320E-07	2	0	
+7.130280E-07	2	0	
+7.188600E-07	2	0	
+6.994860E-07	2	0	
+7.327440E-07	2	0	
+7.060020E-07	2	0	
+7.252080E-07	2	0	
+7.186560E-07	2	0	
+7.201020E-07	2	0	
+7.095180E-07	2	0	
+7.163760E-07	2	0	
+7.024680E-07	2	0	
+7.257300E-07	2	0	
+7.025640E-07	2	0	
+2.066388E-06	3	0	
+2.691402E-06	3	0	
+1.345140E-06	3	0	
+6.889620E-07	1	0	
+6.910620E-07	1	0	
+6.847320E-07	1	0	
+6.797280E-07	1	0	
+7.066320E-07	1	0	
+7.030620E-07	1	0	
+6.937080E-07	1	0	
+6.996120E-07	1	0	
+7.088700E-07	1	0	
+7.071480E-07	1	0	
+7.085880E-07	1	0	
+7.070220E-07	1	0	
+6.945780E-07	1	0	
+7.067520E-07	1	0	
+7.002900E-07	1	0	
+7.164600E-07	1	0	
+7.096380E-07	1	0	
+7.051020E-07	1	0	
+7.121940E-07	1	0	
+7.181940E-07	1	0	
+7.090080E-07	1	0	
+7.179720E-07	1	0	
+7.267620E-07	1	0	
+6.984540E-07	1	0	
+7.164780E-07	1	0	
+7.366500E-07	1	0	
+7.284600E-07	1	0	
-6.248580E-07	4	0	
-1.266936E-06	4	0	
+5.467800E-08	4	0	
+7.331700E-07	2	0	
+7.233360E-07	2	0	
+7.255560E-07	2	0	
+7.088100E-07	2	0	
+7.346700E-07	2	0	
+7.257900E-07	2	0	
+7.116720E-07	2	0	
+7.287300E-07	2	0	
+7.307940E-07	2	0	
+7.363380E-07	2	0	
+7.150860E-07	2	0	
+7.226700E-07	2	0	
+7.172460E-07	2	0	
+7.204800E-07	2	0	
+7.496640E-07	2	0	
+7.419840E-07	2	0	
+7.423680E-07	2	0	
+7.394040E-07	2	0	
+7.256340E-07	2	0	
+7.291500E-07	2	0	
+7.366440E-07	2	0	
+7.306080E-07	2	0	
+7.298760E-07	2	0	
+7.339920E-07	2	0	
+7.361040E-07	2	0	
+7.453860E-07	2	0	
+7.621260E-07	2	0	
+2.110386E-06	3	0	
+2.743518E-06	3	0	
