start date: 	2023-08-07
start time: 	15.49.31
stop date: 	2023-08-07
stop time: 	16.10.40
com rel. humid (%):	34.7
com temp (°C):	29.07
cn temp (°C):	31.25
nv temp (°C):	35.47
bvd averages: 	     20
remarks: 	CCC probe connected to GaAs probe, GaAs Yellow  set, B = 11.56 T (84.4 A), Psample = 3.0e-3 mbar
R1 Info: 	NIST-QHRGaAs13k-8
R2 Info: 	1214
data filepath: 	M:\MagniconData\CCCViewerData\cccviewer_measure\2023-08-07_CCC\230807_002_1549.txt
config filepath: 	M:\MagniconData\CCCViewerData\cccviewer_measure\2023-08-07_CCC\230807_002_1549_cccdrive.cfg
time base (Hz): 	60
integration time (time base multiples):	60
number of samples per half cycle: 	30
ignored first samples: 	14
ignored last samples: 	0
amplifier gain: 	1000000
delta N1/NA (mTurns): 	19.660662394
delta (I2*R2) (V): 	1.000030519
N1 (Turns):	2065
N2 (Turns):	16
NA (Turns):	1
R1 (Ohm): 	12906.404000
R2 (Ohm): 	100.000000

data(V)	phase	error
+2.232600E-07	1	0	
+2.300040E-07	1	0	
+2.288040E-07	1	0	
+2.299440E-07	1	0	
+2.328960E-07	1	0	
+2.313660E-07	1	0	
+2.312940E-07	1	0	
+2.296740E-07	1	0	
+2.222040E-07	1	0	
+2.308740E-07	1	0	
+2.310420E-07	1	0	
+2.301120E-07	1	0	
+2.290620E-07	1	0	
+2.280600E-07	1	0	
+2.229180E-07	1	0	
+2.228100E-07	1	0	
+2.213520E-07	1	0	
+2.246820E-07	1	0	
+2.217480E-07	1	0	
+2.277120E-07	1	0	
+2.263140E-07	1	0	
+2.191020E-07	1	0	
+2.238420E-07	1	0	
+2.233080E-07	1	0	
+2.256300E-07	1	0	
+2.203560E-07	1	0	
+2.317260E-07	1	0	
+2.273880E-07	1	0	
-1.136172E-06	4	0	
-1.756248E-06	4	0	
-4.264020E-07	4	0	
+2.270880E-07	2	0	
+2.245380E-07	2	0	
+2.277060E-07	2	0	
+2.297400E-07	2	0	
+2.294400E-07	2	0	
+2.297880E-07	2	0	
+2.342760E-07	2	0	
+2.250780E-07	2	0	
+2.332320E-07	2	0	
+2.345940E-07	2	0	
+2.312100E-07	2	0	
+2.349960E-07	2	0	
+2.321760E-07	2	0	
+2.370060E-07	2	0	
+2.352780E-07	2	0	
+2.388000E-07	2	0	
+2.305800E-07	2	0	
+2.372880E-07	2	0	
+2.287620E-07	2	0	
+2.315520E-07	2	0	
+2.354700E-07	2	0	
+2.335320E-07	2	0	
+2.404260E-07	2	0	
+2.340300E-07	2	0	
+2.346840E-07	2	0	
+2.361300E-07	2	0	
+2.283780E-07	2	0	
+1.608876E-06	3	0	
+2.236422E-06	3	0	
+9.067020E-07	3	0	
+2.428800E-07	1	0	
+2.426700E-07	1	0	
+2.467260E-07	1	0	
+2.445540E-07	1	0	
+2.475960E-07	1	0	
+2.486340E-07	1	0	
+2.432100E-07	1	0	
+2.419740E-07	1	0	
+2.535780E-07	1	0	
+2.485620E-07	1	0	
+2.436540E-07	1	0	
+2.537700E-07	1	0	
+2.535300E-07	1	0	
+2.563500E-07	1	0	
+2.535840E-07	1	0	
+2.561280E-07	1	0	
+2.611140E-07	1	0	
+2.665440E-07	1	0	
+2.627640E-07	1	0	
+2.625900E-07	1	0	
+2.698080E-07	1	0	
+2.699580E-07	1	0	
+2.709300E-07	1	0	
+2.694000E-07	1	0	
+2.742840E-07	1	0	
+2.766240E-07	1	0	
+2.772060E-07	1	0	
-1.080594E-06	4	0	
-1.703046E-06	4	0	
-3.784020E-07	4	0	
+2.785200E-07	2	0	
+2.877000E-07	2	0	
+2.825400E-07	2	0	
+2.806980E-07	2	0	
+2.814960E-07	2	0	
+2.922120E-07	2	0	
+2.868300E-07	2	0	
+2.843940E-07	2	0	
+2.853540E-07	2	0	
+2.886540E-07	2	0	
+2.861280E-07	2	0	
+2.853180E-07	2	0	
+2.854140E-07	2	0	
+2.830620E-07	2	0	
+2.848140E-07	2	0	
+2.861940E-07	2	0	
+2.817180E-07	2	0	
+2.897340E-07	2	0	
+2.887200E-07	2	0	
+2.916960E-07	2	0	
+2.917680E-07	2	0	
+2.843280E-07	2	0	
+2.841360E-07	2	0	
+2.878260E-07	2	0	
+2.862540E-07	2	0	
+2.852880E-07	2	0	
+2.899560E-07	2	0	
+1.654770E-06	3	0	
+2.287140E-06	3	0	
+9.477540E-07	3	0	
+2.954760E-07	1	0	
+2.865060E-07	1	0	
+2.883420E-07	1	0	
+2.864880E-07	1	0	
+2.880960E-07	1	0	
+2.832180E-07	1	0	
+2.816340E-07	1	0	
+2.915160E-07	1	0	
+2.902260E-07	1	0	
+2.885220E-07	1	0	
+2.908680E-07	1	0	
+2.829780E-07	1	0	
+2.876880E-07	1	0	
+2.866320E-07	1	0	
+2.879580E-07	1	0	
+2.850840E-07	1	0	
+2.782020E-07	1	0	
+2.825280E-07	1	0	
+2.848740E-07	1	0	
+2.861460E-07	1	0	
+2.872200E-07	1	0	
+2.837400E-07	1	0	
+2.825640E-07	1	0	
+2.881740E-07	1	0	
+2.923020E-07	1	0	
+2.914080E-07	1	0	
+2.886180E-07	1	0	
-1.072458E-06	4	0	
-1.689480E-06	4	0	
-3.613260E-07	4	0	
+2.888460E-07	2	0	
+2.921520E-07	2	0	
+2.923860E-07	2	0	
+2.967360E-07	2	0	
+2.949600E-07	2	0	
+2.977020E-07	2	0	
+3.073080E-07	2	0	
+3.046140E-07	2	0	
+3.028560E-07	2	0	
+3.004320E-07	2	0	
+2.894700E-07	2	0	
+2.878140E-07	2	0	
+2.883000E-07	2	0	
+2.917740E-07	2	0	
+3.006120E-07	2	0	
+3.055980E-07	2	0	
+3.044760E-07	2	0	
+3.055200E-07	2	0	
+3.087780E-07	2	0	
+3.117000E-07	2	0	
+3.114960E-07	2	0	
+3.095100E-07	2	0	
+3.046920E-07	2	0	
+3.067200E-07	2	0	
+3.126480E-07	2	0	
+3.101340E-07	2	0	
+3.127860E-07	2	0	
+1.683822E-06	3	0	
+2.321802E-06	3	0	
+9.857460E-07	3	0	
+3.188040E-07	1	0	
+3.242520E-07	1	0	
+3.279000E-07	1	0	
+3.328920E-07	1	0	
+3.307860E-07	1	0	
+3.271080E-07	1	0	
+3.320580E-07	1	0	
+3.299640E-07	1	0	
+3.293580E-07	1	0	
+3.266580E-07	1	0	
+3.223020E-07	1	0	
+3.288000E-07	1	0	
+3.282420E-07	1	0	
+3.245220E-07	1	0	
+3.346740E-07	1	0	
+3.314580E-07	1	0	
+3.294060E-07	1	0	
+3.284100E-07	1	0	
+3.307680E-07	1	0	
+3.269340E-07	1	0	
+3.283440E-07	1	0	
+3.336420E-07	1	0	
+3.313500E-07	1	0	
+3.354960E-07	1	0	
+3.349380E-07	1	0	
+3.387960E-07	1	0	
+3.334380E-07	1	0	
-1.018206E-06	4	0	
-1.641054E-06	4	0	
-3.162840E-07	4	0	
+3.371640E-07	2	0	
+3.381780E-07	2	0	
+3.466500E-07	2	0	
+3.430200E-07	2	0	
+3.453900E-07	2	0	
+3.466440E-07	2	0	
+3.424680E-07	2	0	
+3.469500E-07	2	0	
+3.466500E-07	2	0	
+3.473820E-07	2	0	
+3.482280E-07	2	0	
+3.437580E-07	2	0	
+3.465660E-07	2	0	
+3.486780E-07	2	0	
+3.427200E-07	2	0	
+3.424500E-07	2	0	
+3.425640E-07	2	0	
+3.412440E-07	2	0	
+3.499860E-07	2	0	
+3.480540E-07	2	0	
+3.375300E-07	2	0	
+3.486120E-07	2	0	
+3.488460E-07	2	0	
+3.455100E-07	2	0	
+3.514680E-07	2	0	
+3.465300E-07	2	0	
+3.562320E-07	2	0	
+1.712808E-06	3	0	
+2.345700E-06	3	0	
+1.012986E-06	3	0	
+3.511560E-07	1	0	
+3.499020E-07	1	0	
+3.418140E-07	1	0	
+3.438120E-07	1	0	
+3.448980E-07	1	0	
+3.425700E-07	1	0	
+3.466320E-07	1	0	
+3.522900E-07	1	0	
+3.503880E-07	1	0	
+3.453420E-07	1	0	
+3.499380E-07	1	0	
+3.479100E-07	1	0	
+3.448980E-07	1	0	
+3.497640E-07	1	0	
+3.496200E-07	1	0	
+3.539760E-07	1	0	
+3.494280E-07	1	0	
+3.493440E-07	1	0	
+3.451920E-07	1	0	
+3.487620E-07	1	0	
+3.529560E-07	1	0	
+3.497460E-07	1	0	
+3.458100E-07	1	0	
+3.555780E-07	1	0	
+3.484140E-07	1	0	
+3.550980E-07	1	0	
+3.511920E-07	1	0	
-1.009170E-06	4	0	
-1.627260E-06	4	0	
-3.099540E-07	4	0	
+3.506640E-07	2	0	
+3.489120E-07	2	0	
+3.518940E-07	2	0	
+3.463800E-07	2	0	
+3.550260E-07	2	0	
+3.536940E-07	2	0	
+3.501180E-07	2	0	
+3.512700E-07	2	0	
+3.519300E-07	2	0	
+3.520260E-07	2	0	
+3.580740E-07	2	0	
+3.610680E-07	2	0	
+3.576600E-07	2	0	
+3.550560E-07	2	0	
+3.481560E-07	2	0	
+3.453120E-07	2	0	
+3.471780E-07	2	0	
+3.446280E-07	2	0	
+3.564000E-07	2	0	
+3.571260E-07	2	0	
+3.656520E-07	2	0	
+3.615060E-07	2	0	
+3.529500E-07	2	0	
+3.501480E-07	2	0	
+3.572220E-07	2	0	
+3.561180E-07	2	0	
+3.540900E-07	2	0	
+1.721580E-06	3	0	
+2.357358E-06	3	0	
+1.018260E-06	3	0	
+3.579000E-07	1	0	
+3.580080E-07	1	0	
+3.540000E-07	1	0	
+3.552480E-07	1	0	
+3.533100E-07	1	0	
+3.554160E-07	1	0	
+3.541200E-07	1	0	
+3.560160E-07	1	0	
+3.518700E-07	1	0	
+3.611460E-07	1	0	
+3.578160E-07	1	0	
+3.517080E-07	1	0	
+3.528060E-07	1	0	
+3.530760E-07	1	0	
+3.506700E-07	1	0	
+3.500100E-07	1	0	
+3.546300E-07	1	0	
+3.523980E-07	1	0	
+3.552060E-07	1	0	
+3.519360E-07	1	0	
+3.519900E-07	1	0	
+3.469260E-07	1	0	
+3.484380E-07	1	0	
+3.585420E-07	1	0	
+3.559440E-07	1	0	
+3.576600E-07	1	0	
+3.503940E-07	1	0	
-9.993420E-07	4	0	
-1.625802E-06	4	0	
-3.091140E-07	4	0	
+3.599340E-07	2	0	
+3.546960E-07	2	0	
+3.579360E-07	2	0	
+3.534120E-07	2	0	
+3.526740E-07	2	0	
+3.627180E-07	2	0	
+3.604500E-07	2	0	
+3.634980E-07	2	0	
+3.675300E-07	2	0	
+3.635280E-07	2	0	
+3.611700E-07	2	0	
+3.641160E-07	2	0	
+3.568080E-07	2	0	
+3.576900E-07	2	0	
+3.611940E-07	2	0	
+3.610560E-07	2	0	
+3.593100E-07	2	0	
+3.537240E-07	2	0	
+3.565980E-07	2	0	
+3.520200E-07	2	0	
+3.567780E-07	2	0	
+3.579780E-07	2	0	
+3.612120E-07	2	0	
+3.666480E-07	2	0	
+3.720360E-07	2	0	
+3.705180E-07	2	0	
+3.741000E-07	2	0	
+1.734318E-06	3	0	
+2.378016E-06	3	0	
+1.038900E-06	3	0	
+3.712500E-07	1	0	
+3.730860E-07	1	0	
+3.671580E-07	1	0	
+3.673080E-07	1	0	
+3.632280E-07	1	0	
+3.638820E-07	1	0	
+3.694080E-07	1	0	
+3.690300E-07	1	0	
+3.704640E-07	1	0	
+3.693060E-07	1	0	
+3.659100E-07	1	0	
+3.633240E-07	1	0	
+3.678780E-07	1	0	
+3.593520E-07	1	0	
+3.552720E-07	1	0	
+3.602400E-07	1	0	
+3.657480E-07	1	0	
+3.547800E-07	1	0	
+3.535380E-07	1	0	
+3.523980E-07	1	0	
+3.461160E-07	1	0	
+3.624360E-07	1	0	
+3.528180E-07	1	0	
+3.606900E-07	1	0	
+3.577200E-07	1	0	
+3.584460E-07	1	0	
+3.489840E-07	1	0	
-1.009038E-06	4	0	
-1.629864E-06	4	0	
-3.059520E-07	4	0	
+3.448020E-07	2	0	
+3.487800E-07	2	0	
+3.439980E-07	2	0	
+3.447240E-07	2	0	
+3.426840E-07	2	0	
+3.457380E-07	2	0	
+3.399780E-07	2	0	
+3.477960E-07	2	0	
+3.499980E-07	2	0	
+3.424380E-07	2	0	
+3.520080E-07	2	0	
+3.554460E-07	2	0	
+3.559800E-07	2	0	
+3.542580E-07	2	0	
+3.475440E-07	2	0	
+3.510060E-07	2	0	
+3.530640E-07	2	0	
+3.535740E-07	2	0	
+3.621840E-07	2	0	
+3.533100E-07	2	0	
+3.456600E-07	2	0	
+3.448140E-07	2	0	
+3.463920E-07	2	0	
+3.468300E-07	2	0	
+3.521820E-07	2	0	
+3.539040E-07	2	0	
+3.640080E-07	2	0	
+1.726290E-06	3	0	
+2.356470E-06	3	0	
+1.028718E-06	3	0	
+3.681000E-07	1	0	
+3.670140E-07	1	0	
+3.664080E-07	1	0	
+3.641880E-07	1	0	
+3.661800E-07	1	0	
+3.747300E-07	1	0	
+3.585180E-07	1	0	
+3.713880E-07	1	0	
+3.656760E-07	1	0	
+3.589740E-07	1	0	
+3.639480E-07	1	0	
+3.605220E-07	1	0	
+3.524460E-07	1	0	
+3.556620E-07	1	0	
+3.645420E-07	1	0	
+3.652980E-07	1	0	
+3.642600E-07	1	0	
+3.581340E-07	1	0	
+3.607380E-07	1	0	
+3.648180E-07	1	0	
+3.591060E-07	1	0	
+3.583380E-07	1	0	
+3.514920E-07	1	0	
+3.571440E-07	1	0	
+3.607800E-07	1	0	
+3.581220E-07	1	0	
+3.557640E-07	1	0	
-1.007844E-06	4	0	
-1.627254E-06	4	0	
-3.073980E-07	4	0	
+3.555660E-07	2	0	
+3.508200E-07	2	0	
+3.573000E-07	2	0	
+3.554280E-07	2	0	
+3.581040E-07	2	0	
+3.555600E-07	2	0	
+3.555300E-07	2	0	
+3.587460E-07	2	0	
+3.535860E-07	2	0	
+3.600120E-07	2	0	
+3.614160E-07	2	0	
+3.554340E-07	2	0	
+3.580320E-07	2	0	
+3.604380E-07	2	0	
+3.587760E-07	2	0	
+3.649560E-07	2	0	
+3.624780E-07	2	0	
+3.600660E-07	2	0	
+3.650880E-07	2	0	
+3.713280E-07	2	0	
+3.665160E-07	2	0	
+3.680820E-07	2	0	
+3.613800E-07	2	0	
+3.635100E-07	2	0	
+3.632400E-07	2	0	
+3.644340E-07	2	0	
+3.723000E-07	2	0	
+1.738458E-06	3	0	
+2.366292E-06	3	0	
+1.039242E-06	3	0	
+3.781260E-07	1	0	
+3.700080E-07	1	0	
+3.674640E-07	1	0	
+3.718740E-07	1	0	
+3.746400E-07	1	0	
+3.694500E-07	1	0	
+3.683400E-07	1	0	
+3.693840E-07	1	0	
+3.604020E-07	1	0	
+3.550380E-07	1	0	
+3.628860E-07	1	0	
+3.684600E-07	1	0	
+3.638400E-07	1	0	
+3.640440E-07	1	0	
+3.629760E-07	1	0	
+3.659160E-07	1	0	
+3.590040E-07	1	0	
+3.658680E-07	1	0	
+3.634620E-07	1	0	
+3.708120E-07	1	0	
+3.637800E-07	1	0	
+3.709380E-07	1	0	
+3.717540E-07	1	0	
+3.706200E-07	1	0	
+3.708360E-07	1	0	
+3.759660E-07	1	0	
+3.717480E-07	1	0	
-9.944040E-07	4	0	
-1.623132E-06	4	0	
-3.002220E-07	4	0	
+3.662220E-07	2	0	
+3.573600E-07	2	0	
+3.688440E-07	2	0	
+3.626040E-07	2	0	
+3.660960E-07	2	0	
+3.732060E-07	2	0	
+3.638640E-07	2	0	
+3.703680E-07	2	0	
+3.730860E-07	2	0	
+3.687000E-07	2	0	
+3.715200E-07	2	0	
+3.689700E-07	2	0	
+3.780840E-07	2	0	
+3.800820E-07	2	0	
+3.709860E-07	2	0	
+3.844440E-07	2	0	
+3.763740E-07	2	0	
+3.716880E-07	2	0	
+3.746400E-07	2	0	
+3.747360E-07	2	0	
+3.766860E-07	2	0	
+3.742560E-07	2	0	
+3.752760E-07	2	0	
+3.751860E-07	2	0	
+3.734520E-07	2	0	
+3.732480E-07	2	0	
+3.697740E-07	2	0	
+1.740714E-06	3	0	
+2.371374E-06	3	0	
+1.045062E-06	3	0	
+3.823140E-07	1	0	
+3.780420E-07	1	0	
+3.693060E-07	1	0	
+3.684480E-07	1	0	
+3.707640E-07	1	0	
+3.596340E-07	1	0	
+3.620220E-07	1	0	
+3.579120E-07	1	0	
+3.624000E-07	1	0	
+3.716760E-07	1	0	
+3.708240E-07	1	0	
+3.673500E-07	1	0	
+3.691920E-07	1	0	
+3.684300E-07	1	0	
+3.669180E-07	1	0	
+3.669300E-07	1	0	
+3.687360E-07	1	0	
+3.716460E-07	1	0	
+3.699960E-07	1	0	
+3.732480E-07	1	0	
+3.675240E-07	1	0	
+3.791880E-07	1	0	
+3.783840E-07	1	0	
+3.723300E-07	1	0	
+3.692220E-07	1	0	
+3.663240E-07	1	0	
+3.675360E-07	1	0	
-1.000248E-06	4	0	
-1.617486E-06	4	0	
-2.953440E-07	4	0	
+3.585060E-07	2	0	
+3.674520E-07	2	0	
+3.569760E-07	2	0	
+3.584100E-07	2	0	
+3.556860E-07	2	0	
+3.542820E-07	2	0	
+3.505920E-07	2	0	
+3.506400E-07	2	0	
+3.481440E-07	2	0	
+3.563700E-07	2	0	
+3.512100E-07	2	0	
+3.658380E-07	2	0	
+3.573120E-07	2	0	
+3.612780E-07	2	0	
+3.588000E-07	2	0	
+3.554820E-07	2	0	
+3.606060E-07	2	0	
+3.584520E-07	2	0	
+3.466860E-07	2	0	
+3.622500E-07	2	0	
+3.546960E-07	2	0	
+3.538680E-07	2	0	
+3.593820E-07	2	0	
+3.560040E-07	2	0	
+3.556680E-07	2	0	
+3.571380E-07	2	0	
+3.584940E-07	2	0	
+1.729266E-06	3	0	
+2.358534E-06	3	0	
+1.019268E-06	3	0	
+3.551400E-07	1	0	
+3.482880E-07	1	0	
+3.498540E-07	1	0	
+3.509280E-07	1	0	
+3.462840E-07	1	0	
+3.459840E-07	1	0	
+3.449100E-07	1	0	
+3.435360E-07	1	0	
+3.582900E-07	1	0	
+3.550800E-07	1	0	
+3.593580E-07	1	0	
+3.596100E-07	1	0	
+3.559140E-07	1	0	
+3.552840E-07	1	0	
+3.559020E-07	1	0	
+3.581220E-07	1	0	
+3.590520E-07	1	0	
+3.536940E-07	1	0	
+3.469620E-07	1	0	
+3.472140E-07	1	0	
+3.482820E-07	1	0	
+3.510480E-07	1	0	
+3.466080E-07	1	0	
+3.569040E-07	1	0	
+3.502740E-07	1	0	
+3.578820E-07	1	0	
+3.572040E-07	1	0	
-1.012296E-06	4	0	
-1.627920E-06	4	0	
-3.110580E-07	4	0	
+3.424500E-07	2	0	
+3.450900E-07	2	0	
+3.566880E-07	2	0	
+3.498420E-07	2	0	
+3.467160E-07	2	0	
+3.574860E-07	2	0	
+3.491820E-07	2	0	
+3.531600E-07	2	0	
+3.404700E-07	2	0	
+3.397080E-07	2	0	
+3.400920E-07	2	0	
+3.376260E-07	2	0	
+3.339780E-07	2	0	
+3.301260E-07	2	0	
+3.343980E-07	2	0	
+3.371880E-07	2	0	
+3.371220E-07	2	0	
+3.366840E-07	2	0	
+3.324000E-07	2	0	
+3.291960E-07	2	0	
+3.310320E-07	2	0	
+3.323640E-07	2	0	
+3.263340E-07	2	0	
+3.240420E-07	2	0	
+3.291360E-07	2	0	
+3.261840E-07	2	0	
+3.183420E-07	2	0	
+1.687014E-06	3	0	
+2.329398E-06	3	0	
+9.926940E-07	3	0	
+3.272340E-07	1	0	
+3.306840E-07	1	0	
+3.303300E-07	1	0	
+3.275880E-07	1	0	
+3.262140E-07	1	0	
+3.325320E-07	1	0	
+3.318120E-07	1	0	
+3.256080E-07	1	0	
+3.160920E-07	1	0	
+3.321180E-07	1	0	
+3.289560E-07	1	0	
+3.347040E-07	1	0	
+3.321420E-07	1	0	
+3.324180E-07	1	0	
+3.229860E-07	1	0	
+3.237720E-07	1	0	
+3.287580E-07	1	0	
+3.237660E-07	1	0	
+3.250020E-07	1	0	
+3.219900E-07	1	0	
+3.197100E-07	1	0	
+3.172980E-07	1	0	
+3.153420E-07	1	0	
+3.147720E-07	1	0	
+3.218520E-07	1	0	
+3.117780E-07	1	0	
+3.189600E-07	1	0	
-1.050408E-06	4	0	
-1.677024E-06	4	0	
-3.519660E-07	4	0	
+3.014100E-07	2	0	
+3.081720E-07	2	0	
+3.052140E-07	2	0	
+3.078900E-07	2	0	
+3.126540E-07	2	0	
+3.056160E-07	2	0	
+3.073920E-07	2	0	
+3.106620E-07	2	0	
+3.095580E-07	2	0	
+3.137760E-07	2	0	
+3.021720E-07	2	0	
+3.108600E-07	2	0	
+3.109380E-07	2	0	
+3.095280E-07	2	0	
+3.126660E-07	2	0	
+3.081720E-07	2	0	
+3.135000E-07	2	0	
+3.117960E-07	2	0	
+3.128280E-07	2	0	
+3.134040E-07	2	0	
+3.280980E-07	2	0	
+3.233160E-07	2	0	
+3.213900E-07	2	0	
+3.176520E-07	2	0	
+3.231240E-07	2	0	
+3.248880E-07	2	0	
+3.206040E-07	2	0	
+1.690590E-06	3	0	
+2.321922E-06	3	0	
+9.904560E-07	3	0	
+3.367920E-07	1	0	
+3.402180E-07	1	0	
+3.338100E-07	1	0	
+3.414540E-07	1	0	
+3.334140E-07	1	0	
+3.383940E-07	1	0	
+3.371040E-07	1	0	
+3.328560E-07	1	0	
+3.357120E-07	1	0	
+3.438600E-07	1	0	
+3.506040E-07	1	0	
+3.378900E-07	1	0	
+3.426180E-07	1	0	
+3.345840E-07	1	0	
+3.251160E-07	1	0	
+3.274200E-07	1	0	
+3.283920E-07	1	0	
+3.307080E-07	1	0	
+3.331920E-07	1	0	
+3.313860E-07	1	0	
+3.254640E-07	1	0	
+3.359820E-07	1	0	
+3.292740E-07	1	0	
+3.345480E-07	1	0	
+3.414360E-07	1	0	
+3.303540E-07	1	0	
+3.316800E-07	1	0	
-1.021380E-06	4	0	
-1.641990E-06	4	0	
-3.315780E-07	4	0	
+3.274500E-07	2	0	
+3.230460E-07	2	0	
+3.299700E-07	2	0	
+3.256380E-07	2	0	
+3.292080E-07	2	0	
+3.238260E-07	2	0	
+3.259500E-07	2	0	
+3.276120E-07	2	0	
+3.279480E-07	2	0	
+3.274680E-07	2	0	
+3.314700E-07	2	0	
+3.284100E-07	2	0	
+3.318780E-07	2	0	
+3.262320E-07	2	0	
+3.257580E-07	2	0	
+3.180240E-07	2	0	
+3.203460E-07	2	0	
+3.097320E-07	2	0	
+3.081960E-07	2	0	
+3.099780E-07	2	0	
+2.955420E-07	2	0	
+3.004680E-07	2	0	
+2.932140E-07	2	0	
+2.968800E-07	2	0	
+2.878560E-07	2	0	
+3.011880E-07	2	0	
+2.944140E-07	2	0	
+1.668462E-06	3	0	
+2.309592E-06	3	0	
+9.701580E-07	3	0	
+3.076800E-07	1	0	
+3.100740E-07	1	0	
+3.045240E-07	1	0	
+3.061860E-07	1	0	
+3.059220E-07	1	0	
+3.088920E-07	1	0	
+3.118020E-07	1	0	
+3.082680E-07	1	0	
+3.064500E-07	1	0	
+3.052740E-07	1	0	
+3.105660E-07	1	0	
+3.039960E-07	1	0	
+2.975040E-07	1	0	
+2.932020E-07	1	0	
+2.880720E-07	1	0	
+2.849760E-07	1	0	
+2.956140E-07	1	0	
+2.937720E-07	1	0	
+2.879460E-07	1	0	
+2.908500E-07	1	0	
+2.885820E-07	1	0	
+2.876100E-07	1	0	
+2.891640E-07	1	0	
+2.909820E-07	1	0	
+2.770020E-07	1	0	
+2.931420E-07	1	0	
+2.873160E-07	1	0	
-1.080288E-06	4	0	
-1.694112E-06	4	0	
-3.863940E-07	4	0	
+2.718720E-07	2	0	
+2.744520E-07	2	0	
+2.770800E-07	2	0	
+2.803140E-07	2	0	
+2.716260E-07	2	0	
+2.650140E-07	2	0	
+2.688240E-07	2	0	
+2.713860E-07	2	0	
+2.662020E-07	2	0	
+2.641320E-07	2	0	
+2.560380E-07	2	0	
+2.544600E-07	2	0	
+2.602860E-07	2	0	
+2.518860E-07	2	0	
+2.457540E-07	2	0	
+2.481660E-07	2	0	
+2.468940E-07	2	0	
+2.532180E-07	2	0	
+2.490240E-07	2	0	
+2.526480E-07	2	0	
+2.545920E-07	2	0	
+2.566860E-07	2	0	
+2.608440E-07	2	0	
+2.662440E-07	2	0	
+2.664000E-07	2	0	
+2.575140E-07	2	0	
+2.672520E-07	2	0	
+1.635210E-06	3	0	
+2.277660E-06	3	0	
+9.311160E-07	3	0	
+2.781960E-07	1	0	
+2.750880E-07	1	0	
+2.771040E-07	1	0	
+2.778420E-07	1	0	
+2.733240E-07	1	0	
+2.792220E-07	1	0	
+2.798700E-07	1	0	
+2.839440E-07	1	0	
+2.864280E-07	1	0	
+2.893380E-07	1	0	
+2.870040E-07	1	0	
+2.954400E-07	1	0	
+2.872440E-07	1	0	
+2.886540E-07	1	0	
+2.860560E-07	1	0	
+2.808180E-07	1	0	
+2.829720E-07	1	0	
+2.881920E-07	1	0	
+2.969280E-07	1	0	
+2.930400E-07	1	0	
+2.822040E-07	1	0	
+2.829120E-07	1	0	
+2.777400E-07	1	0	
+2.845800E-07	1	0	
+2.762040E-07	1	0	
+2.725020E-07	1	0	
+2.796480E-07	1	0	
-1.096176E-06	4	0	
-1.706916E-06	4	0	
-3.932820E-07	4	0	
+2.726580E-07	2	0	
+2.744700E-07	2	0	
+2.785620E-07	2	0	
+2.688120E-07	2	0	
+2.784840E-07	2	0	
+2.747640E-07	2	0	
+2.683800E-07	2	0	
+2.783460E-07	2	0	
+2.774400E-07	2	0	
+2.762820E-07	2	0	
+2.728260E-07	2	0	
+2.810520E-07	2	0	
+2.772660E-07	2	0	
+2.693400E-07	2	0	
+2.712840E-07	2	0	
+2.754840E-07	2	0	
+2.787300E-07	2	0	
+2.790540E-07	2	0	
+2.716380E-07	2	0	
+2.704080E-07	2	0	
+2.674020E-07	2	0	
+2.682420E-07	2	0	
+2.689380E-07	2	0	
+2.649900E-07	2	0	
+2.636700E-07	2	0	
+2.711160E-07	2	0	
+2.650680E-07	2	0	
+1.643598E-06	3	0	
+2.280954E-06	3	0	
+9.429300E-07	3	0	
+2.794680E-07	1	0	
+2.778480E-07	1	0	
+2.835540E-07	1	0	
+2.908860E-07	1	0	
+2.855040E-07	1	0	
+2.828520E-07	1	0	
+2.814180E-07	1	0	
+2.758380E-07	1	0	
+2.775000E-07	1	0	
+2.746320E-07	1	0	
+2.815500E-07	1	0	
+2.782020E-07	1	0	
+2.739900E-07	1	0	
+2.698920E-07	1	0	
+2.739240E-07	1	0	
+2.697600E-07	1	0	
+2.730840E-07	1	0	
+2.662320E-07	1	0	
+2.681100E-07	1	0	
+2.732460E-07	1	0	
+2.652840E-07	1	0	
+2.696580E-07	1	0	
+2.649420E-07	1	0	
+2.692320E-07	1	0	
+2.706600E-07	1	0	
+2.691000E-07	1	0	
+2.670000E-07	1	0	
-1.090116E-06	4	0	
-1.717086E-06	4	0	
-3.983460E-07	4	0	
+2.542200E-07	2	0	
+2.487540E-07	2	0	
+2.473260E-07	2	0	
+2.535300E-07	2	0	
+2.500020E-07	2	0	
+2.443740E-07	2	0	
+2.464080E-07	2	0	
+2.426640E-07	2	0	
+2.456520E-07	2	0	
+2.401560E-07	2	0	
+2.503740E-07	2	0	
+2.409840E-07	2	0	
+2.352600E-07	2	0	
+2.409540E-07	2	0	
+2.444940E-07	2	0	
+2.364900E-07	2	0	
+2.419560E-07	2	0	
+2.469720E-07	2	0	
+2.371380E-07	2	0	
+2.456100E-07	2	0	
+2.328840E-07	2	0	
+2.397660E-07	2	0	
+2.424000E-07	2	0	
+2.410800E-07	2	0	
+2.470740E-07	2	0	
+2.501640E-07	2	0	
+2.429460E-07	2	0	
+1.613382E-06	3	0	
+2.242008E-06	3	0	
+9.051240E-07	3	0	
+2.381580E-07	1	0	
+2.391120E-07	1	0	
+2.444880E-07	1	0	
+2.454720E-07	1	0	
+2.438700E-07	1	0	
+2.416860E-07	1	0	
+2.373780E-07	1	0	
+2.377920E-07	1	0	
+2.402400E-07	1	0	
+2.376060E-07	1	0	
+2.330520E-07	1	0	
+2.361960E-07	1	0	
+2.465400E-07	1	0	
+2.465640E-07	1	0	
+2.371440E-07	1	0	
+2.450040E-07	1	0	
+2.460420E-07	1	0	
+2.444460E-07	1	0	
+2.428560E-07	1	0	
+2.482200E-07	1	0	
+2.485980E-07	1	0	
+2.468820E-07	1	0	
+2.551860E-07	1	0	
+2.520000E-07	1	0	
+2.556720E-07	1	0	
+2.497200E-07	1	0	
+2.540280E-07	1	0	
-1.099098E-06	4	0	
-1.721538E-06	4	0	
-4.114200E-07	4	0	
+2.506620E-07	2	0	
+2.566980E-07	2	0	
+2.495280E-07	2	0	
+2.460540E-07	2	0	
+2.407560E-07	2	0	
+2.403720E-07	2	0	
+2.386740E-07	2	0	
+2.319720E-07	2	0	
+2.333160E-07	2	0	
+2.402820E-07	2	0	
+2.408040E-07	2	0	
+2.357700E-07	2	0	
+2.408880E-07	2	0	
+2.342460E-07	2	0	
+2.439960E-07	2	0	
+2.421780E-07	2	0	
+2.423820E-07	2	0	
+2.383020E-07	2	0	
+2.490180E-07	2	0	
+2.477520E-07	2	0	
+2.451600E-07	2	0	
+2.464020E-07	2	0	
+2.471580E-07	2	0	
+2.515260E-07	2	0	
+2.463540E-07	2	0	
+2.411400E-07	2	0	
+2.411760E-07	2	0	
+1.615092E-06	3	0	
+2.245578E-06	3	0	
+9.101220E-07	3	0	
+2.508060E-07	1	0	
+2.503080E-07	1	0	
+2.492520E-07	1	0	
+2.429700E-07	1	0	
+2.426820E-07	1	0	
+2.489940E-07	1	0	
+2.509380E-07	1	0	
+2.427420E-07	1	0	
+2.420760E-07	1	0	
+2.389440E-07	1	0	
+2.370360E-07	1	0	
+2.454540E-07	1	0	
+2.452260E-07	1	0	
+2.445180E-07	1	0	
+2.360640E-07	1	0	
+2.335320E-07	1	0	
+2.334060E-07	1	0	
+2.404320E-07	1	0	
+2.361840E-07	1	0	
+2.358540E-07	1	0	
+2.292480E-07	1	0	
+2.340660E-07	1	0	
+2.385000E-07	1	0	
+2.285880E-07	1	0	
+2.303520E-07	1	0	
+2.269380E-07	1	0	
+2.166420E-07	1	0	
-1.139598E-06	4	0	
-1.764024E-06	4	0	
-4.564560E-07	4	0	
+2.151660E-07	2	0	
+2.027340E-07	2	0	
+2.057820E-07	2	0	
+1.999620E-07	2	0	
+2.016360E-07	2	0	
+1.919340E-07	2	0	
+1.913340E-07	2	0	
+1.851420E-07	2	0	
+1.872060E-07	2	0	
+1.789680E-07	2	0	
+1.815240E-07	2	0	
+1.872720E-07	2	0	
+1.822980E-07	2	0	
+1.830900E-07	2	0	
+1.766880E-07	2	0	
+1.794000E-07	2	0	
+1.829100E-07	2	0	
+1.834080E-07	2	0	
+1.818180E-07	2	0	
+1.741980E-07	2	0	
+1.786620E-07	2	0	
+1.885680E-07	2	0	
+1.798260E-07	2	0	
+1.798500E-07	2	0	
+1.822020E-07	2	0	
+1.762440E-07	2	0	
+1.710540E-07	2	0	
+1.538028E-06	3	0	
+2.167584E-06	3	0	
+8.362140E-07	3	0	
+1.700760E-07	1	0	
+1.696140E-07	1	0	
+1.703940E-07	1	0	
+1.664400E-07	1	0	
+1.715820E-07	1	0	
+1.699620E-07	1	0	
+1.754820E-07	1	0	
+1.752840E-07	1	0	
+1.665360E-07	1	0	
+1.731480E-07	1	0	
+1.806300E-07	1	0	
+1.750260E-07	1	0	
+1.800480E-07	1	0	
+1.799220E-07	1	0	
+1.782360E-07	1	0	
+1.826100E-07	1	0	
+1.774980E-07	1	0	
+1.807260E-07	1	0	
+1.825200E-07	1	0	
+1.904580E-07	1	0	
+1.918260E-07	1	0	
+1.825380E-07	1	0	
+1.829940E-07	1	0	
+1.913460E-07	1	0	
+1.861080E-07	1	0	
+1.888740E-07	1	0	
+1.821180E-07	1	0	
-1.175988E-06	4	0	
-1.796934E-06	4	0	
-4.771740E-07	4	0	
+1.770720E-07	2	0	
+1.703400E-07	2	0	
+1.686360E-07	2	0	
+1.744080E-07	2	0	
+1.843140E-07	2	0	
+1.792800E-07	2	0	
+1.691280E-07	2	0	
+1.696500E-07	2	0	
+1.739580E-07	2	0	
+1.697400E-07	2	0	
+1.772280E-07	2	0	
+1.751460E-07	2	0	
+1.795020E-07	2	0	
+1.925820E-07	2	0	
+1.814940E-07	2	0	
+1.773540E-07	2	0	
+1.796880E-07	2	0	
+1.840680E-07	2	0	
+1.864680E-07	2	0	
+1.847280E-07	2	0	
+1.847400E-07	2	0	
+1.837860E-07	2	0	
+1.792440E-07	2	0	
+1.903140E-07	2	0	
+1.840020E-07	2	0	
+1.791000E-07	2	0	
+1.870740E-07	2	0	
+1.547052E-06	3	0	
+2.180916E-06	3	0	
+8.421480E-07	3	0	
+1.843140E-07	1	0	
+1.871280E-07	1	0	
+1.802160E-07	1	0	
+1.722240E-07	1	0	
+1.743720E-07	1	0	
+1.707600E-07	1	0	
+1.742220E-07	1	0	
+1.752180E-07	1	0	
+1.833540E-07	1	0	
+1.813380E-07	1	0	
+1.715880E-07	1	0	
+1.749000E-07	1	0	
+1.720920E-07	1	0	
+1.746840E-07	1	0	
+1.687080E-07	1	0	
+1.647120E-07	1	0	
+1.555800E-07	1	0	
+1.577040E-07	1	0	
+1.588380E-07	1	0	
+1.558260E-07	1	0	
+1.484280E-07	1	0	
+1.546740E-07	1	0	
+1.558800E-07	1	0	
+1.507380E-07	1	0	
+1.540020E-07	1	0	
+1.576020E-07	1	0	
+1.524480E-07	1	0	
-1.204152E-06	4	0	
-1.831692E-06	4	0	
-5.143260E-07	4	0	
+1.382640E-07	2	0	
+1.344540E-07	2	0	
+1.420320E-07	2	0	
+1.405860E-07	2	0	
+1.331820E-07	2	0	
+1.392960E-07	2	0	
+1.422960E-07	2	0	
+1.395840E-07	2	0	
+1.368900E-07	2	0	
+1.283340E-07	2	0	
+1.304040E-07	2	0	
+1.287000E-07	2	0	
+1.276320E-07	2	0	
+1.277460E-07	2	0	
+1.194660E-07	2	0	
+1.289700E-07	2	0	
+1.207920E-07	2	0	
+1.245780E-07	2	0	
+1.140300E-07	2	0	
+1.202100E-07	2	0	
+1.193880E-07	2	0	
+1.223460E-07	2	0	
+1.192800E-07	2	0	
+1.145280E-07	2	0	
+1.291860E-07	2	0	
+1.258080E-07	2	0	
+1.267800E-07	2	0	
+1.498494E-06	3	0	
+2.137452E-06	3	0	
+7.972800E-07	3	0	
+1.287660E-07	1	0	
+1.324320E-07	1	0	
+1.272540E-07	1	0	
+1.305240E-07	1	0	
+1.290840E-07	1	0	
+1.280340E-07	1	0	
+1.339080E-07	1	0	
+1.277880E-07	1	0	
+1.225320E-07	1	0	
+1.261920E-07	1	0	
+1.352820E-07	1	0	
+1.345200E-07	1	0	
+1.309440E-07	1	0	
+1.372260E-07	1	0	
+1.382400E-07	1	0	
+1.309500E-07	1	0	
+1.275720E-07	1	0	
+1.281060E-07	1	0	
+1.269720E-07	1	0	
+1.200240E-07	1	0	
+1.145280E-07	1	0	
+1.202760E-07	1	0	
+1.250820E-07	1	0	
+1.208280E-07	1	0	
+1.213020E-07	1	0	
+1.294320E-07	1	0	
+1.257900E-07	1	0	
-1.227606E-06	4	0	
-1.861722E-06	4	0	
-5.366340E-07	4	0	
+1.139400E-07	2	0	
+1.156440E-07	2	0	
+1.201200E-07	2	0	
+1.122840E-07	2	0	
+1.160940E-07	2	0	
+1.163040E-07	2	0	
+1.195560E-07	2	0	
+1.068240E-07	2	0	
+1.136760E-07	2	0	
+1.183620E-07	2	0	
+1.209660E-07	2	0	
+1.178340E-07	2	0	
+1.196340E-07	2	0	
+1.244280E-07	2	0	
+1.282020E-07	2	0	
+1.207320E-07	2	0	
+1.257840E-07	2	0	
+1.195680E-07	2	0	
+1.114560E-07	2	0	
+1.035120E-07	2	0	
+1.091880E-07	2	0	
+1.116060E-07	2	0	
+1.139160E-07	2	0	
+1.143660E-07	2	0	
+1.147740E-07	2	0	
+1.156560E-07	2	0	
+1.153920E-07	2	0	
+1.479414E-06	3	0	
+2.118312E-06	3	0	
