start date: 	2023-08-07
start time: 	17.47.45
stop date: 	2023-08-07
stop time: 	18.08.54
com rel. humid (%):	34.4
com temp (°C):	29.10
cn temp (°C):	31.31
nv temp (°C):	35.53
bvd averages: 	     20
remarks: 	CCC probe connected to GaAs probe, GaAs 8 V+=Wht, V-=Yel, I+=Blk, I-=Wht, B = 11.56 T (84.4 A), Psample = 3.0e-3 mbar
R1 Info: 	NIST-QHRGaAs13k-8
R2 Info: 	1214
data filepath: 	M:\MagniconData\CCCViewerData\cccviewer_measure\2023-08-07_CCC\230807_006_1747.txt
config filepath: 	M:\MagniconData\CCCViewerData\cccviewer_measure\2023-08-07_CCC\230807_006_1747_cccdrive.cfg
time base (Hz): 	60
integration time (time base multiples):	60
number of samples per half cycle: 	30
ignored first samples: 	14
ignored last samples: 	0
amplifier gain: 	1000000
delta N1/NA (mTurns): 	19.752215128
delta (I2*R2) (V): 	1.000030519
N1 (Turns):	2065
N2 (Turns):	16
NA (Turns):	1
R1 (Ohm): 	12906.404000
R2 (Ohm): 	100.000000

data(V)	phase	error
+1.982280E-07	1	0	
+1.727820E-07	1	0	
+1.378620E-07	1	0	
+1.568640E-07	1	0	
+1.518180E-07	1	0	
+1.667400E-07	1	0	
+1.553520E-07	1	0	
+1.602180E-07	1	0	
+1.650360E-07	1	0	
+1.792920E-07	1	0	
+1.659540E-07	1	0	
+1.884840E-07	1	0	
+1.776180E-07	1	0	
+1.821240E-07	1	0	
+1.882320E-07	1	0	
+1.845780E-07	1	0	
+1.863720E-07	1	0	
+1.962180E-07	1	0	
+1.879800E-07	1	0	
+2.074500E-07	1	0	
+1.918140E-07	1	0	
+1.890420E-07	1	0	
+1.975560E-07	1	0	
+1.747860E-07	1	0	
+1.525200E-07	1	0	
+1.414440E-07	1	0	
+1.601040E-07	1	0	
+1.626960E-07	1	0	
+2.994252E-06	4	0	
+3.665910E-06	4	8	
+1.738032E-06	4	0	
+1.778100E-07	2	0	
+2.188140E-07	2	0	
+2.087220E-07	2	0	
+2.136480E-07	2	0	
+1.851000E-07	2	0	
+2.113860E-07	2	0	
+2.179260E-07	2	0	
+2.157300E-07	2	0	
+1.912560E-07	2	0	
+1.961700E-07	2	0	
+2.192700E-07	2	0	
+2.038500E-07	2	0	
+2.354880E-07	2	0	
+2.084220E-07	2	0	
+1.981140E-07	2	0	
+2.112000E-07	2	0	
+1.777980E-07	2	0	
+2.318880E-07	2	0	
+2.180280E-07	2	0	
+2.541120E-07	2	0	
+2.334720E-07	2	0	
+2.059080E-07	2	0	
+2.040300E-07	2	0	
+2.128680E-07	2	0	
+2.160720E-07	2	0	
+2.478540E-07	2	0	
+1.982640E-07	2	0	
-2.855940E-06	3	0	
-3.617046E-06	3	8	
-1.466274E-06	3	0	
+1.675620E-07	1	0	
+1.574820E-07	1	0	
+1.564080E-07	1	0	
+1.688820E-07	1	0	
+1.653240E-07	1	0	
+1.553100E-07	1	0	
+1.633500E-07	1	0	
+1.787280E-07	1	0	
+1.905000E-07	1	0	
+1.930680E-07	1	0	
+1.662000E-07	1	0	
+1.860480E-07	1	0	
+2.090100E-07	1	0	
+1.968240E-07	1	0	
+1.858380E-07	1	0	
+1.895640E-07	1	0	
+2.118720E-07	1	0	
+2.023740E-07	1	0	
+1.938180E-07	1	0	
+2.476920E-07	1	0	
+2.075160E-07	1	0	
+2.265120E-07	1	0	
+2.194500E-07	1	0	
+2.241420E-07	1	0	
+2.179440E-07	1	0	
+1.975920E-07	1	0	
+2.004660E-07	1	0	
+3.006132E-06	4	8	
+3.665934E-06	4	8	
+1.738932E-06	4	0	
+2.362140E-07	2	0	
+2.439960E-07	2	0	
+2.413440E-07	2	0	
+2.338140E-07	2	0	
+2.402400E-07	2	0	
+2.432940E-07	2	0	
+2.636040E-07	2	0	
+2.268720E-07	2	0	
+2.508480E-07	2	0	
+2.690460E-07	2	0	
+2.976240E-07	2	0	
+2.427120E-07	2	0	
+2.314920E-07	2	0	
+2.223120E-07	2	0	
+2.223840E-07	2	0	
+2.381760E-07	2	0	
+2.450640E-07	2	0	
+2.497320E-07	2	0	
+2.652960E-07	2	0	
+2.557080E-07	2	0	
+2.544480E-07	2	0	
+2.506140E-07	2	0	
+2.712660E-07	2	0	
+2.934660E-07	2	0	
+2.669280E-07	2	0	
+2.578020E-07	2	0	
+2.555400E-07	2	0	
-2.837784E-06	3	0	
-3.617070E-06	3	8	
-1.430406E-06	3	0	
+2.609640E-07	1	0	
+2.548740E-07	1	0	
+1.941360E-07	1	0	
+2.033400E-07	1	0	
+2.339340E-07	1	0	
+2.404260E-07	1	0	
+2.066760E-07	1	0	
+2.004480E-07	1	0	
+2.134200E-07	1	0	
+2.409900E-07	1	0	
+2.413620E-07	1	0	
+2.134680E-07	1	0	
+2.191980E-07	1	0	
+2.191620E-07	1	0	
+2.366640E-07	1	0	
+2.340900E-07	1	0	
+2.306220E-07	1	0	
+2.404620E-07	1	0	
+2.114640E-07	1	0	
+2.504280E-07	1	0	
+2.458680E-07	1	0	
+2.494920E-07	1	0	
+2.774040E-07	1	0	
+2.521320E-07	1	0	
+2.442180E-07	1	0	
+2.616720E-07	1	0	
+2.747400E-07	1	0	
+3.034848E-06	4	8	
+3.665946E-06	4	8	
+1.805994E-06	4	0	
+3.093360E-07	2	0	
+3.001620E-07	2	0	
+3.104400E-07	2	0	
+2.886540E-07	2	0	
+2.514660E-07	2	0	
+2.830920E-07	2	0	
+2.789280E-07	2	0	
+2.601000E-07	2	0	
+2.920020E-07	2	0	
+2.493960E-07	2	0	
+2.718060E-07	2	0	
+2.458560E-07	2	0	
+2.492160E-07	2	0	
+2.801340E-07	2	0	
+2.438340E-07	2	0	
+2.608380E-07	2	0	
+2.695620E-07	2	0	
+3.080700E-07	2	0	
+2.763840E-07	2	0	
+2.928420E-07	2	0	
+2.592180E-07	2	0	
+2.853900E-07	2	0	
+2.729160E-07	2	0	
+3.215040E-07	2	0	
+3.369600E-07	2	0	
+3.094020E-07	2	0	
+3.030300E-07	2	0	
-2.837640E-06	3	0	
-3.617082E-06	3	8	
-1.380870E-06	3	0	
+2.832900E-07	1	0	
+2.843340E-07	1	0	
+2.785800E-07	1	0	
+2.781300E-07	1	0	
+3.168660E-07	1	0	
+3.243180E-07	1	0	
+3.156720E-07	1	0	
+3.136080E-07	1	0	
+2.945820E-07	1	0	
+2.703540E-07	1	0	
+2.924880E-07	1	0	
+2.784060E-07	1	0	
+2.315520E-07	1	0	
+2.257560E-07	1	0	
+2.506020E-07	1	0	
+2.857200E-07	1	0	
+2.718180E-07	1	0	
+2.903280E-07	1	0	
+2.595060E-07	1	0	
+2.730720E-07	1	0	
+3.052980E-07	1	0	
+2.900760E-07	1	0	
+2.788020E-07	1	0	
+2.404020E-07	1	0	
+3.022440E-07	1	0	
+2.894160E-07	1	0	
+2.697600E-07	1	0	
+3.020712E-06	4	8	
+3.665940E-06	4	8	
+1.782264E-06	4	0	
+2.828880E-07	2	0	
+2.955660E-07	2	0	
+2.911560E-07	2	0	
+2.547240E-07	2	0	
+2.556540E-07	2	0	
+2.718420E-07	2	0	
+2.931600E-07	2	0	
+2.376540E-07	2	0	
+2.409660E-07	2	0	
+2.607840E-07	2	0	
+2.653740E-07	2	0	
+2.541540E-07	2	0	
+2.507280E-07	2	0	
+2.520780E-07	2	0	
+2.584620E-07	2	0	
+2.542440E-07	2	0	
+2.431020E-07	2	0	
+2.458620E-07	2	0	
+2.443860E-07	2	0	
+2.337240E-07	2	0	
+2.401860E-07	2	0	
+2.351100E-07	2	0	
+2.418300E-07	2	0	
+2.277240E-07	2	0	
+2.530080E-07	2	0	
+2.310960E-07	2	0	
+2.272080E-07	2	0	
-2.847180E-06	3	0	
-3.617094E-06	3	8	
-1.430754E-06	3	0	
+2.097780E-07	1	0	
+2.111820E-07	1	0	
+2.287020E-07	1	0	
+2.293020E-07	1	0	
+2.161620E-07	1	0	
+2.049240E-07	1	0	
+1.966800E-07	1	0	
+1.792380E-07	1	0	
+1.708320E-07	1	0	
+2.055300E-07	1	0	
+1.821060E-07	1	0	
+2.182740E-07	1	0	
+2.289900E-07	1	0	
+2.115360E-07	1	0	
+1.970760E-07	1	0	
+2.080440E-07	1	0	
+2.200440E-07	1	0	
+1.965420E-07	1	0	
+1.864080E-07	1	0	
+1.820100E-07	1	0	
+1.982160E-07	1	0	
+1.937640E-07	1	0	
+2.055840E-07	1	0	
+1.932720E-07	1	0	
+1.859340E-07	1	0	
+1.752480E-07	1	0	
+1.630620E-07	1	0	
+2.994930E-06	4	0	
+3.665940E-06	4	8	
+1.755624E-06	4	0	
+2.269800E-07	2	0	
+2.313300E-07	2	0	
+2.515500E-07	2	0	
+2.329440E-07	2	0	
+2.549520E-07	2	0	
+2.534280E-07	2	0	
+2.533560E-07	2	0	
+2.266860E-07	2	0	
+2.223060E-07	2	0	
+2.163660E-07	2	0	
+2.435700E-07	2	0	
+2.335620E-07	2	0	
+2.382900E-07	2	0	
+2.390820E-07	2	0	
+2.297400E-07	2	0	
+2.477280E-07	2	0	
+2.314200E-07	2	0	
+2.195640E-07	2	0	
+2.262000E-07	2	0	
+2.259300E-07	2	0	
+2.244420E-07	2	0	
+2.426940E-07	2	0	
+2.407140E-07	2	0	
+2.504040E-07	2	0	
+2.485080E-07	2	0	
+2.291040E-07	2	0	
+2.280720E-07	2	0	
-2.844834E-06	3	0	
-3.617100E-06	3	8	
-1.429806E-06	3	0	
+2.268240E-07	1	0	
+1.809000E-07	1	0	
+2.122800E-07	1	0	
+1.877580E-07	1	0	
+2.018820E-07	1	0	
+2.160300E-07	1	0	
+2.390880E-07	1	0	
+2.199840E-07	1	0	
+2.142300E-07	1	0	
+2.359680E-07	1	0	
+2.385480E-07	1	0	
+2.296740E-07	1	0	
+2.203920E-07	1	0	
+2.120160E-07	1	0	
+2.254140E-07	1	0	
+2.135280E-07	1	0	
+2.052900E-07	1	0	
+2.413140E-07	1	0	
+2.483640E-07	1	0	
+2.190420E-07	1	0	
+2.046180E-07	1	0	
+1.725540E-07	1	0	
+1.662960E-07	1	0	
+1.759800E-07	1	0	
+1.763520E-07	1	0	
+1.820340E-07	1	0	
+1.912380E-07	1	0	
+3.015474E-06	4	8	
+3.665952E-06	4	8	
+1.738584E-06	4	0	
+2.250480E-07	2	0	
+2.329320E-07	2	0	
+2.199720E-07	2	0	
+1.960800E-07	2	0	
+2.120340E-07	2	0	
+2.251620E-07	2	0	
+2.518020E-07	2	0	
+2.150880E-07	2	0	
+2.387100E-07	2	0	
+2.330400E-07	2	0	
+2.336400E-07	2	0	
+2.446260E-07	2	0	
+2.303640E-07	2	0	
+2.123400E-07	2	0	
+2.011860E-07	2	0	
+2.254800E-07	2	0	
+2.085180E-07	2	0	
+2.164740E-07	2	0	
+2.505060E-07	2	0	
+2.464080E-07	2	0	
+2.181240E-07	2	0	
+2.059080E-07	2	0	
+2.240640E-07	2	0	
+2.065800E-07	2	0	
+2.158800E-07	2	0	
+2.299680E-07	2	0	
+2.246820E-07	2	0	
-2.851050E-06	3	0	
-3.617100E-06	3	8	
-1.456164E-06	3	0	
+2.090340E-07	1	0	
+1.867680E-07	1	0	
+1.961280E-07	1	0	
+1.732080E-07	1	0	
+1.634040E-07	1	0	
+1.856460E-07	1	0	
+1.853400E-07	1	0	
+1.954320E-07	1	0	
+2.342040E-07	1	0	
+2.151720E-07	1	0	
+2.145840E-07	1	0	
+2.253720E-07	1	0	
+2.368500E-07	1	0	
+2.105100E-07	1	0	
+2.096640E-07	1	0	
+2.215860E-07	1	0	
+2.200920E-07	1	0	
+1.945980E-07	1	0	
+2.125260E-07	1	0	
+2.081760E-07	1	0	
+2.144820E-07	1	0	
+1.877460E-07	1	0	
+1.908180E-07	1	0	
+1.992060E-07	1	0	
+1.512660E-07	1	0	
+1.378620E-07	1	0	
+1.634700E-07	1	0	
+2.986140E-06	4	0	
+3.665958E-06	4	8	
+1.710894E-06	4	0	
+1.721520E-07	2	0	
+1.975440E-07	2	0	
+1.914300E-07	2	0	
+1.584120E-07	2	0	
+1.557240E-07	2	0	
+1.718640E-07	2	0	
+1.465980E-07	2	0	
+1.534080E-07	2	0	
+1.532400E-07	2	0	
+1.712760E-07	2	0	
+1.486140E-07	2	0	
+1.798980E-07	2	0	
+1.927500E-07	2	0	
+1.617300E-07	2	0	
+2.127240E-07	2	0	
+1.832880E-07	2	0	
+2.011800E-07	2	0	
+1.818300E-07	2	0	
+2.269500E-07	2	0	
+2.086440E-07	2	0	
+2.026920E-07	2	0	
+1.899900E-07	2	0	
+1.788480E-07	2	0	
+1.918380E-07	2	0	
+2.041020E-07	2	0	
+1.978620E-07	2	0	
+1.850160E-07	2	0	
-2.853144E-06	3	0	
-3.617106E-06	3	8	
-1.483602E-06	3	0	
+1.643880E-07	1	0	
+1.320480E-07	1	0	
+1.382220E-07	1	0	
+1.522800E-07	1	0	
+1.164900E-07	1	0	
+1.462980E-07	1	0	
+1.518720E-07	1	0	
+1.443420E-07	1	0	
+1.449000E-07	1	0	
+1.247640E-07	1	0	
+1.408080E-07	1	0	
+1.508460E-07	1	0	
+1.383420E-07	1	0	
+1.391040E-07	1	0	
+1.456200E-07	1	0	
+1.723320E-07	1	0	
+1.670400E-07	1	0	
+1.932180E-07	1	0	
+1.565040E-07	1	0	
+1.419180E-07	1	0	
+1.791000E-07	1	0	
+1.511340E-07	1	0	
+1.498680E-07	1	0	
+1.632420E-07	1	0	
+1.610580E-07	1	0	
+1.650720E-07	1	0	
+1.784280E-07	1	0	
+2.997060E-06	4	0	
+3.665958E-06	4	8	
+1.739370E-06	4	0	
+1.903980E-07	2	0	
+2.098260E-07	2	0	
+1.962180E-07	2	0	
+1.942980E-07	2	0	
+1.877820E-07	2	0	
+1.587240E-07	2	0	
+1.874760E-07	2	0	
+1.864320E-07	2	0	
+2.097300E-07	2	0	
+1.748040E-07	2	0	
+1.915200E-07	2	0	
+1.854660E-07	2	0	
+1.861260E-07	2	0	
+1.756200E-07	2	0	
+1.989480E-07	2	0	
+1.830720E-07	2	0	
+2.153460E-07	2	0	
+2.139420E-07	2	0	
+1.855140E-07	2	0	
+1.796400E-07	2	0	
+2.157660E-07	2	0	
+2.134800E-07	2	0	
+1.680960E-07	2	0	
+2.271240E-07	2	0	
+2.041860E-07	2	0	
+1.858200E-07	2	0	
+2.253300E-07	2	0	
-2.851032E-06	3	0	
-3.617100E-06	3	8	
-1.450944E-06	3	0	
+1.608360E-07	1	0	
+1.566000E-07	1	0	
+1.302780E-07	1	0	
+1.494420E-07	1	0	
+1.389240E-07	1	0	
+1.420260E-07	1	0	
+1.405200E-07	1	0	
+1.299060E-07	1	0	
+1.542000E-07	1	0	
+1.738980E-07	1	0	
+1.622460E-07	1	0	
+1.518780E-07	1	0	
+1.124880E-07	1	0	
+1.495620E-07	1	0	
+1.657260E-07	1	0	
+1.244280E-07	1	0	
+1.384200E-07	1	0	
+1.300920E-07	1	0	
+1.360200E-07	1	0	
+1.273500E-07	1	0	
+1.343460E-07	1	0	
+1.408380E-07	1	0	
+1.713240E-07	1	0	
+1.428180E-07	1	0	
+1.779240E-07	1	0	
+1.489440E-07	1	0	
+1.422480E-07	1	0	
+2.986890E-06	4	0	
+3.665946E-06	4	8	
+1.731636E-06	4	0	
+2.150940E-07	2	0	
+2.253840E-07	2	0	
+1.914780E-07	2	0	
+2.278560E-07	2	0	
+2.275920E-07	2	0	
+2.267940E-07	2	0	
+2.206320E-07	2	0	
+1.587180E-07	2	0	
+1.580880E-07	2	0	
+1.850340E-07	2	0	
+1.885140E-07	2	0	
+1.798620E-07	2	0	
+1.471320E-07	2	0	
+1.684740E-07	2	0	
+1.599840E-07	2	0	
+1.701660E-07	2	0	
+1.845360E-07	2	0	
+1.397460E-07	2	0	
+1.594620E-07	2	0	
+1.729560E-07	2	0	
+1.535940E-07	2	0	
+1.586340E-07	2	0	
+1.657740E-07	2	0	
+1.690920E-07	2	0	
+1.786980E-07	2	0	
+1.632600E-07	2	0	
+1.976820E-07	2	0	
-2.857578E-06	3	0	
-3.617100E-06	3	8	
-1.442982E-06	3	0	
+1.258020E-07	1	0	
+1.536360E-07	1	0	
+1.230360E-07	1	0	
+1.329300E-07	1	0	
+1.337340E-07	1	0	
+1.511400E-07	1	0	
+1.658400E-07	1	0	
+1.485360E-07	1	0	
+1.462020E-07	1	0	
+1.200900E-07	1	0	
+1.430100E-07	1	0	
+1.415340E-07	1	0	
+1.356480E-07	1	0	
+1.209960E-07	1	0	
+1.496700E-07	1	0	
+1.223700E-07	1	0	
+2.051340E-07	1	0	
+1.034160E-07	1	0	
+1.291200E-07	1	0	
+1.331580E-07	1	0	
+1.556040E-07	1	0	
+1.695660E-07	1	0	
+1.791300E-07	1	0	
+1.664940E-07	1	0	
+1.581540E-07	1	0	
+1.602000E-07	1	0	
+1.441080E-07	1	0	
+3.004758E-06	4	8	
+3.665946E-06	4	8	
+1.748298E-06	4	0	
+2.118660E-07	2	0	
+2.119500E-07	2	0	
+2.018760E-07	2	0	
+1.891440E-07	2	0	
+2.086500E-07	2	0	
+1.525800E-07	2	0	
+2.042100E-07	2	0	
+2.049540E-07	2	0	
+1.943940E-07	2	0	
+1.743540E-07	2	0	
+2.035020E-07	2	0	
+2.081400E-07	2	0	
+1.953660E-07	2	0	
+2.066580E-07	2	0	
+1.839120E-07	2	0	
+2.133060E-07	2	0	
+1.622520E-07	2	0	
+1.808520E-07	2	0	
+2.035440E-07	2	0	
+1.663620E-07	2	0	
+1.667760E-07	2	0	
+1.859940E-07	2	0	
+1.665600E-07	2	0	
+1.764480E-07	2	0	
+1.851660E-07	2	0	
+1.871100E-07	2	0	
+1.830780E-07	2	0	
-2.863062E-06	3	0	
-3.617106E-06	3	8	
-1.469136E-06	3	0	
+1.806900E-07	1	0	
+1.905240E-07	1	0	
+1.629660E-07	1	0	
+1.737000E-07	1	0	
+1.846860E-07	1	0	
+2.010540E-07	1	0	
+1.901460E-07	1	0	
+1.796160E-07	1	0	
+1.661040E-07	1	0	
+1.534020E-07	1	0	
+1.700280E-07	1	0	
+2.002440E-07	1	0	
+1.763280E-07	1	0	
+1.695360E-07	1	0	
+1.860720E-07	1	0	
+2.246220E-07	1	0	
+1.980060E-07	1	0	
+1.245480E-07	1	0	
+1.386240E-07	1	0	
+1.504620E-07	1	0	
+1.444260E-07	1	0	
+1.512000E-07	1	0	
+1.401780E-07	1	0	
+1.391340E-07	1	0	
+1.341540E-07	1	0	
+1.306440E-07	1	0	
+1.134660E-07	1	0	
+3.003816E-06	4	8	
+3.665958E-06	4	8	
+1.647714E-06	4	0	
+1.378980E-07	2	0	
+1.865400E-07	2	0	
+1.975740E-07	2	0	
+1.965180E-07	2	0	
+1.945140E-07	2	0	
+1.917900E-07	2	0	
+1.920900E-07	2	0	
+1.852260E-07	2	0	
+2.182740E-07	2	0	
+2.010540E-07	2	0	
+2.261400E-07	2	0	
+2.200320E-07	2	0	
+2.067360E-07	2	0	
+2.114160E-07	2	0	
+1.848300E-07	2	0	
+2.026140E-07	2	0	
+2.170140E-07	2	0	
+2.534820E-07	2	0	
+2.255580E-07	2	0	
+2.100720E-07	2	0	
+1.922400E-07	2	0	
+2.007300E-07	2	0	
+2.219400E-07	2	0	
+2.277960E-07	2	0	
+2.331600E-07	2	0	
+2.482020E-07	2	0	
+3.404940E-07	2	0	
-2.856090E-06	3	0	
-3.617100E-06	3	8	
-1.454466E-06	3	0	
+1.906860E-07	1	0	
+1.767300E-07	1	0	
+1.713120E-07	1	0	
+1.746840E-07	1	0	
+2.054280E-07	1	0	
+1.962600E-07	1	0	
+1.807620E-07	1	0	
+2.030160E-07	1	0	
+1.734300E-07	1	0	
+1.966980E-07	1	0	
+2.316600E-07	1	0	
+2.225100E-07	1	0	
+2.398140E-07	1	0	
+2.414400E-07	1	0	
+2.158080E-07	1	0	
+1.765500E-07	1	0	
+2.174100E-07	1	0	
+2.074020E-07	1	0	
+1.853940E-07	1	0	
+1.594380E-07	1	0	
+1.598880E-07	1	0	
+1.503120E-07	1	0	
+1.391580E-07	1	0	
+1.463220E-07	1	0	
+1.302660E-07	1	0	
+1.908780E-07	1	0	
+1.502220E-07	1	0	
+3.000168E-06	4	8	
+3.665952E-06	4	8	
+1.712430E-06	4	0	
+1.811700E-07	2	0	
+1.656840E-07	2	0	
+1.809900E-07	2	0	
+1.651320E-07	2	0	
+1.788540E-07	2	0	
+1.901100E-07	2	0	
+2.013120E-07	2	0	
+2.170680E-07	2	0	
+2.294940E-07	2	0	
+1.894980E-07	2	0	
+2.827860E-07	2	0	
+3.042420E-07	2	0	
+2.858520E-07	2	0	
+2.569020E-07	2	0	
+2.264640E-07	2	0	
+2.651940E-07	2	0	
+2.755740E-07	2	0	
+2.602560E-07	2	0	
+2.324700E-07	2	0	
+2.173200E-07	2	0	
+2.630580E-07	2	0	
+2.493780E-07	2	0	
+1.821120E-07	2	0	
+2.016840E-07	2	0	
+1.779660E-07	2	0	
+2.018940E-07	2	0	
+2.301600E-07	2	0	
-2.863440E-06	3	0	
-3.617106E-06	3	8	
-1.479468E-06	3	0	
+1.438500E-07	1	0	
+1.561020E-07	1	0	
+1.513980E-07	1	0	
+1.551360E-07	1	0	
+1.610460E-07	1	0	
+1.549440E-07	1	0	
+1.436580E-07	1	0	
+1.622820E-07	1	0	
+1.352700E-07	1	0	
+1.691940E-07	1	0	
+1.673700E-07	1	0	
+2.063160E-07	1	0	
+1.542420E-07	1	0	
+1.925580E-07	1	0	
+1.928940E-07	1	0	
+1.885200E-07	1	0	
+1.869120E-07	1	0	
+1.827540E-07	1	0	
+1.747560E-07	1	0	
+1.895220E-07	1	0	
+1.924560E-07	1	0	
+2.107440E-07	1	0	
+1.794120E-07	1	0	
+1.805040E-07	1	0	
+1.744740E-07	1	0	
+1.796820E-07	1	0	
+1.664040E-07	1	0	
+2.995410E-06	4	0	
+3.665946E-06	4	8	
+1.743372E-06	4	0	
+1.934460E-07	2	0	
+1.928220E-07	2	0	
+1.990860E-07	2	0	
+1.799100E-07	2	0	
+1.729260E-07	2	0	
+1.680060E-07	2	0	
+1.720980E-07	2	0	
+1.494300E-07	2	0	
+1.736880E-07	2	0	
+1.754940E-07	2	0	
+1.547340E-07	2	0	
+1.428960E-07	2	0	
+1.761060E-07	2	0	
+1.713720E-07	2	0	
+1.624020E-07	2	0	
+1.832520E-07	2	0	
+1.497060E-07	2	0	
+1.527060E-07	2	0	
+1.375680E-07	2	0	
+1.648260E-07	2	0	
+1.353900E-07	2	0	
+1.750260E-07	2	0	
+1.485420E-07	2	0	
+1.472700E-07	2	0	
+1.465200E-07	2	0	
+1.376940E-07	2	0	
+1.388520E-07	2	0	
-2.880708E-06	3	0	
-3.617112E-06	3	8	
-1.534914E-06	3	0	
+7.691400E-08	1	0	
+6.545400E-08	1	0	
+7.542600E-08	1	0	
+7.114800E-08	1	0	
+5.834400E-08	1	0	
+7.609200E-08	1	0	
+6.964800E-08	1	0	
+8.020200E-08	1	0	
+4.422600E-08	1	0	
+8.887800E-08	1	0	
+8.122800E-08	1	0	
+5.635200E-08	1	0	
+5.169600E-08	1	0	
+4.717200E-08	1	0	
+7.600200E-08	1	0	
+7.156800E-08	1	0	
+7.539000E-08	1	0	
+6.540000E-08	1	0	
+5.833800E-08	1	0	
+6.124800E-08	1	0	
+6.809400E-08	1	0	
+8.819400E-08	1	0	
+7.869000E-08	1	0	
+7.449000E-08	1	0	
+7.161000E-08	1	0	
+7.711200E-08	1	0	
+8.172600E-08	1	0	
+2.977770E-06	4	0	
+3.665952E-06	4	8	
+1.683510E-06	4	0	
+9.640800E-08	2	0	
+1.281780E-07	2	0	
+9.238200E-08	2	0	
+1.102500E-07	2	0	
+8.330400E-08	2	0	
+1.059480E-07	2	0	
+1.144620E-07	2	0	
+1.057920E-07	2	0	
+9.990600E-08	2	0	
+9.196200E-08	2	0	
+1.142400E-07	2	0	
+8.755200E-08	2	0	
+9.357000E-08	2	0	
+1.220640E-07	2	0	
+1.337280E-07	2	0	
+1.063560E-07	2	0	
+8.327400E-08	2	0	
+1.116540E-07	2	0	
+1.141200E-07	2	0	
+1.150140E-07	2	0	
+1.263360E-07	2	0	
+1.269540E-07	2	0	
+1.233960E-07	2	0	
+1.049640E-07	2	0	
+1.367400E-07	2	0	
+1.069380E-07	2	0	
+1.261680E-07	2	0	
-2.877930E-06	3	0	
-3.617112E-06	3	8	
-1.513662E-06	3	0	
+9.864000E-08	1	0	
+8.001600E-08	1	0	
+7.206600E-08	1	0	
+1.104420E-07	1	0	
+8.311200E-08	1	0	
+5.422800E-08	1	0	
+5.439600E-08	1	0	
+5.041800E-08	1	0	
+8.727000E-08	1	0	
+9.268200E-08	1	0	
+6.535200E-08	1	0	
+7.094400E-08	1	0	
+7.062000E-08	1	0	
+1.150680E-07	1	0	
+1.135200E-07	1	0	
+1.030320E-07	1	0	
+7.782000E-08	1	0	
+9.217800E-08	1	0	
+9.634800E-08	1	0	
+8.410200E-08	1	0	
+7.585800E-08	1	0	
+9.507000E-08	1	0	
+9.373800E-08	1	0	
+7.806600E-08	1	0	
+9.441600E-08	1	0	
+1.035720E-07	1	0	
+8.185800E-08	1	0	
+2.979084E-06	4	0	
+3.665958E-06	4	8	
+1.683900E-06	4	0	
+1.116540E-07	2	0	
+1.512420E-07	2	0	
+1.603320E-07	2	0	
+1.811460E-07	2	0	
+1.660500E-07	2	0	
+1.354680E-07	2	0	
+1.549500E-07	2	0	
+1.079640E-07	2	0	
+1.220580E-07	2	0	
+1.248000E-07	2	0	
+1.290300E-07	2	0	
+1.158960E-07	2	0	
+1.267200E-07	2	0	
+1.451460E-07	2	0	
+1.074720E-07	2	0	
+1.306380E-07	2	0	
+1.231620E-07	2	0	
+1.202520E-07	2	0	
+1.067700E-07	2	0	
+1.347720E-07	2	0	
+1.393800E-07	2	0	
+1.311120E-07	2	0	
+1.176600E-07	2	0	
+1.084680E-07	2	0	
+1.350420E-07	2	0	
+1.440600E-07	2	0	
+1.516260E-07	2	0	
-2.857392E-06	3	0	
-3.617112E-06	3	8	
-1.524828E-06	3	0	
+7.764000E-08	1	0	
+7.329600E-08	1	0	
+7.680000E-08	1	0	
+9.267000E-08	1	0	
+8.721600E-08	1	0	
+7.022400E-08	1	0	
+7.425000E-08	1	0	
+9.963000E-08	1	0	
+8.394000E-08	1	0	
+9.304200E-08	1	0	
+9.594600E-08	1	0	
+6.775800E-08	1	0	
+5.300400E-08	1	0	
+4.493400E-08	1	0	
+3.644400E-08	1	0	
+7.390800E-08	1	0	
+5.539800E-08	1	0	
+7.264200E-08	1	0	
+5.997600E-08	1	0	
+4.810800E-08	1	0	
+6.782400E-08	1	0	
+6.855000E-08	1	0	
+6.393000E-08	1	0	
+5.951400E-08	1	0	
+3.419400E-08	1	0	
+5.830800E-08	1	0	
+2.781000E-08	1	0	
+2.963736E-06	4	0	
+3.665946E-06	4	8	
+1.674372E-06	4	0	
+1.024680E-07	2	0	
+1.273020E-07	2	0	
+1.148760E-07	2	0	
+1.311240E-07	2	0	
+1.436340E-07	2	0	
+1.233360E-07	2	0	
+1.332240E-07	2	0	
+1.321200E-07	2	0	
+1.512480E-07	2	0	
+1.650360E-07	2	0	
+1.412820E-07	2	0	
+1.427160E-07	2	0	
+1.525380E-07	2	0	
+1.143720E-07	2	0	
+1.310460E-07	2	0	
+8.973000E-08	2	0	
+1.267320E-07	2	0	
+1.152540E-07	2	0	
+1.181220E-07	2	0	
+1.765920E-07	2	0	
+1.462500E-07	2	0	
+1.165620E-07	2	0	
+1.145940E-07	2	0	
+1.153140E-07	2	0	
+1.230660E-07	2	0	
+1.137540E-07	2	0	
+1.577760E-07	2	0	
-2.884704E-06	3	0	
-3.617112E-06	3	8	
-1.513512E-06	3	0	
+1.092900E-07	1	0	
+7.218000E-08	1	0	
+8.854200E-08	1	0	
+8.163000E-08	1	0	
+7.558800E-08	1	0	
+6.333600E-08	1	0	
+3.536400E-08	1	0	
+7.927200E-08	1	0	
+6.892800E-08	1	0	
+8.182800E-08	1	0	
+1.113240E-07	1	0	
+1.028160E-07	1	0	
+1.240740E-07	1	0	
+7.084200E-08	1	0	
+8.761800E-08	1	0	
+1.124820E-07	1	0	
+1.108740E-07	1	0	
+6.804000E-08	1	0	
+7.965000E-08	1	0	
+1.119780E-07	1	0	
+8.382600E-08	1	0	
+8.187000E-08	1	0	
+6.867600E-08	1	0	
+5.998200E-08	1	0	
+5.838600E-08	1	0	
+6.251400E-08	1	0	
+6.325200E-08	1	0	
+2.967516E-06	4	0	
+3.665952E-06	4	8	
+1.674996E-06	4	0	
+1.045380E-07	2	0	
+9.830400E-08	2	0	
+1.186920E-07	2	0	
+1.390980E-07	2	0	
+1.070040E-07	2	0	
+1.127160E-07	2	0	
+1.320600E-07	2	0	
+1.416600E-07	2	0	
+1.208520E-07	2	0	
+1.281360E-07	2	0	
+1.316160E-07	2	0	
+1.343400E-07	2	0	
+1.309740E-07	2	0	
+1.063920E-07	2	0	
+1.085280E-07	2	0	
+1.196220E-07	2	0	
+1.211220E-07	2	0	
+1.147260E-07	2	0	
+1.019280E-07	2	0	
+1.281120E-07	2	0	
+1.067640E-07	2	0	
+9.003000E-08	2	0	
+1.155660E-07	2	0	
+1.312440E-07	2	0	
+1.187100E-07	2	0	
+1.127100E-07	2	0	
+1.194240E-07	2	0	
-2.880660E-06	3	0	
-3.617118E-06	3	8	
-1.546020E-06	3	0	
+7.832400E-08	1	0	
+9.930000E-08	1	0	
+9.394800E-08	1	0	
+8.050200E-08	1	0	
+6.213600E-08	1	0	
+6.691800E-08	1	0	
+8.032800E-08	1	0	
+9.733800E-08	1	0	
+1.006620E-07	1	0	
+1.035540E-07	1	0	
+1.145220E-07	1	0	
+6.909000E-08	1	0	
+9.619200E-08	1	0	
+9.450000E-08	1	0	
+1.029360E-07	1	0	
+1.061460E-07	1	0	
+1.022940E-07	1	0	
+1.078080E-07	1	0	
+1.018020E-07	1	0	
+1.203360E-07	1	0	
+1.107300E-07	1	0	
+1.021800E-07	1	0	
+6.379800E-08	1	0	
+6.513000E-08	1	0	
+1.043160E-07	1	0	
+9.721200E-08	1	0	
+8.317200E-08	1	0	
+2.967564E-06	4	0	
+3.665958E-06	4	8	
+1.670448E-06	4	0	
+1.203000E-07	2	0	
+1.407360E-07	2	0	
+1.344300E-07	2	0	
+1.100940E-07	2	0	
+8.889600E-08	2	0	
+1.190760E-07	2	0	
+1.138260E-07	2	0	
+1.475040E-07	2	0	
+1.318440E-07	2	0	
+1.318860E-07	2	0	
+1.131840E-07	2	0	
+1.383480E-07	2	0	
+1.346580E-07	2	0	
+1.567200E-07	2	0	
+1.496940E-07	2	0	
+1.369920E-07	2	0	
+1.471260E-07	2	0	
+1.360020E-07	2	0	
+1.185000E-07	2	0	
+1.616160E-07	2	0	
+1.561920E-07	2	0	
+1.504800E-07	2	0	
+1.522680E-07	2	0	
+1.373880E-07	2	0	
+1.462740E-07	2	0	
+1.227300E-07	2	0	
+1.197900E-07	2	0	
-2.886282E-06	3	0	
-3.617118E-06	3	8	
-1.524840E-06	3	0	
+9.705000E-08	1	0	
+5.830200E-08	1	0	
+7.024800E-08	1	0	
+6.750000E-08	1	0	
+6.606000E-08	1	0	
+5.853000E-08	1	0	
+6.327000E-08	1	0	
+8.302800E-08	1	0	
+5.954400E-08	1	0	
+8.476200E-08	1	0	
+8.850600E-08	1	0	
+1.119000E-07	1	0	
+1.012620E-07	1	0	
+1.033920E-07	1	0	
+9.960600E-08	1	0	
+1.381320E-07	1	0	
+1.066080E-07	1	0	
+1.071660E-07	1	0	
+1.556760E-07	1	0	
+1.330920E-07	1	0	
+1.349820E-07	1	0	
+1.527600E-07	1	0	
+1.472100E-07	1	0	
+1.341300E-07	1	0	
+1.285440E-07	1	0	
+1.028280E-07	1	0	
+1.217880E-07	1	0	
+2.981982E-06	4	0	
+3.665952E-06	4	8	
+1.708224E-06	4	0	
+1.746660E-07	2	0	
+1.691880E-07	2	0	
+1.649160E-07	2	0	
+1.572240E-07	2	0	
+1.652280E-07	2	0	
+1.528800E-07	2	0	
+1.722600E-07	2	0	
+1.493640E-07	2	0	
+1.713300E-07	2	0	
+1.501080E-07	2	0	
+1.739940E-07	2	0	
+1.426860E-07	2	0	
+1.691520E-07	2	0	
+1.671480E-07	2	0	
+1.486200E-07	2	0	
+2.033100E-07	2	0	
+1.540320E-07	2	0	
+1.968060E-07	2	0	
+1.666860E-07	2	0	
+1.814700E-07	2	0	
+1.839960E-07	2	0	
+1.590720E-07	2	0	
+1.772040E-07	2	0	
+1.519320E-07	2	0	
+1.680000E-07	2	0	
+1.799700E-07	2	0	
+1.824120E-07	2	0	
-2.872650E-06	3	0	
-3.617106E-06	3	8	
-1.502910E-06	3	0	
+1.159140E-07	1	0	
+9.515400E-08	1	0	
+1.028580E-07	1	0	
+1.133640E-07	1	0	
+7.767000E-08	1	0	
+8.692800E-08	1	0	
+1.099680E-07	1	0	
+1.042440E-07	1	0	
+1.077000E-07	1	0	
+1.179900E-07	1	0	
+1.062660E-07	1	0	
+1.202760E-07	1	0	
+1.411680E-07	1	0	
+1.276740E-07	1	0	
+1.304280E-07	1	0	
+1.112400E-07	1	0	
+1.138680E-07	1	0	
+1.266120E-07	1	0	
+1.330680E-07	1	0	
+1.426020E-07	1	0	
+1.504860E-07	1	0	
+1.298100E-07	1	0	
+1.276020E-07	1	0	
+1.152240E-07	1	0	
+1.421160E-07	1	0	
+1.195560E-07	1	0	
+1.136100E-07	1	0	
+2.995236E-06	4	0	
+3.665964E-06	4	8	
+1.704324E-06	4	0	
+1.441200E-07	2	0	
+1.719300E-07	2	0	
+2.053740E-07	2	0	
+1.857840E-07	2	0	
+1.630200E-07	2	0	
+1.738200E-07	2	0	
+1.835760E-07	2	0	
+1.577400E-07	2	0	
+1.430340E-07	2	0	
+1.278240E-07	2	0	
+1.667460E-07	2	0	
+1.525500E-07	2	0	
+1.618560E-07	2	0	
+1.477680E-07	2	0	
+1.317000E-07	2	0	
+1.296420E-07	2	0	
+1.430700E-07	2	0	
+1.389840E-07	2	0	
+1.390500E-07	2	0	
+1.269360E-07	2	0	
+1.417260E-07	2	0	
+1.246440E-07	2	0	
+1.437180E-07	2	0	
+1.449660E-07	2	0	
+1.690440E-07	2	0	
+1.430100E-07	2	0	
+1.648080E-07	2	0	
-2.875848E-06	3	0	
-3.617118E-06	3	8	
-1.504584E-06	3	0	
+1.270080E-07	1	0	
+1.354320E-07	1	0	
+1.231140E-07	1	0	
+1.101240E-07	1	0	
+1.349880E-07	1	0	
+1.396980E-07	1	0	
+1.419660E-07	1	0	
+1.205940E-07	1	0	
+9.966600E-08	1	0	
+8.409000E-08	1	0	
+1.348920E-07	1	0	
+1.307760E-07	1	0	
+1.276320E-07	1	0	
+1.110300E-07	1	0	
+1.273740E-07	1	0	
+1.050180E-07	1	0	
+1.225020E-07	1	0	
+1.852560E-07	1	0	
+1.182720E-07	1	0	
+9.990600E-08	1	0	
+1.361280E-07	1	0	
+1.057380E-07	1	0	
+1.073640E-07	1	0	
+1.293120E-07	1	0	
+1.537560E-07	1	0	
+1.422180E-07	1	0	
+1.561860E-07	1	0	
+2.984238E-06	4	0	
+3.665958E-06	4	8	
+1.701864E-06	4	0	
+1.489020E-07	2	0	
+1.955760E-07	2	0	
+1.755300E-07	2	0	
+2.137380E-07	2	0	
+2.097660E-07	2	0	
+1.910880E-07	2	0	
+1.940460E-07	2	0	
+1.927320E-07	2	0	
+2.143140E-07	2	0	
+1.783020E-07	2	0	
+1.586880E-07	2	0	
+1.631160E-07	2	0	
+1.401420E-07	2	0	
+1.821120E-07	2	0	
+1.608000E-07	2	0	
+1.463700E-07	2	0	
+1.624320E-07	2	0	
+1.669920E-07	2	0	
+1.813800E-07	2	0	
+1.969440E-07	2	0	
+1.804380E-07	2	0	
+1.497120E-07	2	0	
+1.831800E-07	2	0	
+1.850220E-07	2	0	
+1.843140E-07	2	0	
+1.630500E-07	2	0	
+1.506720E-07	2	0	
-2.878542E-06	3	0	
-3.617112E-06	3	8	
